1
102400
4
4102
1110040
10
213001
13
12301
1024000
4111
1200130
213010
2302000
221200
2101300
22
1110022
12310
4120
4010020
31
1110031
131101
34
2003002
131110
340000
4010011
40
41002
43
4010002
4100110
41011
4100101
41020
1200211
4010110
1110100
1110103
4010101
1200220
2003020
2011210
4100200
1200202
2003011
2011201
1020013
1110130
100
2220100
1020010
103
4201
1020004
1020001
213100
1020031
12400
112
2130001
4210
123001
1020022
121
2130010
124
2212000
130
131200
2003101
123010
133
1020040
41101
142
2130100
41110
1102000
1102003
1200310
1401010
1110202
1102012
2003110
2011300
1401001
1200301
1020103
202
1020100
4300
211
2040010
1102021
1020121
214
220
1110220
123100
1102030
2040001
223
1020112
4010200
4002010
232
33001
4002001
1020130
41200
241
33010
1200400
1102102
4002100
1311001
1110301
1401100
2003200
1012012
1020202
201001
1012003
301
1012000
201004
2122000
304
1012030
201010
1020220
310
1311010
1110310
201013
1102120
313
1012021
2040100
1020211
201022
322
201031
331
33100
201040
340
3101002
1311100
1102201
3400000
3101020
3101011
1221010
3310000
1020301
3101101
1012102
201103
201100
400
1110400
1102210
403
410002
3011002
1012120
111001
1020310
3101110
1221001
201112
412
410011
111004
2032000
410020
201121
111010
111013
421
201130
430
111022
111031
111040
1303000
1102300
2200000
3011020
2200003
1004011
1012201
1131001
2200012
1004002
3011011
201202
410101
2200021
410110
201211
1004020
1012210
111100
1221100
111103
2200030
1020400
320002
2200102
201220
21001
3011110
21004
2200111
320011
2110000
320020
3220000
21010
2110003
1131010
21013
2200120
111130
2110012
21022
21031
21040
3011101
3101200
1004110
1012300
1000012
1004101
1000003
1131100
1000000
1000030
3003001
201301
1000024
402001
103000
1213000
103003
1000021
402010
201310
410200
320101
111202
1000042
2110021
103012
1041001
320110
103021
21100
2110030
1000033
21103
230002
111220
103030
230011
21112
1041010
21121
230020
2110120
21130
2020030
1000111
1004200
2200201
1123000
1000102
2020021
3011200
3003010
2020012
402100
2200210
1000123
2110102
1000120
201400
2020003
1000114
2020000
3130000
103102
1000141
1041100
111301
312001
103111
13000
13003
1000132
2401000
320200
2200300
312010
111310
103120
2102002
21202
13012
230101
2110201
2102011
21211
230110
13021
140002
21220
13030
140011
3003100
140020
1000204
2020120
1000201
1000222
2020111
2020102
1000213
1000210
312100
103201
2110210
2102020
1033000
1000231
111400
103210
3040000
13102
222001
21301
13111
222010
230200
21310
1000240
13120
140101
140110
1000303
1000300
1201012
2012020
2020210
1201021
2102101
2012011
2020201
1000312
1201003
1201000
2311000
2110300
2012002
2102110
304000
103300
1000330
1000321
13201
1201030
222100
2102200
21400
13210
132001
132010
140200
4101010
4101001
4011001
1410001
1111000
1111003
1410010
2012110
2020300
4101100
1000411
2012101
1201102
1000402
300004
300001
1111030
1000
2221000
300013
1003
1000420
300010
300022
1201120
214000
13300
1012
300031
1021
1024
1030
132100
1033
300040
42001
1042
2131000
42010
1410100
1201201
3200020
1201210
3200002
2004010
2012200
3200011
4011010
2004001
300100
300103
1021003
1021000
1102
210001
1021021
300112
3110011
1320001
3200101
210004
1111
210010
1114
1021012
3110002
300121
1320010
3200110
210013
1120
4011100
124000
1123
210022
300130
1021030
210031
1132
42100
1141
210040
1402000
4003000
1201300
2000023
1103002
2000020
2000014
2000011
2004100
2000002
1021102
1230001
1230010
3110020
300202
1320100
1201
1103011
210103
1204
2041000
2000041
210100
300211
300220
1210
1103020
1213
2000032
120001
210112
3020011
120004
1222
210121
120010
3020002
120013
1021120
1231
34000
210130
120022
1240
3020020
120031
2000122
120040
1103101
2000113
2000110
3110110
2000104
3200200
3110101
2000101
1013002
1230100
300301
202003
300310
2000140
202000
1013020
1312000
1300
1111300
3102010
1021210
1103110
3110200
1303
210202
1013011
2000131
3102001
1021201
202012
1312
210211
120100
120103
202021
1321
202030
210220
1140001
30001
120112
1330
30004
120121
30010
1140010
30013
2000221
120130
30022
2000212
30031
2000203
2000200
30040
3020110
1222000
1013101
3020101
1103200
300400
202102
2000230
1013110
1402
1021300
202111
210301
411001
112000
112003
1411
411010
210310
3020200
3012010
2201002
120202
202120
3012001
1420
112012
2201011
120211
30100
112021
1140100
30103
2201020
120220
112030
30112
2000311
30121
2000302
30130
3102100
202201
411100
2000320
1013200
202210
210400
112102
120301
321001
22000
1132000
22003
321010
120310
112120
30202
22012
4200001
30211
2000410
22021
4200010
30220
2111020
22030
2000401
1001002
1300021
3012100
2201101
1300030
1300003
1001023
1300000
1001020
2410000
2201110
1001014
2111002
1001011
403000
202300
1300012
104002
1001032
321100
112201
104011
3004000
2201200
120400
112210
104020
22102
231001
30301
1001041
1042000
22111
231010
30310
22120
1210003
1210000
2021020
1001101
4110010
1300120
2021011
1210012
4110001
2021002
1300102
1001113
1001110
1300111
1001104
100000
100003
2320000
1001131
104101
313000
112300
100012
1001122
104110
14002
100021
1210021
100024
22201
1001140
14011
1210030
100030
231100
100033
30400
2111200
2103010
22210
14020
3000040
100042
141001
141010
2230000
3000013
1300210
4200100
1210102
3000010
2021110
3000004
3000001
3000031
2021101
1001212
2103001
1300201
3000022
1001203
1001200
1001230
1120021
100102
3000100
104200
3000103
1001221
100111
1120030
10000
1120000
1120003
10003
100114
3000121
14101
4020010
100120
1210120
100123
223000
4020001
2103100
22300
10012
3000112
1120012
14110
100132
10021
10024
4110100
100141
10030
141100
10033
10042
2140000
1202002
1202011
1210201
2013010
4102000
2021200
1001311
2013001
1001302
1300300
1001320
100201
1120120
100204
3000130
1210210
1030012
100210
100213
1202020
10102
1120102
14200
1030003
1030000
100222
10111
1030030
10114
100231
10120
133000
1030021
10123
100240
10132
10141
3000202
1202101
1202110
1411000
1210300
3000220
2013100
1001401
4020100
3000211
3000301
3201010
1120210
1112020
301000
100300
1001410
100303
301003
301012
1030111
2002
1112002
1120201
3201001
1030102
301021
100312
10201
3000310
2011
10204
4012000
2014
100321
301030
10210
2020
10213
1030120
2023
100330
10222
2032
10231
43000
2041
10240
1202200
301102
100402
301111
1022011
2101
1030201
211003
2104
100411
211000
1321000
10300
1120300
1022002
2110
10303
2300002
2113
301120
100420
211012
2300011
10312
2122
1022020
1030210
3111010
211021
10321
2131
211030
2300020
10330
2140
2001022
2001013
2001010
2001004
3111001
2001001
3201100
3000400
1231000
2001040
1104001
1022110
1030300
3111100
301201
2200
1112200
2001031
1104010
1022101
2203
211102
301210
10402
2212
420001
121000
121003
10411
420010
2221
211120
10420
121012
2230
121021
2210020
2001112
121030
2001103
2001100
1100020
2300101
1100023
3021001
2300110
301300
1100002
2210002
2001130
1104100
1014010
1022200
203002
2210011
1100011
3021010
2302
1100014
1014001
2001121
203011
3021100
420100
211201
2311
211210
2300200
203020
121102
1100032
2320
330001
2210101
31000
1141000
1100041
31003
330010
2210110
121120
4000030
31012
2001211
4000021
2001202
31021
4000012
31030
3103000
4000000
4000003
1100113
4000120
1100122
1010014
4000111
1010011
1100101
1100104
2001220
4000102
1014100
1010002
203101
1100110
2401
2120002
203110
412000
211300
1010023
2410
1010020
113002
2120011
121201
330100
113011
1100131
2120020
1010041
121210
1100140
113020
31102
1010032
2001310
240001
2120101
31111
240010
2001301
2120110
31120
1100212
3013000
2030011
2030002
1100221
2202001
1010110
1010104
1100200
2210200
1010101
2202010
1100203
203200
1010122
113101
1010113
1010140
322000
2202100
121300
1100230
113110
2030020
23002
1010131
31201
23011
2001400
240100
31210
23020
4000210
4000201
2030110
1301011
1100311
2030101
1301020
4000300
1002013
1010203
1002010
1010200
1301002
1002004
1100302
1002001
1002031
2112001
1010221
2120200
1002022
2112010
1010212
1100320
113200
1002040
1010230
23101
232000
31300
2112100
23110
1100401
2022010
1301110
2030200
4201000
1211002
1100410
2022001
1010302
1002103
1002100
1301101
400003
3001000
400000
3001003
1002121
1010311
400012
101002
1002112
3001021
101011
3300001
400021
101014
400030
3300010
3001012
1002130
101020
1211020
101023
1010320
23200
4111000
101032
101041
142000
1301200
2022100
1002202
2104000
400102
1002220
1010410
400111
3001030
1002211
101101
1121020
1010401
101104
310000
1420000
310003
101110
310012
101113
11002
1121002
400120
2100001
310021
101122
11011
2100004
11014
310030
2100010
101131
11020
2100013
3001120
11023
101140
2100022
11032
2100031
3210001
11041
3001102
3210010
1203001
2014000
1002301
4021000
3300100
3001111
1330000
3210100
1002310
400201
1203010
101200
1211200
310102
101203
400210
1031002
3001210
310111
3001201
101212
11101
220003
11104
220000
1031020
101221
11110
2100040
11113
310120
1031011
220012
101230
11122
220021
11131
220030
2100130
2010013
2010010
11140
2010004
1203100
2010001
1121200
1113010
2100100
3120010
2010040
2100103
400300
3120001
1002400
2100112
2010031
1031101
302002
101302
2010022
3001
1113001
2100121
3004
310201
101311
302011
302020
11200
3010
11203
3013
220102
310210
101320
1031110
2100202
3120100
220111
11212
3022
130000
1240000
130003
2100211
3030010
11221
3031
220120
2100220
130012
11230
3030001
3202000
3040
130021
2010103
2010100
130030
3001300
2010130
302101
1023001
2010121
310300
101401
302110
3100
1113100
2010112
3103
212002
101410
11302
3112
212011
220201
1023010
1031200
11311
220210
3121
212020
130102
11320
3130
130111
40000
2002012
40003
2010202
130120
40012
2002003
2002000
40021
40030
2301001
2100301
3112000
2002030
2301010
2010220
1023100
2100310
3030100
2002021
302200
2010211
3202
212101
11401
3211
212110
421000
220300
2301100
2100400
11410
122002
3220
2211001
130201
122011
3022000
4300000
2002111
2010301
130210
122020
40102
2002102
40111
40120
1400020
4001020
1101010
1101013
4001011
1101022
2002120
1400002
4001002
2010310
1101001
1101004
1400011
1101040
204001
2211010
3301
204010
212200
3310
122101
1101031
331000
130300
122110
32002
2002201
2121001
40201
32011
4210000
2121010
40210
32020
1310002
1310011
1400101
1011004
1011001
1400110
2002210
1101100
2211100
2010400
1101103
200002
1011022
3100012
204100
3400
200011
1011013
3100003
200014
1011010
3100000
114001
3100030
200023
1310020
200020
1011031
2203000
122200
3100021
1101130
114010
2002300
200032
32101
200041
4001110
241000
40300
32110
1011040
4001101
1101202
1310101
2031001
4001200
1310110
1011103
1011100
1400200
1220020
200101
200104
2121100
200110
1220002
200113
110002
1101220
1011130
114100
1220011
200122
110011
2031010
110014
200131
24001
3010030
110020
110023
2113000
32200
3010021
24010
200140
110032
110041
3100111
1302001
2031100
1101301
1302010
3100102
1310200
1101310
3010012
1003003
1003000
3100120
3010000
4120000
3010003
1003021
1130002
3100201
200203
1130011
200200
1003012
4030000
1011202
3010111
110101
1220101
200212
1003030
110104
3010102
1011220
1220110
3100210
200221
110110
110113
20002
24100
200230
20011
110122
20014
110131
20020
1130020
20023
110140
20032
2023000
1302100
1101400
20041
1003102
1011310
1130101
3010120
1003111
1011301
401002
200302
1130110
102001
1212001
200311
102004
401011
1212010
110200
1220200
401020
110203
102010
102013
1003120
200320
1040011
20101
110212
102022
20104
3002020
110221
1040002
102031
20110
3010210
20113
110230
102040
20122
1040020
3100300
20131
20140
3010201
3002011
3301000
3002002
1122001
1003210
1011400
3211000
1130200
1122010
401101
1003201
401110
3010300
200401
3002110
102100
1212100
102103
3002101
200410
311002
110302
1040110
12001
102112
12004
110311
311011
20200
311020
102121
1040101
12010
20203
12013
110320
102130
20212
12022
20221
12031
2101030
20230
12040
2400001
1122100
2101000
1003300
2101003
2400010
1204000
2101012
401200
311101
102202
2101021
2400100
110401
102211
311110
12100
1032010
3121000
1040200
12103
221002
110410
102220
1032001
20302
2101102
221011
12112
2310001
20311
2310010
12121
221020
20320
12130
2011003
2011000
3002200
1114000
1200022
2011030
4100020
1200031
1200001
2011021
4100011
1200004
1200010
2011012
4100002
102301
303001
1200013
4000
2101120
4003
311200
303010
102310
12202
1032100
4012
221101
20401
12211
4021
221110
430000
1200040
20410
131002
12220
4030
2220001
2011102
131011
2220010
131020
1110001
1200112
1110004
1110010
1200121
1110013
2011120
2101201
1200103
3031000
1200100
2310100
303100
2101210
