311301
3
303111
1032201
3113001
2400300
213003
311310
213000
12
1024002
2302002
221202
3031101
303120
21
213012
2302011
24
2310201
1024020
1032210
3113010
131103
30
131100
213021
1040400
3121200
33
213030
221220
41001
42
3203100
41004
41010
41013
131130
41022
2130021
41031
2130030
41040
2310210
1032300
303201
102
2302020
2220102
3031110
311400
213102
303210
111
2130000
114
2130003
221301
120
123000
2220120
123003
123
2130012
221310
131202
2212002
213120
132
123012
4301001
2220201
3023010
123021
41100
141
3031200
41103
144
4301010
2220210
2212020
2130102
131220
123030
3113100
41130
2302101
3023001
1401000
2302110
1401003
2310300
303300
2040030
1024200
201
2040021
204
3023100
210
213201
1401030
2040012
213
213210
2302200
221400
2040003
222
2040000
123102
231
131301
33000
2130120
234
33003
131310
240
123120
41202
243
33012
33021
2130210
2122020
41220
33030
1311000
1311003
1311030
2040120
300
2220300
303
2122002
213300
312
2130201
2040102
2204001
123201
321
324
2212200
330
131400
2204010
123210
333
33102
41301
342
33111
2130300
41310
33120
3400020
4301100
3400002
3400011
3310002
3310011
2032020
2040210
402
410004
2032011
2040201
3400101
410001
1221003
1221000
410013
411
410010
2032002
3400110
414
410022
420
123300
423
410031
432
33201
1221030
4203000
41400
441
33210
410040
1401300
1303002
2204100
1131000
1131003
1303011
2032110
410103
410100
2040300
3310020
2122200
2032101
1303020
320004
3220020
320001
1131030
320013
320010
320022
3220002
33300
410130
3220011
320031
4031010
4031001
3310101
320040
3310110
1303101
3400200
4031100
1000014
3302001
1000011
3302010
3310200
1000002
1213020
1311300
2024010
402003
1303110
4113000
402000
2032200
1000023
1213002
402012
1000020
410202
2024001
320100
320103
1000044
402021
1041003
1000041
1041000
402030
410220
1000032
230001
320112
230004
230010
320121
230013
230022
320130
1041030
3130020
230031
230040
1000110
1221300
1000104
1000101
1123002
402102
1303200
3220101
3130011
1000122
2024100
410301
3130002
1000113
3220110
1000143
410310
1000140
312000
312003
312012
1000134
1000131
2401002
320202
402120
3212001
3130110
312021
230103
230100
320211
2401020
320220
3220200
312030
3130101
3212010
1123020
140001
230112
4023000
3302100
140004
140010
230121
140013
230130
140022
140031
1213200
1000203
1000200
140040
1000221
1000212
402201
312102
402210
1033002
3040011
1000233
410400
1000230
320301
3040002
1000224
222003
320310
1033020
222000
1131300
230202
3040020
1033011
312120
1000242
222012
230211
3040110
140103
140100
222021
3040101
222030
2311020
230220
140130
1000302
1000314
3212100
3122010
3130200
1000311
2311002
402300
3122001
1033101
1000332
304002
1000323
312201
1000320
304011
3204000
304020
1123200
2401200
320400
222102
312210
1033110
1000341
1041300
3122100
230301
132003
132000
230310
4400100
140202
222120
132012
4310001
132021
4310010
132030
140220
4400001
1410000
1410003
4400010
1000413
1000410
1000404
1000401
1000431
304101
3032010
3040200
312300
1000422
1002
304110
2221002
3032001
214002
1011
1014
1000440
222201
1410030
1020
2221020
1033200
1023
2303010
222210
2311200
230400
132102
214020
1032
3032100
140301
42000
1041
42003
140310
1044
4310100
2131002
132120
42012
4220001
42021
4220010
42030
2303001
3114000
1320021
1320030
304200
1101
1104
1320000
1110
1320003
1320012
1113
2303100
222300
1122
124002
132201
1131
2131020
1134
132210
140400
1140
124020
42102
1143
2000031
4220100
1402002
2000022
42120
2000013
2000010
2000004
2000001
1230003
1230000
2041020
2213001
1320120
3024000
1230012
1200
1402020
2221200
1320102
2213010
1203
2000043
2041002
2000040
214200
2000034
1212
1221
1224
2213100
132300
1230
1233
34002
1230021
2123001
42201
1242
34011
1230030
2000124
42210
34020
4130010
2000121
1410300
4130001
2000112
4302000
2000103
2000100
1312020
3401010
1230102
1320210
4130100
2000142
1312002
1302
3401001
2000133
2000130
1320201
1311
2131200
2123010
1314
1320
124200
1323
1140030
1140000
1140003
1332
34101
1230120
42300
1341
34110
2000223
2000220
2000214
1402200
2000211
2000202
4212000
1222002
1230201
2033010
2041200
2000241
2033001
2000232
4040010
1320300
1401
4040001
2123100
1404
411003
411000
1410
1413
1422
1230210
411030
3311010
1222020
1431
34200
4040100
1440
2000313
2000310
3311001
4122000
2000304
2000301
3401100
2000340
1230300
3311100
1304001
2033100
2000331
1304010
2000322
1312200
1132020
321000
321003
321012
1132002
321021
2410020
321030
2000412
2000403
2000400
1001004
3221010
1001001
1222200
2000430
1001022
2410002
1304100
3221001
1001013
2000421
403002
4032000
1001010
1001034
403011
1001031
403020
321102
3131001
231003
231000
1001043
1140300
1042002
3221100
1001040
321120
231012
3303000
1042020
231021
231030
1001103
1001100
403101
403110
2320002
1001133
411300
100002
1001130
2320011
100011
3131010
313002
100014
100020
321201
100023
2320020
313011
313020
1132200
231102
321210
100032
2320101
3000042
3041001
100041
141003
141000
3000033
2320110
100044
2230002
231120
2230011
3041010
3000012
141030
3000000
3000003
3000030
3131100
3000024
2402001
3000021
3213000
2410200
1001202
2402010
3000111
100101
403200
1001223
100104
313101
3000102
1001220
100110
2402100
321300
100113
10002
313110
3000120
1034010
3000123
3123000
1042200
223002
100122
10011
1034001
10014
1001232
3000114
223011
231201
100131
10020
2230020
10023
100134
231210
4401000
100140
100143
223020
10032
10041
10044
2140002
1001310
2140020
1001304
1001301
3000141
2312001
3041100
1001322
3000132
2312010
100200
100203
2320200
1001313
1001340
313200
100212
10101
2230101
10104
1034100
2230110
1001331
100221
223101
10110
100224
10113
223110
3033000
231300
2312100
100230
133002
100233
3000231
10122
2222001
133011
100242
10131
10134
4311000
2230200
2222010
10140
3000240
133020
10143
3000204
3000201
3000222
1001403
1001400
3000213
3000210
3000300
3000303
100302
2001
2004
3000312
100311
10200
1001430
2010
10203
100314
2013
100320
100323
223200
10212
2022
100332
10221
2031
133101
10224
2034
133110
100341
10230
141300
2040
10233
43002
2043
2132001
10242
43011
4221000
2140200
2132010
43020
2304000
3000330
1321020
3000321
100401
2100
2222100
100404
2103
100410
100413
1321002
10302
2112
100422
10311
3000420
2121
10314
2124
100431
10320
2214000
133200
2130
10323
2133
100440
10332
43101
2142
2001021
3410001
10341
43110
2001012
1403001
3410010
2001003
2001000
3000411
3000402
3410100
2042010
4131000
1231002
2001042
2042001
2001033
1403010
2001030
2202
2001024
10401
2211
2132100
10404
420003
420000
2214
420012
10410
2220
10413
2223
420021
10422
420030
2232
1231020
10431
2124000
43200
2241
10440
1403100
2001102
1321200
1313010
1100022
2042100
1100031
1100001
2001132
3320001
1100004
3320010
1100010
1313001
1100013
2001123
2301
2001120
3230001
2304
420102
2310
2313
3230010
1100034
2322
4000041
330000
4041000
3320100
330003
1100040
330012
1100043
2331
4000032
420120
330021
3402000
2001213
2001210
2340
4000020
4000023
2001204
330030
2001201
4000014
4000011
4000002
2001240
4000122
1223001
4000113
2034000
2001231
1010013
4000110
1100100
4000104
1010010
1100103
4000101
1313100
2001222
1010004
1010001
1010031
2400
2403
412002
1010022
2412
420201
1223010
1231200
1100130
412020
330102
1010043
420210
1100133
2421
1010040
330111
1010034
2430
240003
240000
3140010
2001303
2001300
330120
3140001
240012
240021
240030
3230100
2001330
1100220
1223100
1100223
4000140
3312000
2001321
1010103
1100202
1010100
4000131
2001312
3222000
1133010
420300
322002
1133001
1100232
1010133
4000230
330201
1010130
322011
4000221
322020
2001402
240102
330210
4000212
4000200
4000203
240120
1100304
1100310
1100313
4000311
2001420
4000302
1002012
1010202
1002003
1100301
1002000
1010223
1002030
1010220
1100340
1002024
404001
1002021
3140100
404010
412200
322101
1100322
1002042
1043001
1010232
330300
322110
1100331
1133100
1002033
232002
232011
2321001
240201
1043010
3132000
2321010
240210
232020
1100400
1100403
1010301
1002102
4000320
404100
1002123
1010313
3001002
1002120
101001
1010310
101004
1010304
3001020
3001023
1043100
101010
1010331
101013
314001
1002132
3001014
2403000
322200
1010322
1100430
314010
3001011
101022
232101
101031
4000410
1010340
101034
4000401
232110
240300
142002
101040
101043
2231010
142020
4410000
1002204
1002201
1420020
1002222
3001032
1002213
1010403
1002210
101100
101103
2321100
1010400
314100
1010430
1420002
1002231
11001
2231001
11004
3001041
3042000
2100000
224001
11010
2100003
11013
3001131
224010
2313000
232200
101130
2100012
101133
11022
1002240
3001122
2100021
11031
2100024
3001140
11034
2100030
2231100
11040
3001101
11043
4230000
1002303
1002300
3001113
3001110
3001104
4320000
1330002
1002312
1330011
3001212
101202
1002330
11100
3001200
3001203
1002321
11103
2100033
101220
101223
224100
2100042
1330020
101232
134001
134010
142200
11130
11133
2010012
2100132
2010003
2010000
1330101
3001230
2010042
2100102
3001221
1330110
1002402
2010033
2010030
101301
2010024
3000
2100120
2223000
101304
3003
2100123
2010021
1002420
1420200
101310
101313
11202
3012
3001320
1240020
2100201
101322
2100204
3021
1240002
3024
2100210
101331
11220
2100213
3030
134100
11223
3033
101340
2100222
4140000
11232
44001
3042
2010102
44010
3001311
3001302
1322001
2010132
1330200
3411000
1322010
3001401
2010123
2010120
101400
101403
3102
11301
2100231
3111
2133000
11304
3114
11310
2100240
3120
11313
3123
101430
11322
3132
2002014
2100321
2010204
11331
44100
2002011
3141
2010201
2100330
2002002
11340
1322100
2043000
2002041
2010231
2100300
2002032
2100303
3001410
2010222
1404000
2100312
2002023
2002020
2010213
2010210
3201
3204
11400
3210
11403
421002
3213
2100402
1232001
3222
1232010
3321000
1240200
421020
2010240
3231
2002110
2010303
2010300
2002104
11430
3240
2002101
2002140
4001022
2010330
1314000
4001013
2002131
4001010
2010321
4001004
4001001
2002122
2010312
1101000
1101003
2002113
3300
2100420
3303
3312
1232100
1101030
1101033
3321
331002
3330
2002203
2420001
2002200
331011
331020
2420010
2002230
3231000
2010420
4001040
2002221
1011003
1011000
4001031
2002212
2010402
3100014
200001
3100011
200004
200010
3402
3100002
200013
413001
1224000
3411
413010
200022
1011033
421200
4001130
3100023
331101
1011030
3100020
200031
3420
2002302
200034
331110
200043
241002
200040
4001100
4001103
241020
2002320
4001202
2002311
2420100
1134000
200103
3100041
200100
3141000
413100
3100032
110001
2330001
200112
110004
2330010
200121
110010
110013
323001
200124
200130
3100140
2412000
331200
323010
200133
110022
3010020
3010023
3100131
200142
110031
110034
3010041
2330100
110040
110043
3010032
3100110
1101300
1101303
3100104
3100101
3010014
2002410
1003002
3100122
3010011
4001220
3100113
3010002
2002401
1003023
1101330
1003020
3100203
3100200
200202
1003014
1003011
200211
3100221
3010110
110100
200214
3010104
110103
1003032
323100
3010101
3100212
200223
200220
20001
4001310
2240001
20004
4001301
2240010
233001
20010
200232
20013
1003041
1044000
233010
200241
241200
110130
110133
20022
20031
20034
4001400
2240100
20040
20043
1003101
1003113
3010122
1011303
3100230
1003110
1011300
3010113
200301
1003104
102000
3010140
102003
2322000
200304
1003131
200310
200313
110202
1003122
102012
3010131
3010221
200322
3002031
20100
102021
20103
200331
102024
3010212
3002022
1003140
1011330
110220
110223
3100320
233100
102030
102033
20112
3002040
200340
110232
20121
3010230
143001
102042
20124
143010
3100302
20130
20133
20142
3002013
3010200
3010203
3002010
3100311
3002004
3002001
1003212
1003203
1003200
200403
1003230
3010302
200400
3100410
102102
3002100
3002103
1003221
110301
3100401
200412
12000
110304
2232000
12003
200421
110310
110313
102120
20202
102123
12012
200430
110322
20211
102132
12021
20214
12024
110331
20220
12030
143100
20223
12033
110340
2101032
20232
12042
2142000
20241
1003311
3002121
1003302
2101002
3010311
1331001
3002112
1003320
102201
2101020
3010320
102204
3002130
2101023
3002220
110400
110403
102210
102213
12102
3010410
3010401
20301
3002211
102222
20304
3420000
1331010
20310
102231
12120
20313
12123
110430
102240
20322
2011002
12132
20331
20340
3002202
4100031
2011032
1003401
1200021
4100022
1331100
1200024
1200030
3002301
1200003
2011023
1200000
2011020
4100013
4100010
4100004
1413000
102300
1003410
102303
1200012
4100001
4002
102312
12201
4011
12204
4014
20400
102321
12210
1200033
20403
430002
4020
12213
4023
1200042
102330
20412
430011
12222
4032
430020
20421
12231
4041
2101230
20430
12240
1110000
3330000
1110003
1200123
1200120
3002310
1323000
2101200
2101203
1200102
4100040
1110033
102402
4010040
4101
4104
12300
3002400
4110
12303
4113
4010031
430101
102420
2101302
1200132
430110
12312
4122
4010022
4100130
1110030
4010013
12321
2003004
4131
4010010
2003001
340002
4010004
12330
4010001
4140
340011
340020
4100103
4100100
1200210
2011230
4100220
1200213
4010100
2003031
4010103
1200222
2003022
4100202
2003013
1200201
2003010
2011203
1200204
2011200
1200240
1020012
2101320
4200
4203
1020003
1020000
3240000
1020030
12402
4212
1200231
1020024
422001
1233000
1020021
422010
4221
2003040
430200
340101
2003103
2003100
12420
1020042
4230
340110
1020033
1102002
2003130
2011320
1200312
4010130
2003121
2003112
2011302
1200303
1200300
1102032
1143000
1020102
4302
4010220
422100
4002030
1200321
1102020
1020123
1102023
1020120
4311
1200330
4002021
4320
4002012
332001
4010202
4100310
1020132
4002000
340200
4002003
332010
4100301
4010301
1200402
2003220
4002102
1110300
4100400
1110303
2003211
2003202
1020204
1020201
201003
1110330
201000
2421000
1012002
1020222
4401
1200420
414000
201012
1012023
1020213
4410
1012020
1020210
201021
332100
201024
201030
1020231
3101031
201033
1012032
201042
242001
242010
2331000
1020240
3101040
3101004
3101001
1102200
1102203
2003310
3101022
4002120
3101013
4010310
2003301
3101010
1020303
3101103
1020300
3101100
1102230
201102
3011004
3011001
1020312
111000
111003
4010400
4002210
201123
201120
4002201
324000
1020330
1020321
201132
242100
111030
111033
4002300
2200032
2200041
2241000
3011040
1102302
2003400
1102320
1004013
2200002
3011022
1430001
1012203
1004010
3101130
1012200
3011013
2200011
1004004
1004001
1430010
2200014
3011010
1004031
201201
2200020
2200023
201204
1004022
201210
3011031
1020402
201213
2200101
201222
1004040
21000
2200104
1012230
21003
1020420
3101220
201231
2200110
2200113
2110002
234000
21012
3011130
2200122
201240
21021
21024
21030
21033
3011100
3011103
21042
3101202
1430100
1012302
1004103
1004100
3101310
201303
3003000
3003003
201300
3101301
103002
2200131
103011
201312
2110020
2110023
103014
201321
103020
2200140
1004130
103023
21102
1012320
2110032
201330
1340001
103032
1340010
103041
21120
144000
21123
2200230
21132
3003021
1422000
1004202
2200200
2020023
3003012
2200203
2020020
3011202
2020014
1004220
2200212
2020011
201402
3011220
3003030
2020002
2200221
103101
103104
3011310
111300
111303
103110
103113
3011301
13002
3003111
2200302
201420
1340100
2102001
21201
103122
13011
2102004
21204
2200311
13014
2020041
2110200
2102010
103131
21210
2110203
13020
3003120
2102013
21213
2020032
13023
111330
103140
21222
13032
21231
13041
3003102
3101400
21240
1004301
2020122
2020113
2020110
2020104
1004310
2020101
2200320
103200
103203
2102022
103212
13101
2102031
13104
2020140
1332000
21300
103221
2110230
13110
21303
2102040
13113
2020131
103230
21312
13122
21321
13131
2110320
2102130
21330
13140
2012031
2020221
3011400
3003210
2012022
2020212
3003201
1201023
1201020
2200401
2012013
2102100
2012010
2020203
2020200
2102103
1201002
2012004
2200410
2110302
2012001
1004400
1242000
103302
3003300
103311
13200
13203
2012040
4101030
2020230
103320
2102202
1201032
21402
13212
431001
431010
13221
21420
13230
4101003
4101000
4011000
4011003
2020311
2020302
2012103
2012100
300000
300003
300012
103401
2102220
300021
103410
13302
300030
431100
300024
2012130
2020320
13311
300033
2102310
13320
341001
300042
2430000
341010
3200040
2004030
1201203
1201200
2012220
2020410
3200022
4011030
2004021
3200031
2020401
3200001
2004012
3200004
2012202
3200010
3200013
2004003
2102301
2004000
3200112
300102
1021002
3200121
300111
210003
1021023
3110013
210000
1021020
3200100
3110010
300114
3200103
13401
3110004
1201230
300120
423000
3110001
300123
210012
300132
13410
210021
1021032
341100
300141
210024
210030
210033
210042
2340000
1201302
2004120
4003002
2012310
1103001
4101300
1103004
2012301
2004102
2102400
3110031
1103031
300204
3110022
300201
300213
3200130
1103010
1103013
210102
300210
3110040
1201320
300222
1103022
120000
120003
3020013
300231
3020010
210123
3020004
210120
333000
120012
3020001
1103040
3020031
300240
120021
210132
3020022
120024
3110130
120030
120033
3200211
120042
3200220
1103100
2004210
2012400
1103103
4003020
2004201
3110103
3200202
3110100
4003011
1013004
3200310
1013001
300300
1103130
300303
202002
1013022
3102012
3110202
202011
4011300
1013013
210201
4003110
3102003
300312
1021203
3200301
1013010
202014
3102000
1021200
210204
4003101
1021230
210210
202023
300321
3020040
210213
202020
120102
1013031
210222
300330
30000
30003
202032
210231
120120
120123
202041
243000
30012
1013040
210240
30021
120132
30024
3020130
30030
30033
2004300
30042
1013103
3102030
1013100
3110220
1103220
3020103
3020100
3102021
1103202
300402
202101
3020121
1021302
202104
210303
202110
3020112
210300
300411
300420
3012012
202113
112002
3020202
1013130
1021320
3102120
2201001
120201
3110310
202122
210312
3012000
2201004
120204
3012003
202131
3020220
210321
3012030
2201010
120210
2201013
120213
112020
30102
112023
3012021
210330
3020211
2201022
120222
202140
30111
3200400
112032
30114
120231
30120
30123
120240
3110301
30132
3102102
4003200
30141
1431000
1103301
3102201
202203
202200
1013202
1103310
210402
2201031
202212
1013220
120300
120303
202221
2201040
22002
202230
210420
30201
120312
22011
30204
22014
4200000
120321
30210
4200003
22020
30213
22023
120330
2201130
4200012
30222
22032
4200021
30231
22041
4200030
30240
3020301
1300023
1300020
3012102
2201100
3102210
2201103
3110400
1300002
1013310
3012120
3020310
1103400
1300011
1013301
202302
1300014
104001
202311
3012201
104004
3004011
112200
112203
104010
104013
3004002
1300032
202320
2201202
120402
22101
104022
22104
3004020
1300041
30300
1341000
3020400
104031
22110
30303
3012210
22113
120420
112230
30312
104040
22122
30321
3102300
22131
30330
22140
1210002
2021022
1300113
1300122
2021013
2021010
4110003
4110000
2021004
1300101
1013400
2021001
1300104
1300110
1210032
202401
2201220
104100
104103
202410
2021040
112302
1300131
14001
14004
1210023
1210020
22200
2021031
14010
22203
14013
1300140
112320
30402
104130
2103012
22212
14022
440001
30411
440010
2103021
22221
14031
30420
2103030
22230
14040
3012300
3004110
4200102
1300212
3004101
1300221
4110030
2021103
2021100
2201301
2103000
4200120
1300203
2103003
1300200
2201310
4020030
3004200
1120020
1120023
4020021
104202
4020012
1120002
2021130
14100
1300230
14103
2201400
4020000
104220
4020003
2103102
22302
440100
22311
4200300
22320
1120032
14130
1202001
2013021
1300311
1202004
1202010
4200201
1210203
1210200
2013012
4102002
2021202
1202013
4200210
2013003
2013000
1300302
1210230
1202040
104301
2103120
1030014
1300320
1202022
1030011
104310
2013030
2021220
14202
1030002
1202031
2103201
22401
432000
1030023
2103210
22410
1030020
14220
1030041
1030032
2021310
1300401
4020120
1202103
1202100
1300410
2021301
1210302
2013102
4102020
4020102
1202130
1210320
3201012
4012020
3201021
301002
4020210
1030110
104400
301014
4020201
1030104
301011
3201000
301020
1120200
1120203
1030101
3201003
301023
14301
2013120
4012002
4110300
1030122
14310
301032
1030113
1030140
342000
301041
1120230
1030131
2013210
4102200
2021400
1202202
2013201
2103300
301101
1022013
301110
1030203
301104
1022010
3201030
1030200
211002
1022004
301113
1202220
1022001
1120302
1022031
14400
2300001
1030221
301122
2300004
2300010
1022022
1030212
211023
2300013
211020
301131
3201120
301140
1120320
2300022
1022040
1030230
3111030
211032
2300031
2013300
1202301
4020300
3111003
3111000
3201102
3201201
3201210
1104030
1104000
1030302
1104003
301200
1202310
4012200
4004010
301203
1022103
301212
1022100
4004001
301221
1030311
301230
2300040
121002
1022130
121020
121023
1030320
2300130
2210022
3021030
121032
2210031
2210040
2300103
3021003
3021000
2300100
2210001
1202400
301302
2300112
3021021
2210004
1022202
203001
2300121
3021012
2210010
301311
2210013
1014003
203004
1014000
211203
3021102
203010
1014030
3103020
1022220
211200
1030410
203013
2300202
301320
3103011
203022
1030401
2300211
203031
1440000
2210100
2210103
31002
211230
2300220
203040
31011
3201300
31014
31020
31023
3103002
31032
4004100
31041
2120040
1022301
3103101
203103
301401
203100
2120001
2120004
211302
301410
113001
1022310
2120010
203112
2120013
113004
3021120
121200
121203
203121
2210130
113010
113013
2120022
203130
211320
31101
2120031
113022
31104
2120100
2202021
113031
31110
2120103
31113
2210220
2202030
121230
113040
31122
31131
2030013
2030010
31140
3013002
3103110
2030004
3111300
2300301
2030001
2202000
3013020
2202003
3021210
2300310
2210202
1104300
2202012
3013011
3021201
3013101
203202
2030040
203211
113100
113103
3103200
1022400
2030031
2300400
203220
2202102
121302
2030022
23001
3021300
3013110
2210301
23004
31200
2120130
23010
31203
23013
121320
113130
31212
23022
31221
23031
31230
23040
1301010
1301013
2030103
2030100
1301022
1014300
1301001
1301004
2112000
2112003
1301040
203301
2210310
2202120
2120202
2030130
203310
113202
1301031
2030121
2120220
23100
2112030
2030112
23103
2210400
2202210
113220
31302
23112
2120301
31311
23121
2120310
31320
23130
2022012
2030202
4201002
2022003
2022000
2202201
4201020
1301103
3013200
1301100
400002
3300021
400014
203400
3300030
400011
2022030
3300003
400023
3300000
2030220
400020
113301
1301130
2022021
2202300
2030211
3300012
113310
23202
400032
31401
23211
441000
400041
4201200
31410
23220
1301202
2030301
2022102
2104002
400101
400110
400104
2120400
2104020
310002
2022120
1301220
400113
2030310
113400
310014
400122
310011
310020
310023
23301
400131
400140
2112300
23310
310032
3210021
310041
3210030
3210000
4021020
3210003
1301301
2022201
1203003
1203000
3300120
2014002
3210012
1301310
3300102
4021002
3300111
3300210
1203030
3210102
400203
400200
310101
400212
1031004
1203012
1031001
2014020
310110
3300201
400221
4103010
2022210
310104
2030400
1203021
400230
220002
1031022
310113
4103001
23400
220011
1031013
1031010
220014
310122
220023
220020
310131
1031031
310140
4103100
2022300
220032
220041
1301400
1203102
1031040
1203120
3120012
400302
2104200
3120003
3120000
302004
1031103
3120030
400311
1031100
302001
1113000
3210120
302013
3120021
1113003
310200
302010
310203
310212
302022
400320
220101
3120102
310221
302031
220104
220110
3030012
310230
3210210
220113
130002
3202020
1031130
1113030
3120120
220122
130011
302040
3030003
3030000
130014
220131
3202002
130020
130023
2014200
3210201
3202011
4021200
4013010
220140
130032
4013001
130041
3300300
3202101
3210300
3202110
302100
4013100
302103
1203201
1023003
1023000
400401
1203210
310302
400410
3030030
1023021
212001
310311
302112
212004
220203
212010
3030021
220200
1023012
1031202
302121
212013
310320
130101
212022
302130
220212
1023030
130104
1031220
212031
220221
130110
130113
40002
2301030
220230
3030120
212040
130122
40011
40014
130131
40020
40023
130140
40032
3120201
2301003
40041
2301000
3112002
1023102
3030111
1203300
2301012
3030102
3112020
3120210
302202
2301021
1031310
3120300
212103
310401
212100
302211
302220
1031301
220302
2301102
310410
122001
220311
122004
3022011
3030201
2211000
130200
2211003
130203
122010
3022002
122013
1023120
212130
4300002
220320
130212
40101
122022
3202200
40104
4300011
130221
122031
40110
40113
4300020
130230
122040
40122
1400022
40131
1113300
1400031
40140
1400004
1400001
1400013
302301
1400010
204003
302310
204000
2301120
1023210
1031400
212202
3022020
3030210
1023201
204012
220401
122100
122103
204021
2211030
220410
1400040
204030
130302
212220
32001
4300101
32004
130311
2121000
40200
32010
2121003
40203
32013
4300110
130320
4210002
122130
40212
32022
40221
32031
1310001
4210020
3104010
40230
1310004
3112200
32040
1310010
1310013
3104001
3022110
1400100
3030300
1400103
2301201
2301210
3022101
302400
204102
1023300
1310040
3104100
212301
114000
114003
1310022
212310
3022200
2301300
1400130
3014010
2203002
122202
204120
1310031
3014001
130401
32100
2121030
32103
130410
122220
40302
114030
32112
40311
32121
40320
32130
1310103
2031003
2031000
1310100
1400220
1400202
1310130
2203011
1220022
2031030
204201
2203020
1220031
204210
1220001
2031021
212400
1220004
1220010
2031012
122301
1220013
24000
24003
2211300
2203110
122310
2113002
32202
24012
40401
32211
24021
1220040
40410
2113020
32220
24030
1302003
2031102
1302000
1400310
4300200
1310202
4120020
1302012
1400301
3014100
4120002
2203101
1130001
1130004
4030011
1130010
1130013
2031120
4030002
204300
1220103
1220100
1302021
1302030
1310220
122400
24102
1130040
32301
1220130
4202100
32310
1130022
24120
1130031
2023002
1400400
1302102
1310301
4202001
4210200
4202010
2203200
1130100
1130103
401004
1212030
1220220
401001
1212003
2023020
1212000
401013
2121300
2031210
401010
1310310
1220202
401022
4030020
1302120
2023011
114300
2031201
401031
1040013
1130130
1040010
24201
1040004
1040001
2113200
1040031
32400
24210
401040
1040022
3301011
4030110
2023101
1040040
4030101
1302201
3301020
4120200
3301002
1122000
1122003
1220310
3301110
4030200
4022010
401103
3211002
401100
1130202
4022001
1302210
1310400
2023110
311004
2031300
311001
1220301
3301101
311013
311010
1040103
311022
1040100
24300
401130
311031
1130220
1122030
311040
1040130
1302300
1220400
2400000
1204020
2400003
2400012
1130301
1204002
2400021
401202
311100
2400030
311103
3211020
2023200
2400102
401220
1032012
1040202
3121002
221001
1032003
1032000
221004
2310003
1032030
221010
2310000
1040220
3121020
221013
1130310
1032021
2400120
221022
311130
2310012
3301200
221031
4022100
221040
4104000
3203001
4014000
401301
401310
303000
1212300
303003
303012
1040301
2310021
311202
303021
1032102
221103
2310030
221100
311220
1130400
303030
1032120
131001
1040310
131004
2220000
2220003
3031020
131010
131013
221130
2310120
2220012
3031011
131022
2220021
131031
2220030
131040
2400201
1122300
3211200
3203010
3031002
2310102
2400210
1204200
303102
401400
