1
4
1030
21001
10
200200
13
2110000
21010
110101
1002010
22
1010200
3100
1002001
31
110110
20002
1001002
40
20011
1300000
1001020
20020
2101
211000
10300
1001011
2110
300100
40000
1000012
1110100
1021000
1000003
2002000
1102
1000000
1000030
210001
1111
103000
210010
1000021
1120
100
1020010
103
2001010
21100
1020001
102001
112
2001001
110200
121
1002100
102010
1210000
130
1001101
3001000
20101
400000
2000020
101002
20110
101011
2000011
2200
1001110
2000002
101020
1102000
1000111
100000
100003
1000102
121000
100012
1201
100021
1000120
210100
1210
2020000
100030
120001
1101010
13000
202
1020100
120010
2001100
211
102100
1101001
220
12001
1100020
3000010
20200
12010
3000001
101101
2000110
1100002
310000
101110
11002
2000101
1100011
1001200
2100001
11011
1000201
100102
3000100
2100010
11020
100111
10000
1120000
202000
10003
1300
31000
100120
10012
1000210
120100
10021
2101000
201001
301
10030
1012000
30001
201010
310
1011001
30010
1101100
4000000
200002
12100
200011
1011010
3100000
101200
1010011
1100101
2000200
200020
1010002
11101
1100110
220000
1000300
2011000
11110
100201
1010020
100210
10102
1201000
1030000
10111
112000
2010010
10120
2010001
201100
400
1200001
1011100
30100
1200010
111001
4000
111010
2100100
200101
200110
1010110
110002
1100200
3001
1010101
110011
11200
3010
110020
1111000
301000
100300
130000
2002
10201
2011
2200000
1110001
10210
2020
300001
1000
2010100
1110010
1003
300010
22000
1012
1200100
1003000
3010000
1021
111100
