1323030
3
3330102
2400300
213003
3203130
2400303
213000
12300
12
3002400
3002403
12303
2302002
3002430
303120
21
303123
303132
24
30
2220033
33
2003004
213030
2003001
340002
213033
12330
42
3203100
12333
3203103
340020
340023
2003034
340032
2003031
2130030
2003022
2130033
2003013
2003010
1032303
303204
1032300
2302023
303201
102
2302020
4200
303213
4203
1020003
2400330
303210
1020000
3240030
2130000
1020030
3240000
3240003
303222
2130003
2302032
120
1233003
123000
1233000
123003
3330120
2343000
303231
123
2003043
430203
2003040
430200
3023022
2003103
2003100
132
1032330
4230
4233
3023013
3023010
303240
3031203
1020033
3031200
430230
3031230
3330210
1233030
3322020
123030
123033
2310330
3023031
3322002
2003133
2003130
3203220
3330201
3203202
3023004
3023001
3420300
2310303
1200303
1200300
2310300
303300
2040030
303303
201
4002033
204
3330300
4302
3023103
3023100
210
4002030
303312
3203301
213
2302203
1200330
430302
2302200
2040003
303321
3203310
222
1200333
2040000
4320
332004
4323
332001
303330
231
33000
332013
234
33003
4332
4002000
340200
4002003
3023040
340203
332010
240
332022
243
33012
430320
332031
33021
2040033
33024
340230
33030
33033
2003223
2003220
2220330
332040
33042
2003202
3232020
201003
3031302
201000
300
2220300
2220303
303402
303
1323300
3232002
213303
3023130
2302230
3031320
213300
303420
312
2003232
332100
321
332103
324
201030
330
201033
340302
3023202
333
33102
213330
2302320
3400032
342
2331003
3023220
2331000
2130300
3240300
2130303
33120
33123
2003322
3400023
340320
3400020
332130
3322200
33132
2003313
2003310
3400002
2003304
3203400
2003301
2302302
1020303
3310002
1020300
1233300
2032023
2032020
2003340
402
2032002
2003331
1020333
324000
420
1020330
123300
123303
324003
423
332202
432
33201
33204
2331030
4203000
332220
2130330
324030
33210
4203003
33213
2032032
4002300
2200032
4002303
123330
33222
1303002
33231
2003403
2003400
33240
3023310
3310032
2200002
1303032
3023301
2040303
2040300
2200020
3310023
2200023
3310020
2003430
3232200
1303023
1303020
320004
3220020
320001
3220023
3023400
21000
332301
320013
21003
320010
234003
320022
3220002
234000
332310
33300
2040330
3400230
33303
2323002
320031
33312
320034
21030
4002330
21033
33321
320040
234030
320043
33330
3400203
3400200
3302001
3302004
3302010
3310203
3310200
1000002
3302013
4330002
2032203
201303
3003000
402003
4203030
3003003
402000
2032200
201300
1000023
1000020
103002
3400302
320100
320103
4330020
402030
103020
103023
2323020
1000032
3220032
201330
230001
332400
201333
402033
230004
2032230
230010
103032
33402
230013
320133
230022
320130
2331300
2200230
2233002
2200233
3130023
3130020
230031
33420
3003042
230034
230043
4330200
230040
2233020
3130032
3003021
3310230
2200200
2020023
3003012
2200203
2020020
3302040
1303230
1303203
2032302
1303200
3400320
3003033
3302022
3003030
2020002
3130002
3302031
3003024
3302130
3310320
312000
312003
324300
13002
4023030
320202
2200302
3003132
230103
230100
320220
3220200
3220203
312030
320223
13020
3003120
2020032
3003123
2032320
13023
4023000
312033
3302103
4023003
3302100
13032
3310302
320232
230130
3003102
230133
1000203
1000200
3302202
1303320
3040032
1303302
2200320
103200
2200323
103203
2323200
1033002
1000233
1000230
320301
1332030
3040002
2200332
1033023
222003
320310
1033020
222000
1332000
320304
21300
1332003
3220230
21303
230202
3040023
3040020
320313
234300
103230
103233
3003240
320322
1033032
230223
222030
230220
320331
320340
3220320
2233200
222033
21330
21333
3130230
230232
3003213
1000302
4203300
3003210
3003204
3003201
3003231
3130203
2020203
2020200
3130200
402303
402300
3003222
3302220
3220302
1000332
304002
103302
3331002
3003300
3003303
1000323
3204030
1000320
3204000
13200
304020
3130302
3204003
13203
304023
320400
3302310
3003321
2020233
320403
2020230
103320
103323
402330
3003312
230301
132003
132000
230304
304032
230310
103332
230313
320430
13230
3302301
230322
13233
230331
132030
132033
3032040
230340
3040230
2020302
3032013
300000
3032010
3040203
3040200
300003
312300
300012
3032004
1002
312303
3003330
3032001
3032031
300021
2020332
13302
3032022
300030
1033203
1020
300024
2020323
2020320
3331020
1033200
3130320
1023
230403
3040302
2303010
1033230
230400
300033
2303013
13320
1032
3032103
3032100
13323
2303022
312330
300042
42000
3200034
42003
2303031
13332
2430000
2430003
3200040
3200043
230430
2004030
3200022
3003402
42030
3200031
3200001
42033
3003420
3302400
3200004
4023300
2303001
3200010
2004003
3200013
2004000
2303004
300102
1320030
3323001
304200
304203
210003
210000
1320000
3200100
1320003
3200103
1332300
1033302
2303103
222303
300120
423003
423000
2303100
2004033
222300
300123
300132
304230
2303040
1033320
2430030
3032130
210030
3040320
423030
210033
1320033
222330
2340003
2000031
2340000
4003002
2000022
4302030
2000013
2000010
2000004
2340030
2000001
1230003
1230000
3032202
300204
304302
3024003
300201
3024000
3323010
3024030
1200
300213
3200130
3331200
3032220
1203
2000043
3200133
2000040
300210
2303130
300222
2000034
2303202
120000
120003
1230033
3233010
3020013
3032301
300231
3020010
304320
3020004
333000
132303
333003
132300
1230
300234
3020001
3020031
1233
333012
34002
300240
2303220
300243
3233001
3200232
3020022
3032310
333021
1230030
120030
120033
333030
34020
4003032
34023
132330
3200220
3323100
3200223
34032
4302000
4003020
4302003
4003023
2000103
2000100
3200202
3204300
3200304
3200310
300300
3200313
300303
202002
1302
2000133
2000130
3102003
300312
3200301
3102000
300324
202023
3020043
300321
3020040
202020
1320
300333
1323
333102
3020034
300330
30000
300342
30003
202032
1332
243003
243000
42300
30012
42303
2332002
2000223
2000220
333120
30021
30024
3020133
3020130
30030
30033
2004303
2004300
2000202
243030
2332020
42330
30042
2033022
3102030
3200340
2303301
3020103
2033013
3020100
2303310
2033010
3200322
2033004
2004330
2033001
2000232
300402
1320300
2430300
1320303
3200331
210303
3233100
3102033
3032400
210300
300420
423300
3024300
300423
3020202
2303400
3012000
3012003
2033040
3020223
3020220
3012030
333201
300432
30102
2033031
34200
210330
34203
4302300
1320330
3200430
210333
333210
3200400
4003230
3200403
2000313
2000310
30120
30123
2000304
2000301
30132
34230
4003200
4003203
4003320
2000343
2000340
1230303
1230300
2033103
2000334
2033100
2000331
202203
4003302
202200
2000322
3020232
1230330
3012033
321000
120300
120303
2340300
321003
333300
22002
2033130
202230
30201
202233
30204
34302
4200000
321030
30210
4200003
22020
3020331
30213
22023
2332200
120330
120333
3020322
2000403
321033
2000400
30222
22032
34320
30231
3020340
30234
4200030
30240
4200033
4032030
3020301
30243
1300023
1300020
2033202
2000433
2000430
1300002
3020313
3020310
403002
4032000
202302
4032003
3020304
3303030
3430002
403023
403020
3004002
202323
1300032
202320
3102330
3303012
231003
3004020
3004023
2033220
231000
30300
3020403
403032
3020400
30303
202332
3303021
243300
30312
3303003
3303000
3102303
30321
3102300
30324
231030
30330
231033
30333
2033310
2320032
30342
2033301
3303102
3020430
2320002
100002
3004032
313002
3430020
2320023
100020
100023
2320020
313020
22200
313023
22203
100032
30402
3340020
3012330
3000042
3000033
313032
2230002
3340002
30420
2103030
22230
3213030
30423
2103033
22233
30432
3012300
3000012
3012303
3303120
2033400
3000000
3000003
3000030
3000024
2103000
1300203
3000021
4323000
3213000
3213003
2103003
1300200
4020030
403203
3004200
403200
3004203
1333020
3000102
3430200
321300
4032300
10002
321303
3303201
3123003
1300230
3000120
3000123
3123000
403230
3303210
223002
1300233
4020000
4020003
1333002
22302
10020
2230023
2230020
10023
4200300
223023
4200303
223020
22320
10032
2230032
22323
321330
223032
22332
2320230
2013003
2013000
1300302
403302
4233000
2320203
100200
3000132
100203
2320200
3004230
1300323
1300320
313200
2013033
313203
2013030
3123030
4020033
1030002
403320
1300332
231303
3033003
432003
3033000
432000
231300
100230
3000234
1030023
133002
100233
313230
3000231
1030020
2320302
3004320
3332001
3033021
432030
3332010
2230203
2230200
3340200
3033012
133023
3000240
133020
3000243
1030032
231330
3000204
3004302
3000201
133032
3000222
3303300
3000213
3000210
3000300
3000303
1333200
3213300
4200330
301002
100302
2001
313302
2004
3000312
3201000
10200
301020
2010
3201003
10203
301023
2013
223203
100320
100323
2320320
223200
2022
3033030
313320
301032
100332
2031
2034
2230230
342000
342003
10230
2040
10233
43002
2043
223230
2103330
342030
43020
3033120
43023
2230320
43032
3000333
2304003
3033102
2304000
2103300
3000330
2103303
3000324
3000321
1030203
2100
3201030
3332100
1030200
2103
3201033
3000342
2230302
2304030
10302
2300001
223302
2300004
2300010
3000420
3000423
3123300
2300013
10320
133203
133200
3324000
2130
10323
3033210
2300022
2133
1030233
4020330
1030230
223320
2300031
10332
3000432
3033201
2013303
2013300
133230
4020300
4020303
2001003
2001000
3000402
2013330
1030302
301200
2001033
301203
2001030
2202
2300034
420003
420000
2300043
432300
301230
2300040
2220
2223
1030332
133302
301233
334002
420030
2232
1030323
1030320
43200
2300130
334020
43203
2300133
420033
3021033
3021030
133320
3320040
4303002
43230
3234000
2300103
3320022
3021003
3021000
2300100
4303020
3320031
301302
3320001
3320004
3320010
3033300
203001
2301
203004
3320013
3230001
3103023
2304
203010
3201330
3103020
3230004
203013
2310
2300202
2313
3230010
3230013
301320
203022
2304300
301323
301332
2322
203031
330000
3320103
330003
3320100
3103032
203034
342300
330012
31002
2331
2300223
4000032
3402030
2334
2300220
3402003
203043
330021
4303200
3402000
203040
3201300
2340
43302
3201303
2343
4000020
4000023
330030
31020
330024
31023
330033
3103002
43320
31032
4000002
330042
2034003
2034000
203103
203100
2400
2403
3230040
2333001
2300232
3320130
2333010
2034030
330102
3230022
203130
334200
3230031
203133
2430
240003
2300322
2433
3230130
240000
3013032
2300331
2001303
2001300
330120
330123
2333100
2202030
2202033
330132
2300340
240030
4332000
240033
2030013
2030010
3230100
3230103
3013002
2030004
2001333
2001330
3312030
2300301
3320220
2030001
2202000
3312003
3013020
2202003
3312000
3013023
2300304
2300310
3320202
2300313
4033020
3222000
203202
3222003
3320310
2030043
2030040
420303
420300
3230202
2030034
3103203
3103200
2300403
2030031
3103230
2300400
4000233
203223
322002
4033002
203220
2030022
3021303
23001
330204
3021300
4000230
23004
330201
3320301
322020
31200
330213
23010
203232
322023
31203
23013
330210
330222
420330
23022
330231
322032
4000200
4000203
23031
23034
31230
23040
31233
23043
330240
2030103
2030100
3402300
4000302
1002003
1002000
1002030
203301
2030133
203304
2030130
2300430
203310
203313
330300
203322
330303
3021330
23100
3230220
1002033
3222030
23103
203331
232002
3013230
31302
3132003
330312
3132000
203340
3132030
232023
330321
3230310
232020
31320
23130
31323
23133
330330
3320400
2034300
232032
2030202
31332
3304020
3103302
3230301
2022003
2022000
3304002
4000332
3103320
4000320
3013200
4000323
3013203
400002
2030232
3001002
3300021
203403
3300024
203400
3300030
4033200
2022033
2022030
3300003
2030223
400023
3001020
3300000
2030220
400020
3001023
3013302
2403000
322200
2202300
2202303
3312300
3300012
2403003
322203
23202
203430
400032
330402
240303
240300
330420
322230
23220
23223
3042030
23232
2030301
240330
2030331
3013320
3001032
2030322
3230400
2403030
3300033
310002
2030313
2030310
3300042
322302
2202330
3042003
2030304
3042000
2100000
310020
3210033
2100003
310023
23301
2313003
232203
23304
2313000
232200
23310
23313
322320
310032
3300132
2030340
23322
2100030
3210030
3210000
3210003
23331
232230
1203003
3300123
1203000
3300120
3423000
23340
3222300
4230000
1002303
4230003
1002300
3300102
3304200
2030430
3300210
4320000
4320003
1203030
1330002
3300213
1203033
3300222
400203
400200
1002333
1002330
3300201
2030403
3001200
2030400
3001203
3300204
4320030
400230
2100033
220002
1330032
2313030
23400
23403
433002
232302
400233
1330020
1330023
220023
220020
433020
2022303
2022300
232320
220032
23430
3034020
2010003
2010000
3120033
2223030
3300240
3132300
3001230
2022330
400302
3120003
2010033
3120000
2010030
302004
3120030
302001
3300231
3000
2223000
302013
3333000
2223003
3003
310200
3034002
3001233
302010
310203
2403300
3202032
302022
3012
400323
3001320
400320
3001323
3243000
400332
302031
3021
4230030
3024
3042300
310230
3030012
130002
3300321
3202020
3030
302034
3202023
3300330
3033
3001332
302040
3030003
310233
3030000
343002
302043
3202002
3042
130020
130023
343020
3300312
130032
3001302
3300303
3300300
3300402
2133030
1330200
3210300
1330203
3210303
302100
302103
1023003
1023000
310302
3102
3030030
1330230
3030024
2133000
220203
2133003
220200
3030021
3120
302133
3123
310320
3030042
1023033
433200
302130
310323
310332
1023030
3132
3030033
40002
2301030
220230
3030123
3030120
2301033
2100330
220233
2002002
2100333
40020
40023
3030132
40032
2043003
2043000
2301003
1330302
3210330
2301000
2100300
4320300
2002032
2100303
1203303
1203300
3034200
3300420
2313300
3030102
2002023
2002020
302202
3120303
3201
3120300
1330320
3204
3202230
302220
2043030
3210
302223
220302
3213
1203330
3030204
3222
3030201
130200
3321003
130203
3321000
3022002
302232
3231
220323
2010303
2010300
3234
4300002
220320
343200
3202200
3240
3202203
3243
220332
4300020
4300023
130230
130233
2010333
2010330
3403002
3202302
3030240
302301
4230300
204003
3030222
302310
204000
3300
302304
2223300
3120330
3303
3022023
3022020
3030213
3030210
302313
3312
3321030
302322
3030231
3321
3324
204030
3022032
130302
331002
302331
302340
32001
3330
204033
32004
3333
2002203
2002200
3030312
3231030
40200
331020
331023
32010
40203
32013
3342
130320
130323
2334000
3030330
2133300
32022
130332
331032
32031
3030321
3202320
32034
40230
2002233
2002230
32040
3231000
40233
3231003
32043
3030303
3030300
3403020
4300032
200001
302400
200004
302403
1023303
200010
3402
1023300
3100002
200013
3313020
2301303
200022
3022203
3022200
2301300
3100023
3313002
302430
2203002
3100020
200031
3420
3423
2002302
200034
32100
32103
200043
3432
200040
1023330
40302
40320
2002332
32130
40323
2330022
2031003
32133
2031000
4300230
2330031
40332
2002323
2002320
2330040
200103
2031033
200100
2031030
3030402
2203020
2203023
3100032
2301330
2330001
2330004
3022230
323004
2330010
2203032
3030420
2043300
323001
2330013
24000
200130
323013
24003
331200
200133
323010
331203
3010020
3010023
323022
32202
323031
2330103
2330100
331230
32220
3223020
3010032
3022320
24030
32223
1302003
24033
1302000
323040
3321300
32232
4300200
4300203
3223002
3022302
3403200
1003002
3010002
1003023
1302033
3313200
1003020
3100203
3100200
200202
204303
4030002
204300
1003032
323100
323103
200223
1302030
200220
20001
331302
20004
204330
233001
20010
200232
20013
32301
233004
32304
2330130
233010
233013
20022
32310
32313
233022
331320
323130
20031
20034
32322
2023002
233031
20040
20043
32331
2322030
4300302
2330220
233040
32340
4300320
2203200
2203203
3133002
2023032
3100233
3100230
4030032
200301
2322003
2023023
102000
2023020
102003
2322000
3133020
200304
3432000
3231300
200310
4030020
2330202
4030023
200313
2203230
200322
3342000
3002031
3100332
20100
323202
2203302
20103
200331
3002022
3100323
233103
200334
3100320
233100
102030
102033
323220
32400
3223200
32403
200343
3043002
3010233
3002040
3002043
200340
2203320
3301032
3010230
2330301
3002034
3100302
20130
20133
233130
3301023
3301020
32430
3002013
3010200
3010203
3002010
3301002
3002004
3002001
4030200
4030203
1003203
1003200
200403
1003230
200400
3010302
2031303
3002100
2031300
3002103
12000
2232003
323301
2232000
3043020
12003
2330310
323310
20202
24300
200430
1003233
24303
233202
200433
2232030
2031330
20220
12030
20223
12033
2330400
2400033
233220
20232
24330
1302303
1302300
2023230
2400000
2400003
1302330
1003302
4030230
3010332
1003323
1003320
3002133
2400030
2023203
3010320
2023200
3010323
3133200
3002130
3002220
3002223
3420030
1003332
1032003
323400
4030320
20301
1032000
2310003
20304
1032030
2310000
3420000
3002232
233301
20310
3420003
20313
3301230
233310
2322300
3301203
20322
3301200
4030302
20331
1032033
20334
20340
20343
3002202
3301302
2023320
3203001
1200030
3203004
3002301
1200003
1200000
2023302
303000
102300
102303
303003
303012
4002
303021
2310030
3043200
20400
2310033
303030
1200033
20403
430002
4020
303024
4023
233400
102330
102333
303033
4032
2220000
430023
3031023
2220003
430020
3031020
303042
3002340
2433000
2232300
20430
3203040
20433
430032
3031032
3330021
3330030
2220030
3330003
3330000
3002313
3203031
3002310
1323000
3002304
3330012
1323003
3203010
3031002
3203013
3002331
3301320
303102
3203022
3002322
