1
3033130
4
3330103
3330100
10
13
2302003
2302000
43030
22
2230330
43033
303133
303130
31
1333300
3033103
3033100
34
3000334
2003002
340000
340003
3000331
40
43
3000322
3000340
3000343
340030
10300
2230303
2230300
3340300
10303
2300002
3000430
223303
340033
2003032
223300
2003023
2003020
2300023
2300020
10330
3332200
3033202
3000433
10333
3330130
223330
100
303202
103
2302030
303220
2302033
303223
3000400
3000403
3023023
3023020
130
303232
133
1030303
1030300
3023032
2200
2203
3322030
3330220
3322003
3322000
2300032
3330202
3033220
3203230
3203200
1030333
3203203
3023002
1030330
133303
334000
133300
334003
2230
2233
303301
3203320
202
303310
334030
4300
303304
4303
3330301
133330
3320032
303313
3203302
4303000
430303
4303003
430300
220
303322
223
3320023
3320020
332002
303331
232
303340
33001
4330
33004
4333
3320002
301300
3033310
332020
332023
33010
301303
33013
4303030
203002
3033301
430330
2302
33022
2003230
3230002
332032
33031
2300203
33034
2300200
203023
3031330
203020
2320
33040
301333
330004
2323
33043
330001
3103033
301330
3033400
31000
330013
3103030
203032
31003
4000033
2332
2003203
2003200
330010
4000030
330022
43300
43303
3031303
3031300
330031
303400
301
3232030
303403
304
3232000
3232003
3103003
3330310
31030
310
3103000
330034
31033
313
4000000
330040
4000003
330043
2003233
43330
303430
322
340300
340303
331
33100
3023203
3023200
334
33103
3023230
3400033
3330400
340
343
2302330
3230032
2300230
2003323
2003320
2333002
2300233
33130
3400030
33133
340330
3400003
330100
330103
3400000
3230020
3230023
2003302
2302303
2333020
2302300
2300323
2032030
3310003
3310000
2300320
3013033
4303300
3013030
3322300
2300332
330133
400
403
3320230
330130
2003332
2032003
2032000
3013000
3013003
2030002
2300302
332200
332203
430
433
33202
3320203
3320200
2032033
2200033
203203
203200
332230
33220
33223
1303003
3230200
3230203
1303000
2030032
33232
322000
4033000
4033003
322003
2030023
334300
2030020
23002
3320302
203230
330202
2200000
2200003
203233
3310033
1303030
3023302
330220
1303033
322030
330223
23020
23023
322033
3023320
23032
3310030
330232
2200030
320002
332302
3220030
320020
4000300
3220000
4000303
3220003
320023
33301
2323003
33304
2323000
3433000
3232300
33310
33313
320032
203302
332320
3230230
33322
3320320
2333200
33331
203323
330301
4033030
203320
33340
232003
3302002
3230320
232000
330310
31300
330304
203332
31303
1000003
330313
3103330
1000000
4330003
1000030
3003004
4330000
3003001
330322
103000
103003
3400303
232030
330331
3400300
330340
232033
31330
2030203
31333
2030200
3103303
3103300
4330030
3304030
1000033
3230302
4000333
3220033
230002
3304003
3304000
2323030
4000330
103030
103033
33400
33403
3130030
230023
3300022
400003
3001000
400000
3001003
2030233
230020
2030230
2233003
2233000
3003040
3300031
3003043
230032
3300001
33430
3300004
400030
3300010
3013300
3013303
3130033
3300013
2020030
23200
3302032
23203
3003022
330400
330403
400033
3003013
3343000
3003010
2032303
2032300
3302023
3302020
3003034
3400330
3003031
330430
3130003
2020003
2020000
23230
3130000
2030302
23233
3310330
13000
13003
320200
2200300
2200303
320203
3003133
2032330
3003130
2020033
2030332
320230
2233030
3001033
13030
13033
3001030
2030323
3310303
320233
2030320
3310300
3300034
3003100
3003103
310000
310003
322300
3300043
3300040
322303
3013330
23302
3302203
310030
3302200
3040033
3300130
1303303
310033
1303300
3300133
23320
23323
322330
1033003
23332
1033000
4033300
320302
2200330
2200333
3040003
3040000
3040030
1303330
3300103
3300100
230203
230200
1330000
320320
1033033
2323300
1330003
320323
320332
1033030
3300223
3003232
3300220
230230
3300202
230233
3220330
3304300
1000303
220003
1000300
220000
3302230
1330033
232303
433003
433000
232300
3003202
3003220
1330030
3003223
3220300
220030
4330300
3220303
433030
3034030
1000333
220033
3302320
3003310
304000
1000330
103300
3003304
103303
304003
3003301
232330
3331003
3331000
3130303
3130300
3003322
304030
3003313
230302
3333010
103330
103333
304033
400303
400300
3302302
230323
230320
302002
3001
3300232
3333001
3004
3034003
3034000
230332
302020
3202033
3010
302023
3013
3300340
400333
400330
3032032
3022
3300322
2020303
130000
2020300
130003
3030013
302032
3030010
3031
3001333
3300331
3030004
3034
343000
3202030
343003
3333100
3001330
3030001
3202000
3040
300004
3003340
3300304
3202003
3043
3331030
3300310
300001
1000
300013
1003
3300313
3032002
300010
3003331
130030
130033
300022
2020333
343030
2020330
13300
3130330
2233300
13303
3032023
3001300
3032020
3001303
300031
3300301
3040303
3300403
3040300
3300400
1030
300034
1033
3003430
2303023
300040
2303020
300043
3200032
13330
13333
310300
2303032
310303
3100
3103
3030031
3200020
3003400
3003403
3200023
3030022
3200002
3030043
3030040
2303002
310333
3130
3030034
3133
310330
40000
300100
40003
300103
3323002
2002003
2002000
1033303
1033300
3030133
3030130
40030
40033
300133
3040330
300130
1330300
1330303
2002033
2002030
3030103
3030100
302200
3300430
1033330
302203
3202
4003000
4003003
3032230
2000023
2000020
220303
1330330
220300
433300
3034300
302230
3030202
3220
3223
2000002
3022003
302233
3022000
3232
4300000
4300003
3032203
3032200
304300
220330
304303
220333
300202
300220
300223
2000032
3323020
4300030
2303203
3032302
2303200
3403003
333004
3403000
3202300
3020002
300232
333001
3233020
304330
3202303
34000
333013
34003
3200230
3331300
333010
3200233
3020023
3020020
302302
3233002
333022
2303230
3022030
3030223
3030220
333031
4003033
3301
3304
4003030
34030
3310
34033
3313
302320
333040
3030232
302323
3200200
302332
3322
3200203
130300
331000
130303
331003
3022033
343300
32002
3331
3334
3030313
3030310
300301
3340
3030304
3343
202003
300310
202000
331030
32020
1300
300304
3030331
32023
1303
130330
130333
331033
3030322
300313
3200302
32032
3403030
300322
333100
3202330
333103
300334
202030
3020032
3032320
300331
300340
30001
202033
1330
300343
3030301
30004
1333
30010
30013
4300033
2332003
200002
2332000
30022
3400
3403
3100003
3100000
333130
30031
3100030
30034
200023
2000203
2000200
200020
30040
2203000
3313003
2203003
3313000
30043
2332030
2033023
2002303
2002300
2033020
200032
2303302
3430
3433
3030340
40300
40303
3200320
3323200
3200323
300400
2033002
2000233
300403
2000230
2303320
3200332
3233200
2002333
2330023
2002330
3020203
3020200
2330020
4333000
40330
300430
40333
2330032
30100
300433
2033032
333202
30103
333220
3030403
3100033
3030400
2000302
3030430
2330002
30130
3313030
30133
2203030
2203033
323002
3010030
3223030
323020
32200
323023
32203
2000332
3022330
4003300
4003303
3010033
323032
2000323
2000320
32230
3020233
3020230
3223000
32233
3223003
22000
333301
3022303
3022300
22003
1003003
1003000
30202
333310
34300
3010000
3010003
34303
3020332
200203
200200
30220
4030000
3020323
4030003
3020320
22030
30223
22033
1003033
3403300
30232
1003030
34330
3020302
331300
20002
331303
200230
233002
200233
2033203
1300030
32302
2033200
1300003
1300000
20020
20023
233023
202303
403003
403000
4003330
233020
202300
20032
32320
32323
3430000
2023003
3303031
2023000
3430003
331330
3133030
233032
32332
4300300
3004000
4300303
3004003
403030
3303010
2033230
1300033
3004030
2330230
3303013
202330
3303022
333400
30301
202333
403033
30304
3133003
30310
2023033
3133000
2023030
30313
4300330
3303001
4030033
200302
3303004
30322
4030030
2330203
2330200
30331
30334
200323
2320033
3100333
200320
323200
30340
2203300
3100330
2203303
323203
30343
2033302
3002020
3002023
3303103
3303100
200332
3301030
3043003
3043000
323230
3301033
2330302
3002032
2320003
3100303
100000
100003
2320000
3100300
3313300
313000
3004033
2332300
313003
3303040
2033320
3301003
3430030
3301000
2320030
100030
3002002
100033
30400
313030
30403
3000040
3000043
3340030
313033
3000034
2230003
3340003
3010300
2230000
3340000
3010303
30430
3000013
30433
323302
2203330
3000010
20200
3303130
3000004
20203
3000001
233203
3000031
2330320
233200
3043030
3000022
323320
20230
3303220
20233
3000100
3000103
233230
10000
3303202
10003
223003
223000
1333000
22300
1333003
22303
1003303
1003300
2230030
10030
3010333
10033
1333030
2230033
3223300
223030
3010330
223033
22330
22333
3334000
4030330
1003333
1003330
20302
3002233
233302
3133300
3002230
1300303
1300300
20320
4030300
403303
4030303
403300
20323
3000133
233320
20332
3000130
3002200
3002203
1300330
1030003
1300333
1030000
1030030
3033004
403330
3301303
3000232
3332020
3301300
3004330
3033001
133003
3203002
133000
2320303
2320300
3332002
3033022
3002302
303004
2023303
2023300
3033013
3033010
303001
1030033
4000
3004300
303013
3004303
4003
133030
303010
3000202
3430300
303022
133033
3000220
3000223
303031
430003
430000
3303301
2023330
3303310
4030
303034
3000301
4033
303040
303043
430030
3043300
3330040
301000
100300
100303
301003
313300
2002
313303
3330022
3000313
430033
3031033
3031030
3303400
3000310
3330031
3000304
3301330
301030
3330001
2020
3330004
2023
3203032
3330010
2320330
3033031
100330
100333
301033
3330013
2032
3002332
3031003
313330
3031000
43000
303100
43003
303103
3203020
3002320
3002323
3033040
3203023
