3330
3
300033
3333
33030
300300
33033
300303
3030330
33300
330000
330003
33303
30
3030030
3000333
33
3000330
300333
330030
300
300330
303
30000
3030303
3030300
33330
30003
330033
330300
330303
3030033
3303030
330
333
30030
30033
3003000
3003003
30300
330330
30303
3303003
3303000
30330
30333
3033003
3033000
3003300
3003303
3300030
3300003
3300000
303000
303003
303030
3003033
3303300
3000
3333000
3003030
3003
303033
303300
3000300
3000303
303303
3000033
333000
3330300
333003
3030
3300330
3033
3330030
3030003
3030000
3330003
3330000
333030
300000
3300
303330
300003
3303
3033030
33000
33003
3000000
3000003
3003330
333300
3300033
3000030
3033300
300030
3300303
3300300
