10240
1
102400
4
4102
1202200
10
213001
13
12301
1024000
1200130
213010
2302000
221200
2101300
22
12310
4120
4010020
31
34
2003002
340000
40
301102
41002
43
4010002
100402
2101
1030201
211003
2104
211000
1321000
10300
41020
1120300
1022002
2110
10303
2300002
2113
301120
100420
2300011
10312
2122
1022020
1030210
1200220
10321
2003020
2131
211030
4100200
2300020
1200202
10330
2140
2003011
2001022
1020013
100
2220100
1020010
103
4201
1020004
2001013
2001010
1020001
213100
1020031
12400
112
2130001
2001004
4210
2001001
123001
1020022
121
2130010
3201100
124
3000400
2212000
130
131200
2003101
123010
133
1020040
1231000
2001040
142
1030300
2130100
301201
2200
2001031
2203
301210
1102000
10402
1102003
1200310
2212
420001
121000
121003
420010
2221
10420
2230
2003110
2011300
1200301
2210020
121030
1020103
202
1020100
4300
2001103
2001100
211
2040010
214
220
123100
1102030
2040001
223
1100020
4010200
2300101
4002010
1100023
3021001
232
33001
4002001
2300110
1020130
301300
41200
241
1100002
33010
2210002
2001130
1022200
203002
3021010
2302
203011
1200400
3021100
420100
2311
4002100
2300200
203020
1100032
2320
330001
31000
31003
2003200
330010
4000030
31012
1020202
4000021
201001
1012003
2001202
301
31021
1012000
201004
2122000
304
4000012
1012030
201010
1020220
31030
310
201013
3103000
313
2040100
4000000
201022
4000003
322
201031
4000120
331
33100
201040
340
2001220
4000102
1010002
203101
2401
2120002
3101002
203110
412000
211300
1010023
2410
1010020
113002
330100
3400000
3101020
2120020
113020
31102
1010032
2001310
3310000
1020301
240001
240010
2001301
201103
201100
400
31120
403
410002
3011002
1020310
412
2032000
410020
3013000
2030011
421
201130
2030002
430
2202001
1100200
2210200
2202010
1100203
203200
1303000
1102300
322000
2202100
121300
1100230
2030020
23002
2200000
3011020
31201
2200003
23011
2001400
240100
31210
23020
2200012
1004002
4000210
201202
4000201
2200021
1004020
2200030
1020400
2030110
320002
2200102
201220
21001
2030101
21004
1301020
320011
2110000
320020
3220000
4000300
1002013
21010
2110003
1010203
1002010
21013
1010200
1301002
2200120
1002004
1100302
1002001
21022
1002031
21031
2120200
1002022
1100320
21040
113200
1002040
1010230
23101
3101200
232000
1012300
1000012
31300
23110
1000003
1000000
1000030
3003001
201301
1000024
402001
103000
1213000
103003
1000021
402010
201310
410200
320101
2022010
1000042
103012
2030200
4201000
320110
103021
21100
1000033
2110030
2022001
21103
230002
1010302
103030
1002103
230011
1002100
3001000
400003
3001003
400000
230020
400012
21130
101002
3001021
3300001
400021
3300010
400030
3001012
1002130
101020
101023
1010320
2020030
23200
1004200
2200201
1123000
1000102
101032
2020021
3011200
3003010
2020012
402100
142000
2200210
1000123
1000120
201400
2020003
2020000
3130000
103102
1301200
312001
13000
2022100
13003
1000132
2401000
320200
2200300
312010
103120
2102002
21202
13012
1002202
230101
230110
13021
2104000
400102
140002
1002220
21220
13030
3001030
3003100
310000
1420000
140020
310003
310012
11002
400120
2100001
310021
1000204
2100004
2020120
1000201
310030
2100010
11020
2100013
3001120
11023
1000222
2100022
2020102
11032
1000213
1000210
2100031
312100
103201
3210001
3001102
2102020
1033000
1000231
3210010
1203001
103210
3040000
2014000
13102
1002301
222001
4021000
21301
3300100
222010
230200
21310
1000240
13120
1330000
3210100
1002310
400201
1203010
101200
310102
101203
400210
1031002
3001210
3001201
1000303
220003
1000300
220000
1031020
2100040
2012020
2020210
310120
220012
101230
220021
2020201
1000312
1201003
1201000
2311000
2110300
2012002
220030
2100130
2010013
304000
2010010
1000330
103300
2010004
1203100
1000321
2010001
13201
1201030
222100
2102200
21400
13210
132001
2100100
3120010
2010040
2100103
132010
400300
140200
3120001
1002400
2010031
302002
101302
2010022
3001
3004
310201
302011
302020
11200
3010
11203
3013
220102
310210
101320
2100202
3120100
3022
130000
2020300
1240000
130003
3030010
3031
220120
2100220
1000402
130012
11230
3030001
3202000
300004
3040
130021
300001
1000
2221000
300013
2010103
2010100
1003
1000420
300010
130030
300022
214000
13300
1012
3001300
300031
1021
1024
1030
132100
1033
300040
2010130
302101
42001
1042
1023001
2131000
310300
302110
42010
3100
3103
212002
3200020
11302
3112
220201
1023010
1031200
220210
3121
3200002
2004010
2012200
212020
130102
11320
3130
3200011
2004001
300100
40000
2002012
300103
40003
1021003
2010202
1021000
130120
40012
2002003
2002000
1102
210001
300112
1320001
3200101
40021
210004
210010
3110002
300121
1320010
3200110
40030
210013
1120
124000
1123
210022
300130
1021030
2301001
210031
1132
2100301
3112000
2002030
2301010
2010220
1023100
42100
2100310
3030100
2002021
210040
302200
3202
4003000
1402000
1201300
2000023
2000020
1103002
3211
421000
220300
2301100
2100400
2000014
122002
3220
2000011
130201
2004100
2000002
3022000
4300000
1230001
2010301
130210
122020
40102
1230010
2002102
3110020
300202
1320100
1201
210103
1204
2041000
2000041
210100
300211
300220
40120
1210
1103020
1213
2000032
120001
4001020
1400020
3020011
120004
1222
120010
3020002
120013
1231
34000
210130
2002120
4001002
1400002
120022
2010310
1240
3020020
120031
204001
2000122
3301
120040
204010
212200
3310
2000113
2000110
2000104
3200200
2000101
331000
130300
32002
1013002
1230100
2002201
300301
40201
32011
4210000
202003
300310
2000140
40210
202000
1013020
1312000
32020
1300
3102010
3110200
1303
210202
2000131
3102001
202012
1312
1310002
120100
120103
202021
1321
202030
210220
30001
1330
30004
30010
2002210
30013
2010400
200002
3100012
2000221
120130
30022
204100
3400
200011
2000212
3100003
200014
3100000
30031
3100030
200023
2000203
2000200
1310020
200020
30040
2203000
122200
3100021
3020110
2002300
1222000
200032
32101
200041
3020101
241000
40300
32110
1103200
300400
202102
2000230
1402
1021300
210301
112000
112003
210310
3020200
3012010
2031001
2201002
120202
202120
3012001
1420
4001200
30100
30103
1400200
2201020
120220
112030
30112
1220020
200101
2000311
30121
200104
200110
2000302
1220002
30130
200113
110002
200122
3102100
2031010
200131
24001
3010030
110020
110023
2113000
32200
3010021
24010
200140
110032
202201
2000320
1013200
202210
1302001
2031100
210400
1302010
3100102
1310200
120301
321001
22000
1132000
3010012
22003
1003003
321010
1003000
3100120
120310
30202
22012
3010000
4120000
3010003
4200001
1003021
1130002
30211
2000410
22021
3100201
200203
4200010
200200
1003012
30220
4030000
22030
2000401
200212
1003030
3010102
3100210
200221
20002
24100
200230
1001002
1300021
3012100
20011
1300030
20014
1300003
1001023
1300000
1001020
2410000
20020
1130020
20023
403000
202300
1300012
20032
104002
2023000
1302100
1001032
321100
20041
3004000
2201200
1003102
120400
104020
22102
231001
30301
1042000
231010
3010120
30310
22120
401002
200302
102001
200311
102004
110200
1220200
401020
110203
102010
102013
1003120
1210003
1210000
2021020
200320
20101
102022
20104
3002020
1300120
1040002
102031
20110
3010210
20113
2021002
1300102
110230
102040
20122
1040020
100000
100003
2320000
3100300
20131
313000
20140
112300
100012
14002
3010201
100021
3002011
100024
22201
3301000
1210030
3002002
100030
231100
100033
30400
2103010
22210
14020
3000040
1003210
3211000
1130200
100042
1003201
3010300
2230000
200401
3002110
102100
102103
3002101
200410
311002
110302
3000013
1300210
12001
4200100
12004
3000010
20200
311020
3000004
12010
20203
3000001
12013
110320
3000031
102130
20212
12022
2103001
1300201
3000022
1001203
20221
1001200
12031
1001230
2101030
20230
100102
12040
3000100
104200
3000103
1120030
10000
1120000
1120003
10003
3000121
4020010
100120
100123
223000
4020001
2103100
22300
10012
3000112
2400001
100132
10021
2101000
10024
1003300
2101003
2400010
10030
10033
1204000
401200
10042
102202
2400100
2140000
1202002
12100
1032010
3121000
1040200
12103
221002
2013010
102220
4102000
2021200
1032001
20302
2310001
2013001
20311
2310010
1001302
1300300
221020
20320
12130
2011003
2011000
1001320
100201
100204
3000130
1030012
100210
100213
3002200
1202020
10102
14200
1030003
1030000
100222
1030030
1200022
100231
2011030
10120
4100020
133000
1030021
10123
1200031
100240
1200001
10132
1200004
1200010
4100002
102301
303001
1200013
4000
4003
311200
303010
3000202
102310
12202
1032100
4012
1210300
3000220
20401
2013100
4021
430000
4020100
1200040
20410
131002
12220
4030
3000211
3000301
2220001
3201010
2220010
301000
100300
131020
100303
301003
301012
2002
3201001
1030102
301021
100312
10201
3000310
2011
10204
4012000
2014
100321
301030
10210
2020
10213
1030120
2023
100330
10222
2032
1200103
3031000
1200100
2310100
10231
303100
43000
2041
