2132000
311300
2
303110
43010
4100
3113000
1032200
4103
213002
11
2013200
12302
14
2302001
3031100
430100
4010030
20
23
2302010
2310200
213020
32
12320
4130
340001
2003003
2003000
301100
41000
41
301103
41003
44
4010000
3000320
4010003
340010
100400
100403
1030202
2102
1022003
10301
1022000
2300003
10304
1022030
2300000
1030220
2130020
41030
10310
2003030
2120
10313
2123
301130
2300012
100430
10322
2003021
2132
2300021
1200203
1200200
2003012
10331
43100
2300030
2001023
2001020
3410000
303200
10340
101
104
4202
1403000
1020002
1202300
110
113
2130002
1200230
2001002
422000
3000410
221300
1020023
122
1020020
123002
3000401
4220
3201200
2003102
340100
131
134
4301000
2220200
140
123020
2042000
1020032
143
1030301
2001032
301202
2201
2204
4004000
301220
10400
2210
10403
420002
2213
1030310
2003120
2222
420020
3023000
2302100
2231
1200302
10430
2240
200
2040020
203
4301
2210030
1200320
213200
212
4310
4002020
2040002
221
224
3021002
332000
2300102
230
131300
233
33002
1100030
4002002
1100000
2210000
301301
3320000
4100300
2210003
3021020
242
1100003
33011
203003
301310
203000
2300120
1313000
33020
2300
2303
3230000
4010300
203012
2312
2300201
3103010
203021
1030400
2300210
1100033
2321
2003210
4000040
203030
330002
31001
2330
31004
330011
2003201
330020
4000031
31010
1020203
31013
1020200
201002
4000022
2001203
2001200
302
31022
4000013
4400
3103001
4000010
31031
311
2130200
4000004
314
4000001
201023
201020
320
31040
2204000
123200
323
3101030
1020230
1223000
201032
332
33101
2001230
3103100
1022300
242000
41300
341
33110
4000100
4000103
1010003
301400
203102
1010000
2120000
1010030
2402
2120003
3101003
3101000
113000
113003
420200
330101
3400001
203120
2420
3400010
2003300
330110
31100
2120030
1010033
31103
1020302
240002
3310001
2202020
113030
3310010
2001302
3140000
401
404
3011000
2032010
410003
3011003
410000
3400100
2040200
240020
31130
410
413
2032001
2030012
3013001
4002200
422
410030
2030003
2030000
2300300
1020320
431
33200
2202002
2001320
440
3021200
4000130
3013010
3013100
203201
2200040
203210
1303001
2030030
322001
23000
1133000
23003
2030021
330200
2210300
322010
2200001
4000220
31202
23012
1430000
2200004
2200010
2200013
1004003
23021
1004000
201203
1303010
1004030
201200
31220
23030
4000202
2200022
2032100
3011030
2200031
320000
2200100
2200103
320003
2030102
320012
21002
4000310
201230
4000301
3220001
320021
1301003
320030
3220010
1301000
1100300
21020
1002002
1100303
21023
4031000
3310100
404000
203300
1002023
21032
1002020
1303100
322100
1301030
2030120
1043000
1100330
23102
1002032
3302000
1000013
232001
1000010
31301
232010
2321000
1000004
240200
2120300
1000001
31310
1000031
23120
402002
201302
3003002
103001
1000022
3101300
103004
2024000
402020
320102
2200130
103010
1000043
103013
2030201
1000040
201320
2022002
1000034
103022
230003
1010303
230000
1010300
1340000
103031
2202200
320120
230012
3001004
103040
400004
3001001
3300020
230021
400001
101000
101003
400013
400010
230030
3300002
400022
3001022
314000
1010330
113300
3001013
3300011
400031
2022020
2030210
3001010
3003020
2020031
23201
232100
101030
2020022
1000103
101033
31400
23210
2200202
1000100
4000400
3003011
400040
2020013
2020010
3220100
3130010
2020004
410300
2200220
103100
3130001
103103
2020001
2030300
312002
3011300
13001
1000133
3003110
2200301
13004
1000130
320201
2102000
312020
21200
3212000
13010
2102003
21203
1002203
230102
13013
2020040
320210
2200310
1002200
3130100
103130
13022
400103
140003
400100
140000
13031
3001031
230120
21230
3003101
310004
13040
310001
11000
1002230
310013
2231000
11003
140030
3001040
310010
2100002
310022
1004300
224000
23300
400130
1000202
3001130
310031
1000223
1000220
3210020
2100020
11030
2100023
2020103
11033
2020100
310040
402200
3001100
3210002
3001103
103202
3040010
2022200
1033001
1301300
1000232
320300
1203002
13100
2102030
3040001
13103
1002302
222002
103220
21302
3300101
230201
3300110
2020130
1033010
230210
1330001
222020
21320
3040100
13130
400202
1330010
310100
310103
1031003
1031000
3300200
400220
1203020
1002320
3001202
2100032
2012030
2020220
1000301
220001
4103000
220004
220010
3003200
220013
2200400
134000
2020202
220022
1000313
310130
1031030
1000310
220031
2012003
2012000
3122000
1000304
1033100
1000331
103301
304001
220040
2010002
312200
1000322
304010
103310
13202
1000340
431000
230300
1330100
132002
13220
3001220
400301
3120002
2010032
400310
4310000
302000
101300
132020
101303
302003
302012
2010023
2010020
3002
3120020
310202
302021
4400000
3011
220103
3014
220100
2100200
2020310
310220
302030
2100203
3020
3023
130001
2020301
101330
3030011
130004
3032
130010
3030002
1000403
130013
1000400
304100
44000
3202001
1000430
220130
3041
300002
130022
3210200
103400
1001
3202010
300014
1004
3032000
130031
300011
300020
1010
300023
3001310
4013000
13301
1013
3001301
130040
222200
13310
1022
1322000
3202100
300032
1031
1034
341000
300041
140300
1040
1203200
302102
42002
1043
1023002
3001400
400400
310301
3101
4220000
212003
3104
310310
1023020
212000
42020
11300
3200021
2100230
3110
11303
220202
3113
3030020
2004020
302120
3200030
2020400
3200000
3122
3200003
130100
130103
2303000
3131
2102300
3200012
2004002
212030
220220
1320020
2100320
300101
40001
11330
2002013
2002010
40004
3140
2010203
2010200
3200120
2002004
300110
40010
300104
1100
40013
2002001
1103
210002
130130
300113
1320002
3200102
40022
13400
3110003
300122
3110000
40031
210023
2002040
3120200
210020
300131
2010230
300140
40040
2301002
132200
1130
1133
2100302
3030110
2002031
210032
2002022
3030101
302201
2301020
2000030
3200
3203
4003001
310400
2000024
302210
1103000
1103003
1031300
2000021
3212
220301
122000
1232000
2012300
2000012
122003
3022010
220310
3221
3030200
130202
2000003
2000000
3230
3022001
4300001
1230002
2010302
3110030
40100
1103030
40103
2213000
2002103
2002100
4300010
300200
130220
300203
122030
300212
1202
2000042
300221
2000033
300230
3020012
40130
120002
1220
1223
1400030
2002130
3020003
3020000
2010320
3020030
1232
34001
4001000
1400000
120020
4001003
1400003
1230020
120023
2123000
302300
42200
34010
3020021
120032
204002
3200210
2000123
3302
2000120
4130000
1023200
3311
220400
2004200
204020
3320
2000102
3200201
331001
130301
4003010
32000
32003
2420000
1013003
2002202
4300100
1013000
331010
130310
300302
40202
32012
202001
300311
32021
1301
202004
210203
1304
202010
2000132
3401000
210200
3200300
1320200
40220
3102002
32030
202013
1310
1310003
4003100
1313
1310000
300320
202022
1013030
1322
202031
3104000
30002
2002220
2301200
1331
34100
210230
3022100
4001030
202040
30011
1340
30014
200003
2000222
3100013
200000
30020
3100010
30023
3401
3100004
2000213
2000210
3100001
413000
212300
200012
3100031
30032
2000204
3410
200021
2000201
2203001
3100022
331100
30041
200024
1310030
200030
3014000
130400
200033
2002301
32102
3020102
200042
1230200
3102020
40301
2000240
202103
300401
3020120
40310
2033000
202100
32120
1400
2000231
1403
4040000
210302
300410
2031002
3020201
2201000
120200
2201003
120203
3012002
202130
210320
30101
1430
2002310
30104
3012020
3020210
30110
30113
2203010
200102
2000312
3100040
120230
3311000
30122
204200
1220030
2000303
1220003
110000
2000300
1220000
2031020
110003
2330000
3110300
30131
200123
200120
323000
30140
122300
3010031
24002
200132
32201
3010022
3100130
110030
110033
40400
32210
1304000
2000330
1103300
24020
3010040
3102200
202202
2000321
1302002
2201030
3100103
3100100
321002
120302
202220
3010013
22001
1003004
22004
1003001
3010010
30200
321020
1400300
3010004
22010
30203
3010001
2203100
22013
2002400
1130000
1003022
120320
4200002
1130003
30212
3100202
22022
4030010
1003013
200201
4030001
2000402
1003010
30221
200204
22031
200210
3100220
4200020
30230
200213
1302020
1003031
22040
3010100
3010103
200222
20000
3020300
2240000
20003
1001003
200231
1300022
1001000
4001300
233000
1300031
32300
20012
1003040
1300001
200240
20021
1300004
20024
3221000
1300010
2000420
1013300
1300013
20030
202301
1130030
403001
20033
104000
104003
403010
3012200
202310
1001033
2023001
3004010
1001030
20042
3004001
1310300
4202000
1003103
1003100
22100
3131000
22103
231002
1300040
30302
104030
30311
200303
401003
401000
200300
231020
30320
22130
102002
1003130
200312
2023010
2031200
3010130
401030
3010220
200321
3002030
102020
102023
20102
3002021
24200
200330
1040003
1040000
1040030
102032
1300103
2021003
2021000
1300100
20120
403100
143000
20123
3301010
100001
2320001
3100301
2023100
202400
20132
100004
4030100
2320010
1302200
100010
100013
313001
14000
1300130
3002012
14003
321200
313010
3010202
100022
2021030
3100310
22202
3301001
3002000
3002003
100031
30401
100034
3000041
3041000
440000
2320100
100040
100043
30410
2103020
22220
4022000
3000032
1003202
14030
3010301
200402
2230001
2230010
1003220
3002102
311000
110300
1220300
3301100
110303
3100400
311003
12002
3000014
3000011
200420
3004100
20201
20204
3000002
1300220
311030
20210
2402000
12020
2201300
20213
12023
3000020
1300202
3000023
2103002
110330
20222
12032
3000110
3000104
100100
100103
20231
3000101
313100
4020020
20240
10001
10004
3000122
223001
10010
3000113
22301
10013
4020002
1034000
1003310
223010
231200
100130
100133
3002120
2400002
22310
10022
1003301
3010310
1331000
1130300
10031
2400020
10034
10040
102200
102203
10043
1202003
1202000
2013020
1300310
4200200
221003
221000
20300
1032002
3010400
20303
3002210
2310002
2013002
102230
1001303
20312
1032020
1001300
1300301
3000140
20321
2312000
221030
20330
100202
104300
3000131
1030013
3002201
10100
1030010
2230100
10103
1030004
1202030
1001330
100220
1030001
100223
223100
4100030
2103200
1030031
22400
1200023
1200020
1003400
3203000
1030022
100232
3000230
133001
1200002
133010
3002300
2222000
401300
10130
10133
1030040
4100003
4100000
303002
102302
4001
1300400
1040300
4004
3000200
3000203
2310020
303011
303020
12200
2021300
4010
12203
4013
3000221
102320
1200032
20402
4022
430001
3000212
131000
131003
430010
4031
3000302
2220002
20420
12230
301004
4040
3201020
3031010
100301
301001
2000
301013
100304
2003
4020200
2220020
301010
131030
100310
1030103
100313
3201002
3000311
301022
10202
1030100
14300
2012
301031
100322
2021
2024
100331
2400200
10220
2030
133100
10223
2033
301040
100340
3031001
10232
303101
43001
2042
1030130
