2
3020330
320000
300032
320003
332300
3200033
20
2303030
33302
30230
23
30233
320030
20000
32
3020303
3000332
3020300
20003
203303
2003003
320033
2003000
203300
233003
33320
3030023
3030020
233000
32300
3000320
3200030
3000323
32303
3200000
3200003
2303003
2303000
330302
3030032
20030
2300003
3302003
203330
20033
3302000
2300000
233030
2003033
2003030
3323000
32330
330320
3003002
2300030
3303020
3033200
30302
303200
303203
3303002
200303
3230300
200300
230003
30320
230000
30323
303230
30332
2000030
3200
3002030
3203
3300023
3300020
200330
2033300
230030
200333
3300002
230033
3030203
3030200
3023030
3002033
2000003
2000000
3230
2330300
3003020
3233
2300033
3003023
3330200
300200
300203
3023003
3003032
3023000
3302030
3002000
3002003
2000033
2030303
3032300
2030300
303302
300230
200
203
3020003
3000032
300233
3020000
333002
3020030
3203300
302300
3233000
333020
302303
303320
323300
2030330
332000
332003
3302
230
233
33002
3320030
3000002
3320003
3320000
3300032
3030230
203003
3320
3000020
3000023
332030
203000
3323
33020
2300
302330
33023
2303
32000
3230000
3230003
32003
23300
3332
23303
33032
300302
3303200
203030
330002
203033
2330
3200300
2333
3030320
32030
3200303
330020
32033
330023
23330
300320
300323
320300
300332
320303
302
3020033
3030302
30002
330032
200003
320
200000
323
30020
30023
20300
332
320330
20303
30032
233300
3300203
3300200
200030
200033
2303300
20330
2333000
3003200
20333
3003203
3003230
2033003
2033000
2003303
3200330
2003300
3230030
3033002
3000233
3203000
2300330
3203003
3003302
3000230
2330030
3002300
3332000
3033020
3002303
3003320
333200
2033030
2003330
230303
303002
230300
3000200
3000203
303020
303023
2300303
2030003
3302300
2030000
2300300
2330003
33200
2000303
2000300
2330000
33203
3300230
302000
302003
230330
3002
323000
303032
323003
3000302
302030
3020
33230
2030033
3023
2030030
2000
3300320
323030
2000333
2003
2000330
302033
3330020
23000
3032
23003
3030002
330200
3320300
330203
3330002
3203030
300002
3023300
3032003
3032000
2030
3032030
300020
2033
330230
300023
23030
3002330
30200
23033
30203
3300302
