311300
1110032
102401
2
303110
4100
1024010
3113000
1032200
4103
213002
11
102410
1024001
12302
14
213011
4112
1200131
2302001
3031100
430100
221201
4010030
20
1110020
2101301
23
1110023
12311
4010021
2302010
221210
4121
2310200
131102
2101310
1200140
213020
32
12320
4010012
4130
340001
2003003
2003000
4100120
41000
41
41003
44
4010000
4010003
340010
131120
41012
4100102
41021
2130020
1200212
41030
2003030
2011220
4010102
4100210
1200221
2003021
4100201
1200203
1200200
2003012
2011202
1020014
303200
2220101
1020011
101
104
4202
1024100
1020002
110
213101
2220110
113
12401
2130002
4211
1200230
213110
422000
221300
1020023
122
12410
1020020
123002
2130011
4220
2003102
2212001
340100
123011
131
131201
1020041
134
131210
4301000
2220200
2212010
140
123020
41102
1020032
143
2130101
2130110
41120
1102001
1102004
1200311
1110200
1401020
1102010
1110203
1102013
2003120
2011310
4010120
3023000
2302100
2101400
2003111
2011301
1200302
1401002
1020110
1110230
1020104
200
1102040
1020101
2040020
203
4301
1200320
213200
2040011
212
1020122
1102022
4310
4002020
123101
2040002
221
1020113
4010210
1102031
224
1020140
4010201
332000
4002011
230
131300
123110
233
33002
1020131
4002002
41201
4100300
242
33011
41210
33020
4010300
4002110
1200401
1102100
1102103
4002101
1200410
1311002
1110302
2003210
2011400
2003201
1110320
1102130
1012013
1020203
2212100
1012010
1020200
201002
1012004
302
1012001
1012031
4400
201011
2122001
2040110
1020221
201014
311
2130200
1311020
1012022
2122010
2040101
314
1020212
201023
201020
320
2204000
123200
323
1012040
3101030
1020230
201032
332
33101
201041
242000
2122100
41300
341
33110
3101003
1401200
3101000
1102202
3400001
3101021
4211000
3400010
2003300
3101012
1020302
3101102
3310001
3310010
1012103
1012100
1221020
201101
401
201104
404
3011000
2032010
410003
201110
4121000
3011003
410000
3400100
2040200
1221002
1020311
410
410012
201113
111002
1102220
413
2032001
201122
410021
4002200
422
410030
201131
1012130
111020
111023
1020320
431
33200
201140
440
111032
2200040
1303001
1102301
2200001
3011021
1004012
1430000
2200004
1012202
3011012
2200010
1131002
2200013
1004003
1004000
3101120
2114000
201203
410102
1303010
1004030
201200
1012220
1311200
1020410
1102310
2200022
1004021
2032100
3011030
2200031
1020401
201212
320000
2200100
2200103
201221
320003
320012
21002
201230
410120
3220001
320021
2110001
2200112
21011
2110004
21014
2200121
320030
2110010
3220010
21020
1131020
2110013
3011120
21023
4031000
3310100
21032
1303100
21041
3011102
3101210
3101201
1213010
3302000
1000013
1221200
1012301
1000010
1004102
1000004
1000001
1000031
1102400
402002
201302
3003002
1004120
103001
1000022
1012310
3101300
1213001
201311
103004
402011
2024000
410201
111200
402020
320102
111203
2200130
103010
1000043
103013
410210
1041002
2110022
1000040
201320
320111
1000034
21101
2110031
103022
230003
21104
230000
1041020
1340000
103031
21110
2110040
21113
320120
230012
111230
103040
21122
230021
21131
230030
2110130
21140
3003020
2020031
1004201
3011210
2020022
1000103
1123001
2200202
1000100
3011201
3003011
2200211
2020013
1000124
402101
2020010
2110100
3220100
3130010
1000121
2110103
402110
2020004
410300
201401
2200220
103100
1004210
3130001
1213100
103103
2020001
1012400
1000112
1000142
201410
312002
111302
3011300
13001
103112
1000133
3003110
2200301
13004
1000130
2401001
320201
312011
2102000
312020
21200
103121
3212000
1131200
13010
2102003
1123010
21203
230102
13013
2020040
2401010
320210
2200310
111320
2110202
3130100
103130
2102012
230111
21212
13022
140003
140000
21221
13031
230120
21230
140012
3003101
13040
140021
140030
1004300
1000202
2020121
1123100
2020112
1000223
1000220
2020103
1000214
2020100
1000211
402200
312101
103202
3040010
2102021
1033001
1000232
320300
103211
312110
2110220
13100
2102030
3040001
13103
222002
103220
21302
222011
13112
230201
2020130
1033010
1000241
1041200
21311
2311010
230210
13121
140102
2110310
222020
2102120
21320
3040100
13130
140120
2012030
1201010
2020220
1000301
1201013
2401100
2012021
1201022
3003200
2020211
2200400
2012012
2020202
1000313
2102102
1000310
2311001
1201001
2012003
2110301
2012000
1201004
3122000
1000304
1201040
1033100
1000331
103301
304001
312200
1000322
304010
103310
13202
1201031
222101
2102201
21401
1000340
13211
222110
431000
230300
2311100
132002
4101020
21410
13220
132011
140201
140210
4310000
4101002
132020
4400000
2012120
4011002
1410002
2020310
2020301
1000412
2012102
1000403
1201103
1201100
1000400
2110400
304100
1000430
2102210
300002
2221001
103400
1001
300014
1000421
1004
3032000
300011
300020
1410020
1010
214001
300023
2221010
13301
1013
1201130
214010
222200
13310
1022
300032
1031
132101
1034
132110
341000
2221100
300041
140300
1040
42002
1043
2131001
42011
4220000
1201202
42020
3200021
2004020
2012210
3200030
2020400
3200000
4011020
3200003
2004011
2012201
2303000
2102300
3200012
2004002
1320020
300101
1021004
1021001
3200120
300110
300104
1100
1103
210002
1021022
3110012
300113
1320002
3200102
1201220
214100
13400
210011
1112
1021013
3110003
1021010
210014
300122
3110000
1320011
3200111
124001
1121
2131010
210023
1124
210020
300131
300140
1021031
132200
1130
124010
1133
4101200
210032
42101
1142
210041
42110
1021040
2000030
4003001
1402001
2000024
1201301
1103000
1103003
2000021
1201310
1410200
1402010
2004110
2012300
2000012
2004101
2000003
2000000
1230002
1021103
3110030
1021100
1103030
2213000
1230011
3110021
300200
2041010
300203
300212
1320101
1202
2000042
1103012
2041001
210101
300221
1320110
210104
1211
2131100
1103021
210110
1214
2000033
300230
3020012
210113
120002
1220
1021130
124100
1223
3110120
210122
120011
3020003
3020000
120014
3020030
1232
210131
34001
120020
1230020
120023
2123000
42200
1241
34010
3020021
210140
1402100
120032
3200210
2000123
2000120
120041
1201400
2000114
1103102
4130000
2000111
2004200
2000102
3200201
3110102
4011200
4003010
1103120
1013003
1013000
1230101
300302
1230110
202001
1013021
300311
2041100
2000141
3102011
1312001
1301
3110201
202004
210203
1304
202010
2000132
3401000
210200
1013012
3200300
1320200
3102002
1021202
1312010
202013
1310
4003100
1313
300320
120101
1140020
202022
210212
1013030
120104
1322
1021220
202031
210221
120110
120113
30002
1140002
1331
34100
210230
202040
30011
120122
1340
30014
2000222
120131
30020
30023
2000213
2000210
120140
30032
2000204
2000201
30041
1013102
3020111
1222001
3020102
1222010
1230200
3102020
3110210
2000240
1312100
1103201
1021310
202103
300401
3020120
2033000
202100
1400
2000231
1103210
1021301
1403
411002
4040000
210302
300410
112001
202112
210311
1412
112004
3012011
3020201
2201000
120200
2201003
120203
411020
202121
112010
112013
1421
3012002
1013120
202130
210320
2201012
30101
120212
1430
112022
30104
3012020
3020210
2201021
120221
30110
112031
30113
2000312
120230
112040
3311000
30122
2000303
3102110
2000300
3110300
30131
3102101
30140
1222100
1304000
1103300
2000330
1013210
3102200
1021400
202202
1013201
2000321
202211
210401
112100
112103
2201030
210410
321002
120302
202220
1132001
22001
22004
120311
321011
30200
321020
1140200
22010
30203
1132010
22013
120320
2201120
4200002
112130
30212
2000411
22022
4200011
2000402
30221
22031
4200020
30230
2111030
22040
3020300
1214000
3012110
1001003
1300022
1001000
3012101
1300031
2201102
1300001
1001021
2410001
1300004
2111000
3221000
1300010
2000420
1013300
2111003
1001012
1300013
2410010
202301
403001
104000
104003
403010
3012200
202310
1001033
411200
3004010
1001030
321101
112202
3004001
104012
1001024
2410100
2201201
120401
321110
22100
104021
1132100
1042010
3131000
22103
231002
1300040
2201210
120410
1001042
112220
30302
1042001
104030
231011
22112
30311
22121
231020
30320
22130
1001102
1210001
1300112
2021021
1210004
1210010
1300121
2021012
4110002
1210013
1300103
2021003
2021000
1300100
403100
100001
2320001
202400
1001132
100004
104102
2320010
1210040
100010
100013
1001123
112301
313001
1001120
14000
1300130
1124000
14003
321200
1210022
313010
100022
112310
2021030
104120
22202
1042100
14012
1210031
100031
231101
30401
2103011
100034
22211
3000041
231110
14021
3041000
440000
2320100
141002
100040
100043
30410
2103020
22220
3000032
14030
2230001
2230010
141020
1300211
3000014
4200101
1210103
3000011
1210100
3004100
4200110
1300220
3000002
2021102
1001213
2402000
2201300
1001210
1300202
3000020
4110020
2103002
3000023
1001204
1001201
1210130
1001231
3000110
3000104
100100
100103
1120022
3000101
313100
104201
4020020
1001222
1120031
1120001
10001
112400
100112
104210
10004
1120004
4020011
14102
3000122
1001240
100121
223001
10010
1120010
3000113
1120013
2103101
22301
10013
100124
2021120
4020002
1034000
223010
231200
100130
100133
22310
10022
14120
10031
100142
10034
10040
1120040
10043
1202003
2140001
1202000
2013020
4102010
2021210
1300310
4110200
4200200
1210202
2140010
2013011
1202012
4102001
2021201
2013002
1001303
1001300
1300301
3000140
2312000
2111300
2103110
1001321
100202
104300
3000131
1001312
1030013
100211
10100
1030010
1120100
2230100
1120103
1202021
10103
100214
14201
1030004
1202030
1001330
100220
1030001
1210220
100223
223100
2103200
1030031
22400
10112
14210
1030022
100232
10121
3000230
133001
10124
133010
100241
2222000
10130
141200
1120130
10133
1030040
10142
1300400
1202102
3000200
3000203
2013110
2021300
1210301
3000221
4020110
2013101
1001402
4020101
3000212
3000302
1001420
3201011
301004
3201020
100301
1120220
301001
1112030
2000
1112000
301013
100304
2003
1112003
1210310
4020200
301010
4012010
100310
1030103
100313
3201002
3000311
1202120
301022
10202
1030100
1120202
4012001
14300
2012
301031
100322
10211
2140100
2021
1030121
10214
2024
4102100
100331
10220
2030
133100
10223
1030112
2033
301040
100340
10232
43001
2042
1030130
2132000
10241
43010
1202201
2013200
1321010
1120310
301100
301103
3000320
1202210
100400
1210400
100403
1022012
1030202
2102
211001
1022003
1120301
301112
1321001
10301
100412
1022000
211004
2111
2300003
10304
1022030
211010
2114
2300000
1030220
3111020
100421
301121
10310
211013
2120
10313
1022021
2123
1030211
211022
301130
2300012
100430
10322
2132
211031
2300021
10331
43100
2300030
2141
2001023
2001020
211040
3410000
10340
3201110
2001014
1403000
2001011
1202300
2001002
3111002
3000410
4012100
3000401
3201101
3201200
1120400
1104020
1231001
2042000
2001041
1030301
1104002
2001032
301202
1321100
1022102
2201
2204
211103
4004000
211100
301211
301220
10400
2210
10403
420002
2213
1022120
121001
1030310
10412
420011
121004
2222
1231010
420020
121010
121013
10421
2231
211130
10430
121022
2240
2210021
121031
2001113
2001110
2001104
2210030
121040
2001101
3021002
2300102
1100021
1100024
2001140
2300111
1100030
1231100
1100000
2210000
301301
3320000
2210003
3021020
1100003
2001131
1022201
203003
301310
203000
2300120
1313000
2300
1112300
1100012
2001122
2210012
1014002
3021011
2303
3230000
211202
420101
3021101
203012
2312
420110
2300201
1014020
3103010
1022210
121100
203021
121103
1030400
3111200
2300210
1100033
2321
203030
4000040
330002
2210102
211220
3021110
31001
2330
1100042
31004
330011
330020
4000031
31010
2001212
31013
4000022
121130
2001203
2001200
31022
4000013
3103001
4000010
31031
4000004
4000001
31040
4000121
1100120
1223000
1100123
4000112
2001230
3103100
1022300
1010012
1100102
1104200
4000100
4000103
2001221
1010003
301400
203102
1010000
2120000
1010030
2402
2120003
203111
211301
1010024
412001
113000
2210120
113003
1010021
2411
2120012
412010
211310
420200
330101
203120
121202
1100132
2420
2120021
1010042
113012
330110
31100
113021
2120030
1010033
31103
240002
2001311
2210210
2202020
121220
2120102
113030
2001302
240011
31112
3140000
31121
240020
2120120
31130
2030012
1100210
3013001
1100213
2030003
2030000
1100222
2300300
2202002
2001320
1014200
2210201
1100201
1010102
2202011
1100204
3021200
4000130
3013010
1100240
3013100
203201
412100
1010123
1010120
203210
211400
113102
2030030
2202101
121301
322001
1100231
23000
1133000
23003
2030021
1010132
2411000
330200
2210300
322010
2202110
121310
4000220
113120
31202
23012
240101
2001401
31211
23021
240110
4000211
31220
23030
4000202
2030111
1301012
2030102
1100312
4000310
1301021
4000301
1002014
1010204
1002011
1010201
1301003
1301000
1100300
2001410
1002002
1100303
1010222
2112002
404000
203300
1002023
2120201
1010213
1002020
1010210
322100
113201
1100321
2120210
2112020
1301030
2030120
1002041
1043000
1010231
121400
1100330
113210
23102
1002032
232001
31301
23111
232010
2321000
240200
2120300
31310
1010240
23120
1100402
2022011
2030201
4201001
1211003
1211000
2022002
1010303
1002110
4201010
1010300
1002104
2202200
1002101
1301102
3001004
400004
3001001
1211030
1002122
3300020
400001
1010312
101000
101003
400013
400010
1002113
3300002
400022
3001022
1301120
1002140
314000
1100420
1010330
113300
101012
3001013
3300011
400031
2022020
2030210
1002131
101021
1010321
3001010
23201
101024
232100
101030
101033
31400
23210
4000400
400040
142001
101042
142010
2022110
2030300
1301201
1301210
2022101
4201100
1002203
1002200
400103
2104001
400100
1002221
2112200
3001031
2104010
1002212
1010402
101102
310004
1420001
310001
400112
11000
1002230
1121000
310013
2231000
1121003
11003
1010420
3001040
310010
1420010
400121
101120
2100002
310022
101123
224000
23300
400130
2104100
11012
3001130
310031
2100011
3001121
101132
11021
2100014
11024
3210020
2100020
11030
142100
2100023
1121030
11033
310040
3001100
3210002
3001103
11042
2014010
2022200
1301300
1203002
3210011
4021010
2014001
1002302
4021001
3001112
3300101
3300110
1330001
3210101
1002311
400202
1330010
3210110
310100
101201
4021100
1420100
1203011
310103
1031003
400211
101204
3001211
1031000
3300200
400220
101210
101213
1203020
11102
1002320
3001202
2100032
220001
1031021
310112
4103000
220004
101222
2141000
220010
2100041
1031012
310121
220013
101231
11120
134000
11123
220022
310130
1031030
101240
220031
11132
2010014
2100131
2010011
2014100
220040
2010002
2100140
1203101
1330100
3120011
2100101
1002410
2010041
2100104
3001220
400301
1113020
3120002
2010032
2100110
1002401
400310
2100113
1031102
302000
1203110
1412000
101300
1211300
101303
302003
302012
2010023
2010020
3002
1113002
2100122
3120020
310202
302021
3120110
101312
11201
3011
220103
11204
3014
220100
310211
2100200
310220
101321
302030
3120101
11210
2100203
3020
11213
3023
130001
1240001
101330
220112
2100212
3030011
130004
11222
3032
1240010
220121
130010
3030002
130013
2100221
1031120
11231
44000
2010110
3202001
220130
3041
2010104
130022
3210200
11240
3202010
2010101
130031
3001310
4013000
3001301
130040
2010140
1322000
3202100
1121300
2010131
1203200
302102
2010122
1023002
3001400
400400
310301
101402
302111
3101
2010113
212003
3104
310310
1023020
212000
11300
1031210
2100230
3110
11303
220202
3113
3030020
302120
1023011
101420
1031201
212012
220211
11312
3122
130100
1240100
130103
212021
11321
3131
212030
220220
2100320
40001
130112
11330
2002013
2002010
40004
3140
2010203
2010200
130121
2002004
40010
40013
2002001
130130
40022
40031
1113200
3112010
2002040
3120200
2010230
40040
2301002
2100302
3112001
3030110
2301011
2002031
1023101
2010221
2100311
2002022
2010212
3030101
302201
2301020
3200
3203
310400
212102
302210
1023110
11402
1031300
3112100
3212
220301
2301101
421001
122000
2100401
1232000
122003
3022010
421010
220310
2301110
3221
3030200
2100410
2211002
130202
212120
11420
122012
3230
3022001
4300001
2010302
130211
40100
122021
40103
2002103
2002100
4300010
130220
122030
40112
40121
4001021
1400021
40130
4001012
1400030
2002130
1101020
2010320
1101023
1400000
4001000
1400003
4001003
2002121
302300
1400012
2010311
1101002
2002112
1142000
204002
3302
204011
421100
212201
2211020
1023200
3311
212210
220400
204020
122102
3320
1101032
331001
130301
32000
32003
2420000
2002202
4300100
331010
130310
122120
2121002
40202
32012
4210001
40211
32021
4210010
2121020
40220
32030
1310003
1310000
1400120
3104000
1310012
2002220
2301200
1400102
2010410
1011002
3022100
4001030
2002211
2010401
200003
1011023
3100013
200000
1011020
3100010
204101
3401
3100004
204110
3100001
413000
212300
200012
3100031
3410
114002
1310021
200021
1011032
2203001
122201
3100022
331100
200024
1310030
200030
3014000
4001120
130400
200033
2002301
122210
114020
32102
200042
241001
40301
32111
241010
4001102
40310
32120
1101200
1101203
2031002
1310102
4001210
1400210
4001201
2002310
1400201
2211200
2203010
200102
3100040
1220021
204200
1220030
200111
1220003
110000
200114
1220000
2031020
110003
2330000
200123
1310120
200120
323000
122300
2031011
110012
1220012
1101230
3010031
24002
110021
200132
2113001
32201
110024
3010022
24011
3100130
200141
110030
241100
2121200
110033
40400
2113010
32210
24020
3010040
110042
1302002
2031101
1101302
3100103
1302011
1310201
3100100
3010013
1003004
4210100
4120010
1003001
3100121
3010010
1400300
3010004
3010001
2203100
2002400
4120001
3100112
1130000
1003022
1130003
3100202
4030010
1003013
1220120
200201
4030001
1011203
1003010
1130012
200204
1011200
1310210
200210
1011230
3100220
1220102
200213
1302020
110102
1003031
1101320
2031110
3010100
114200
4120100
3010103
3100211
200222
20000
2240000
20003
200231
24101
4001300
110120
110123
233000
32300
20012
24110
1003040
200240
1130021
20021
110132
20024
20030
1130030
20033
1302101
2023001
20042
1302110
1310300
4202000
1003103
1003100
1220210
3010121
1212020
1130102
1003112
1011302
200303
2113100
401003
3010112
401000
200300
1212002
401012
102002
1003130
1011320
110201
102011
1220201
200312
401021
2023010
110204
2031200
1003121
3010130
102014
401030
3010220
200321
3002030
1040012
110210
110213
102020
102023
20102
3002021
24200
200330
1040003
3010211
1040000
110222
20111
1040030
102032
20114
110231
20120
102041
1130120
143000
1040021
20123
3301010
110240
3100301
2023100
20132
4030100
1302200
20141
3002012
3010202
3100310
3301001
3002000
4112000
3002003
1122002
1003211
1130201
401102
3211001
4022000
1003202
3010301
200402
3002111
102101
200411
102104
1003220
3002102
311000
1421000
110300
1220300
3301100
110303
3100400
311003
102110
102113
311012
12002
401120
200420
1040102
20201
110312
311021
102122
12011
20204
12014
110321
311030
20210
102131
1130210
12020
1122020
20213
1040120
12023
110330
102140
20222
12032
2101031
20231
12041
2101040
20240
1003310
3002120
2400002
2101001
1003301
3010310
1331000
2101004
1130300
2400011
2400020
2101010
3211010
1204001
2101013
401201
1204010
102200
1212200
102203
311102
401210
2101022
2400101
110402
1032011
102212
12101
1040201
3121001
221003
12104
2400110
221000
20300
2101100
102221
1032002
3010400
12110
20303
3002210
2101103
2310002
12113
311120
110420
102230
221012
2310011
20312
12122
1032020
1040210
3121010
221021
20321
2011004
12131
221030
2011001
20330
3211100
12140
3002201
4100030
1200023
1200020
1003400
3203000
1122200
2011031
4100021
1200002
2011022
3002300
4100012
401300
1204100
1200011
2011013
1200014
2011010
4100003
4100000
303002
102302
1032110
4001
1040300
4004
311201
102311
2310020
303011
303020
12200
2101130
1032101
4010
12203
4013
221102
311210
102320
1200032
20402
12212
4022
430001
131000
1241000
131003
1200041
20411
430010
12221
2011040
4031
2011103
2011100
2220002
221120
2101220
20420
131012
12230
4040
2220011
3031010
131021
2220020
131030
1110002
1200113
3121100
2011130
1200122
2400200
2101202
2310101
3031001
1200101
303101
1200104
1200110
2310110
