3
4101
213000
12300
12
4110
21
24
30
1110030
131100
33
4010010
2003001
301101
41001
42
4010001
100401
301110
41010
2100
1022010
1030200
2103
211002
4100100
100410
1022001
10302
1200210
2112
2300001
10311
2300010
4010100
2121
211020
10320
2130
1200201
2003010
2011200
1020012
2001021
102
4200
2001012
1020003
1020000
111
2130000
1020030
114
2001003
2001000
3111000
120
123000
1020021
123
2003100
132
41100
141
1104000
301200
2001030
2202
1022100
10401
1102002
2211
420000
10410
121002
2220
1401000
121020
1200300
1020102
201
204
2001102
210
1102020
213
1020120
222
2040000
3021000
1100022
2300100
231
33000
4002000
1100031
2210001
240
1100001
1100004
203001
1100010
2210010
1100013
2301
2001120
1014000
203010
211200
2310
1311000
1110300
330000
2210100
1100040
31002
31011
2001210
1020201
201003
4000020
201000
300
31020
1012002
303
2001201
4000011
201012
312
1012020
1020210
201021
4000002
321
201030
330
1010013
4000110
1100100
1010010
1100103
4000101
1010004
1010001
203100
1010031
2400
2120001
3101001
1102200
113001
1010022
2120010
121200
1100130
113010
1010040
3101010
31101
1020300
240000
3101100
2120100
31110
2001300
201102
402
3011001
410001
111000
1221000
111003
411
410010
201120
2030010
420
1100220
2030001
2202000
111030
1010103
1100202
1010100
113100
23001
1010130
31200
23010
2200002
1004010
1012200
1131000
2200011
1004001
3011010
410100
201201
4000200
2200020
201210
1301010
2200101
320001
1100310
21000
2030100
21003
320010
2200110
2110002
1002012
21012
1010202
1301001
1002003
1100301
21021
1002000
2112000
1002030
1010220
21030
1002021
3011100
23100
1000014
1000011
1004100
1000002
3003000
402000
201300
1000023
1000020
103002
320100
1100400
103011
2110020
1000041
1041000
103020
2022000
21102
1000032
230001
1010301
230010
1002102
1301100
21120
400002
3001002
1002120
101001
1010310
400011
101004
3001020
3300000
400020
101010
101013
3001011
101022
1000110
101031
1000104
2200200
2020020
1000101
101040
2020011
1000122
2020002
103101
1000113
1000140
312000
111300
103110
13002
1000131
2102001
21201
13011
1002201
230100
2110200
2102010
21210
13020
400101
140001
400110
140010
1002210
101100
101103
1010400
310002
11001
11004
310011
2100000
310020
11010
2100003
1000203
11013
1000200
101130
2100012
11022
2020110
1000221
2100021
11031
2020101
1000212
2100030
3210000
3001101
11040
103200
1000230
1203000
13101
1002300
222000
21300
13110
3001110
140100
400200
310101
101202
1031001
310110
11100
3001200
11103
1000302
220002
101220
220011
1031010
1201020
2102100
2012010
2020200
220020
1201002
1000311
11130
2012001
2010012
2010003
2010000
1000320
13200
132000
2100102
3120000
2010030
1031100
101301
302001
4101000
3000
1113000
2100120
3003
2010021
310200
302010
101310
11202
3012
4011000
1410000
220101
2100201
3021
220110
2100210
130002
11220
1000410
3030
2012100
130011
3030000
1000401
300000
130020
300003
300012
2010102
1002
300021
1011
1014
300030
1020
1023
1032
302100
42000
1041
2010120
1023000
101400
3102
1201200
212001
11301
3111
212010
220200
11310
3120
3200001
130101
3200010
2004000
130110
300102
40002
1021002
2002011
2010201
300111
40011
2002002
1101
210003
1104
210000
1021020
1320000
3200100
40020
3110010
1110
1113
300120
3110001
210012
1122
210021
2301000
1131
2100300
210030
1140
2002020
2010210
2000031
3201
212100
2000022
11400
1103001
3210
122001
2000013
2000010
2211000
130200
2000004
122010
2000001
2002110
1230000
2010300
40101
2002101
300201
40110
1200
1103010
1203
210102
2000040
300210
1212
120000
120003
3020010
1221
210120
120012
1230
3020001
4001010
4001001
1400001
120021
1101000
1101003
1400010
120030
204000
3300
2000121
1103100
2000112
122100
1101030
2000103
2000100
3110100
32001
2002200
1013001
300300
2121000
40200
32010
202002
1302
202011
210201
2000130
1013010
3102000
1021200
1311
210210
1310001
202020
120102
1320
1310010
30000
1400100
1140000
30003
1011003
1011000
120120
30012
2000220
200001
3100011
30021
200004
200010
3100002
2000211
30030
200013
114000
2000202
200022
1011030
3100020
200031
1013100
32100
3020100
200040
4001100
202101
1401
202110
411000
210300
1410
112002
2031000
1310100
2201001
120201
3012000
2201010
120210
112020
30102
30111
200103
200100
2000310
30120
110001
2000301
1220001
200112
110004
1220010
200121
110010
110013
24000
200130
110022
3010020
110031
110040
202200
3100110
1302000
1101300
3100101
321000
120300
22002
1003002
3010011
30201
22011
3010002
4200000
1130001
30210
1003020
22020
3100200
200202
1130010
1003011
2000400
200211
3010110
110100
1220100
110103
3010101
200220
20001
1001004
20004
1001001
1300020
20010
2201100
20013
1300002
1001022
110130
20022
1300011
1001013
1001010
20031
104001
20040
1001031
112200
104010
1003101
22101
231000
30300
22110
1001040
1130100
1003110
1011300
200301
401001
102000
1212000
102003
401010
200310
110202
102012
1210002
1001103
1001100
20100
102021
1040010
20103
2021010
110220
4110000
1040001
102030
20112
1300101
2021001
20121
1300110
20130
100002
1001130
104100
100011
100014
14001
3010200
100020
1210020
100023
3002010
22200
14010
3002001
1122000
100032
100041
401100
141000
1003200
200400
102102
3002100
110301
311001
12000
3000012
12003
311010
110310
102120
20202
1040100
12012
3000000
3000003
2021100
3000030
20211
12021
2103000
3000021
1300200
20220
1001202
12030
3000111
100101
1120020
100104
3000102
1001220
100110
100113
10002
1120002
14100
3000120
100122
10011
4020000
10014
100131
2400000
10020
10023
2101002
100140
10032
311100
102201
10041
2101020
110400
1202001
102210
12102
1202010
1210200
221001
20301
1032000
1001310
221010
2310000
2013000
20310
12120
1001301
2011002
100200
100203
1030011
100212
10101
10104
100221
1030002
10110
10113
100230
1200021
10122
1030020
1200030
1200003
1200000
2011020
10131
4100010
303000
10140
102300
1200012
4100001
4002
3000201
1202100
12201
4011
221100
20400
12210
4020
1001400
131001
3000210
2220000
3000300
131010
301002
100302
1030110
2001
2004
100311
301011
3201000
301020
10200
1120200
1030101
2010
10203
2013
1110000
100320
1110003
10212
2022
1200120
10221
2031
2101200
1200102
10230
2040
