300012001
1
4
11010220
21021001
10
213001
300012010
11010211
13
213010
21021010
22
140200000
131101
31
34
131110
101140000
112101001
110102200
40
43
11010202
400300000
112101010
120031000
110020300
112101100
201100210
201100201
11010301
210210001
210210010
23200000
100
103
213100
20300101
112
2130001
302011000
121
2130010
20300110
124
110020111
2212000
131200
130
133
110020102
142
110102020
2130100
110020120
300110200
10240000
11010100
20300200
11010103
201100120
203001010
113002000
203001001
201100111
201100102
23020000
110102101
202
211111000
110102110
211
214
21103000
220
223
320001010
11010121
230002000
100042000
20120020
110020201
232
11010112
33001
21021100
241
20120002
33010
300110101
20120011
11010130
320001001
110020210
300110110
201100030
201100021
110004100
1311001
10011031
201100012
120211000
203001100
112003000
10011022
200002300
420010000
10011010
201100000
10011013
201100003
202100011
41010001
300110020
202100002
21201001
41010010
301
304
21201010
230100100
210030001
1311010
310
10011040
313
210030010
202100020
322
10011100
10011103
200002210
331
33100
300110002
340
22020100
300110011
10011130
321000001
321000010
1311100
111200200
10011121
111020020
301011100
10011112
200002201
111020011
140020000
111020002
3310000
202100110
321000100
202100101
21201100
400
403
410002
230100001
412
230100010
410011
2032000
410020
111200002
200002120
110004010
421
111200011
430
11010310
110004001
301011010
210210100
111200020
100140100
20300020
41010100
111200101
301011001
11010400
100222000
111200110
200002111
20300002
200100400
200002102
20300011
400021000
10011001
202100200
10011004
1131001
114100000
410101
410110
200002030
200002021
1131010
200100301
111101110
30000100
30000103
100141000
30000121
111101101
10011310
200002012
200002003
30000112
200002000
200100310
10011301
12010120
30000010
1000012
30000013
110200021
121030000
30000001
1000003
30000004
1131100
110200030
1000000
202002010
110200000
1000030
110200003
12010210
30000031
113100010
1000024
1213000
1000021
202002001
113100001
110200012
410200
30000022
30000040
21300001
20022100
1000042
1000033
12010201
21300010
230002
20104000
230011
210112000
230020
200100202
110003200
210030100
200100220
12010021
410000101
12010030
112002100
410000110
200100211
1000111
114001000
12010003
301110100
12010000
1000102
12010012
201001300
1000123
1000120
1000114
202002100
3130000
204001000
21300100
12010102
1000141
111101020
312001
12010111
1000132
111101011
10011220
312010
200100130
10011211
111101002
230101
22021000
10011202
230110
303010000
410000020
200100100
200100103
410000002
400201000
200100121
410000011
200100112
201001210
301110001
1000204
110200210
320000020
1000201
301110010
201001201
320000002
11011000
1000222
100321000
11011003
20120101
40010101
110200201
320000011
1000213
40010110
20120110
1000210
111003010
312100
110020012
200100040
20202001
1033000
1000231
110020003
110020000
20202010
110020030
410000200
230200
110020021
1000240
200100013
20202100
111003100
40010020
200100010
200100004
101320000
200100001
200100031
201001120
200100022
1000303
110102002
1000300
211030000
11011021
110102011
201001111
11011012
40010002
203100010
201001102
320000101
1000312
40010011
203100001
2311000
320000110
110200300
11011030
1000330
211210000
401020000
12010300
1000321
111101200
10011400
132001
300012100
231100000
132010
121210000
110200120
110200102
40010200
20120200
201001030
110200111
20022001
1410001
201001021
20022010
201001012
1410010
201001003
201001000
1000411
320000200
1000402
203100100
111003001
1000
1003
1000420
214000
1012
113100100
22201000
1021
1024
201003001
112100011
132100
1030
31000030
1033
112100002
31000021
10110103
10110100
320100100
110101120
1042
31000012
120030001
2131000
31000000
20301100
31000003
112100020
120030010
1410100
11011210
10110130
300013000
11011201
113001100
10110121
22300000
10110112
200200111
211110100
110101201
200200102
110101210
11011300
1102
200200120
1111
1114
1120
10110202
1123
401200000
201101200
1132
21022000
13010101
1141
13010110
230001100
100041100
101221000
20121010
110101012
2000023
2000020
110101021
113001010
100123000
11011111
2000014
13010002
2000011
113001001
110101000
11011120
20121001
110101003
2000002
13010011
10110010
200200012
13010020
1230001
10110013
120112000
1230010
10110001
200200003
200200000
10110004
200200030
1201
120030100
1204
411000010
110101030
11011102
2000041
1210
200200021
1213
411000001
2000032
320002000
10110040
100041010
111002200
1222
230001010
201101110
20203000
203000020
1231
34000
201101101
203000011
10110031
1240
30000400
203000002
230001001
10110022
100041001
211110001
2000122
110101111
211110010
2000113
2000110
2000104
2000101
110101102
1230100
321001000
2000140
110003101
21202000
1312000
1300
1303
2000131
300111100
201101020
1312
21120100
110003110
1321
201101011
1330
211012000
201101002
203000110
203000101
10012120
300111010
2000221
21120001
21120010
41011000
2000212
12011002
400020100
2000203
100221100
2000200
10012111
10110400
411000100
10012102
100303000
30000301
200003200
101041000
120210010
112002010
2000230
300111001
1402
120210001
112002001
30000310
411001
30000202
1411
411010
1420
203000200
30000220
10110220
10110211
30000211
120210100
112100110
110101300
400102000
2000311
112100101
100221010
2000302
100221001
110003002
320100001
320100010
110003020
112100200
10110301
30000130
200003110
110003011
301012000
40110001
411100
2000320
40110010
13010200
231000100
10012030
20301010
10012021
1132000
10012012
400020001
200003101
10012000
10012003
20301001
10110310
400020010
410001010
2000410
30001102
2000401
100140010
212110000
10012300
100140001
410001001
102400000
112001200
30001111
14010100
1001002
200003020
11110030
200003011
30001120
11110021
114000100
1001023
1001020
2410000
1001014
1001011
114000010
11110120
14010001
111100120
1001032
114000001
21301000
30001030
14010010
300210100
111100111
200003002
200101300
111100102
231001
1001041
202001002
231010
231001000
11110111
202001020
12011200
202001011
400200100
11110102
1001101
400200010
1001113
110002201
1001110
400200001
40011001
100320100
210111001
1001104
30001000
100000
30001003
100003
210111010
1001131
21121000
10012210
110002210
100402000
313000
1001122
100012
10012201
30001021
12011011
100021
300210001
20400001
200101210
100024
1001140
12011020
410001100
200101201
30001012
20400010
300210010
231100
100030
100033
3000040
202001101
100042
12011110
2230000
20400100
11110012
11110000
11110003
202001110
121111000
3000013
112001101
111100030
3000010
3000004
111100021
12011101
3000001
200101120
100320010
110002300
3000031
111100012
1001212
102220000
210111100
112001110
3000022
100320001
111100003
1001203
111100000
1001200
1001230
200101102
11012011
111002011
100102
3000100
3000103
1001221
11012002
100111
111002002
42010000
22120000
111100300
100114
3000121
100120
200101111
100123
11012020
3000112
401101000
204000010
201002200
100132
204000001
301111000
100141
302110000
31000300
11110300
111002020
202001200
40011100
20121100
200101030
31000210
204000100
31000201
1001311
1001302
320001100
40011010
111002110
200101000
200101003
1001320
111002101
100201
100204
3000130
200101021
100210
100213
122110000
200101012
100222
201002110
100231
133000
412000000
201002101
11110201
100240
101401000
3000202
1411000
111100210
322000000
3000220
111100201
1001401
3000211
3000301
210013000
1001410
100300
100303
2002
232000000
102040000
100312
3000310
2011
2014
201002020
201002011
100321
31000120
2020
2023
20023000
201002002
100330
11110210
120013000
201100300
2032
31000111
2041
31000102
12110011
120000301
10111120
12110002
120000310
111120010
10111111
111120001
230000020
100402
2101
230000002
2104
100411
130011010
101011000
230000011
101011003
2110
2113
101011012
100420
101011021
2122
230000101
101011030
2131
13011100
230000110
2140
2001022
200410000
130011100
301210000
31001020
31001011
2001013
2001010
111202000
10111210
20040001
200000410
2001004
31001002
2001001
200000401
111120100
10111201
20040010
12110020
3000400
100011400
10111003
10111000
13011010
21400000
1231000
2001040
20040100
2200
2001031
101011102
2203
101011111
20122000
2212
112021000
111300100
11012110
200000320
10111030
2221
11012101
212010001
101011120
2230
120000400
10111021
212010010
10111012
11012200
210011200
200000302
130011001
2001112
103010020
2001103
2001100
100011301
212010100
100011310
200000311
1100020
10111102
1100023
103010002
1100002
2001130
103010011
1100011
2302
1100014
2001121
13011001
101011201
2311
200000230
120000040
101011210
2320
1100032
330001
103010101
1100041
103010110
330010
200000203
32000200
100011220
200000200
120000004
4000030
2001211
120000001
4000021
120000013
211011001
2001202
120000010
111022000
10013110
120000022
4000012
100011202
10013101
200000221
120000031
100011211
4000000
4000003
200000212
110301100
120000103
1100113
120000100
4000120
1100122
141001000
112300000
211011010
4000111
1100101
20220001
12012001
120000112
1100104
2001220
4000102
30001300
12012010
120000121
1100110
20220010
101011300
2401
300112000
412000
200000140
200000131
2410
330100
1100131
300030100
1100140
2001310
200000104
200000110
20302000
32000110
100011121
2001301
100011130
32000101
200000101
200000122
200000113
320101000
100011112
1100212
120000130
12110110
100011103
100011100
12110101
1100221
1100200
103010200
1100203
12110200
110301010
200000041
10013020
200000032
10013011
10013002
300030001
100011040
1100230
300030010
110301001
10111300
200000011
100011031
32000011
200000014
2001400
200000002
32000002
120000202
4000210
20220100
30001210
140100010
100011013
120000211
100011010
4000201
140100001
30001201
100011022
131010100
120000220
200000023
40111000
32000020
200000020
110202001
32001001
100012021
231000001
1100311
100012030
110202010
231000010
4000300
100110310
1002013
210110101
11111101
131010010
100012003
1002010
100012000
210110110
32001010
100012012
1002004
131010001
1100302
1002001
1002031
1002022
100110301
1100320
13110010
110120101
1002040
13110001
110120110
232000
10210012
10210003
10210000
200131000
140100100
20401000
1100401
110202100
1100410
11111110
40110100
100110211
10210030
30002110
1002103
100110220
1002100
30002101
210110200
10210021
40012000
102010000
3001000
3001003
202000012
1002121
111103000
30100300
102010003
140002000
10013200
102010012
202000003
202000000
101002
100110202
211011100
1002112
3001021
30002011
101011
202000030
101014
3001012
30002002
101020
1002130
101023
202000021
101032
30002020
14011000
101041
102010021
111021100
210110002
102010030
110300200
210110011
21040000
210110020
110120020
100110130
11111020
11111011
110120002
1002202
100110112
110120011
300211000
113020000
100110121
100110103
213010000
102010102
1002220
100110100
202000111
102010111
3001030
202000102
101101
1002211
101104
202000120
11111002
12012100
101110
101113
2100001
10210201
111300001
101122
2100004
111300010
101131
2100010
3001120
2100013
101140
2100022
102010120
2100031
11013001
30100201
3001102
10030012
200311000
10030000
10030003
100110040
100110022
1002301
100110031
30100210
10210210
3001111
11013010
210012100
202000201
100110004
30100111
1330000
11013100
100110001
1002310
100110013
102010201
100110010
30100102
110104000
101200
101203
33000100
30100120
10030030
3001210
202000210
110022100
212011000
3001201
10030021
101212
101221
10210300
2100040
101230
102010210
301030000
2100130
41110000
141100000
11111200
112201000
110120200
13110100
10210111
2100100
202000300
2100103
102010300
31001200
10210102
1002400
2100112
33000001
101302
3001
2100121
3004
33000010
101311
3010
321100000
3013
101320
2100202
3022
31001110
10210120
2100211
31001101
3031
2100220
3040
21220000
130010200
30100012
30100003
30100000
201130000
210012010
110022010
30100030
3001300
230000200
30100021
110022001
220021000
300310000
101401
20041000
12111010
130010020
10030210
3100
3103
12111001
101410
130010011
3112
112020100
130010002
31002100
3121
40210000
210010300
3130
130010110
2002012
31002010
12111100
10030300
31002001
111201001
130010101
2002003
2002000
101010004
111201010
10112200
101010001
100010401
101010013
100420000
100010410
101010010
101010022
101010031
2100301
2002030
2100310
2002021
101010040
3202
10030111
112020010
3211
210010120
112020001
10112020
10030102
2100400
10112011
200001400
3220
10112002
2002111
100010320
2002102
110103100
101010100
100010311
10030120
101010103
4001020
1101010
1101013
101010112
100010302
101010121
4001011
1101022
2002120
101010130
4001002
1101001
1101004
210010201
110021200
112102000
1101040
10030201
3301
210010210
13012000
3310
31100200
10112110
200001310
1101031
331000
200001301
10112101
100010230
2002201
220201000
10014100
100010212
31100110
100010221
31100101
101010202
101010211
1101112
101010220
100010203
100010200
200001220
320020000
2002210
1101100
113200000
1101103
211010002
200002
3100012
211010011
200011
3400
3100003
111021010
200014
3100000
200001211
3100030
1101121
40030000
11030011
200023
110300101
200020
111021001
200001202
11030002
1101130
3100021
110300110
240010000
2002300
200032
100010131
200041
100010140
4001110
4001101
11210200
211010020
100010113
101010301
20221000
100010122
12013000
200001130
1101202
100010101
101010310
100010110
200001121
1101211
4001200
100010104
11210020
10014010
200001103
32001100
200101
200001100
10014001
200104
200110
31100020
11210011
31100011
200113
200001112
1101220
31100002
200122
11210002
200131
100010032
200140
100010041
140101000
30002200
100010023
100010020
11210110
11210101
3100111
100010002
101010400
1101301
14110000
110300020
100010014
3100102
111201100
200001031
100010011
1101310
110300002
1003003
1003000
3100120
110300011
300031000
200001040
200001001
1003021
3100201
200001004
200203
100011004
211010200
200200
111102100
1003012
11112100
100011001
13111000
11030200
200001022
200212
200001010
1003030
3100210
200001013
200221
10211002
20002
110201011
200230
201000400
20011
110201020
20014
20020
20320000
111020200
20023
32002000
110201002
20032
1101400
20041
1003102
320200000
30003100
10211020
10211011
1003111
200302
102001
200311
113101000
102004
102010
102013
1003120
200320
20101
34000000
102022
20104
3002020
30003010
201000310
20110
102031
20113
201000301
102040
20122
3100300
20131
111102010
211010101
11030020
20140
211010110
111102001
3002011
3002002
1003210
1003201
111020110
200401
20140000
3002110
102100
102103
3002101
200410
111020101
220120000
102112
11112010
201000220
201000211
20200
102121
11112001
20203
32100100
30003001
201000202
102130
20212
11030110
120130000
11030101
20221
10031002
110021002
2101030
20230
210011011
210011020
12210100
110021020
112200100
400120000
30101200
10211200
110021011
2101000
1003300
2101003
300130000
2101012
10031020
201000130
10031011
102202
2101021
201000121
102211
32100010
32100001
110103001
201000112
102220
20302
2101102
2101111
20311
210011101
201000103
201000100
20320
210011110
110021101
10031101
10113010
110103010
10113001
3002200
110021110
100240000
1200022
10211101
110201110
4100020
1200031
201000040
1200001
4100011
1200004
1200010
4100002
110201101
102301
200230000
1200013
4000
2101120
4003
201000031
30101101
102310
4012
201000022
201000010
20401
4021
201000013
430000
201000001
20410
1200040
30101110
10211110
4030
201000004
220300000
30101002
30101020
30101011
11014000
120310000
33001000
12210010
110201200
1200112
12210001
1200121
112200001
2101201
1200103
1200100
112200010
2101210
111004000
210011002
102400
210001030
4102
220110100
101013001
4111
1200130
2101300
101013010
4120
241000000
12030100
400001011
2003002
400001020
4100110
30102010
100210120
200023000
12112000
30102001
4100101
400001002
410110000
1200211
30200200
100210111
210001102
1200220
311100100
100210102
2003020
11211001
210001111
4100200
1200202
110221000
2003011
30020011
1020013
124000000
210001120
1020010
30020002
101013100
4201
1020004
1020001
1020031
121100101
4210
121100110
1020022
30020020
103012000
2003101
12030001
1020040
12030010
100210030
111040000
10031110
121100200
1102000
31003000
1102003
1200310
100210000
100210003
1102012
2003110
1200301
1020103
1020100
4300
1102021
10113100
1020121
1102030
1020112
311100010
200121100
30200110
4002010
30200101
311100001
210001000
4002001
1020130
401000200
210001003
210001012
210001021
10031200
220012000
1200400
1102102
30200011
4002100
30200002
102111001
1102111
210001300
120002101
221011000
200203000
30200020
311002000
33100000
120002110
10310020
2003200
1020202
110041000
201001
122001001
201004
201010
1020220
102111010
201013
122001010
1102120
1020211
201022
401000101
10310110
200121001
201031
401000110
10310101
11031010
201040
13210000
200121010
3101002
100013200
1102201
212000200
102111100
11031001
3101020
31101100
3101011
3101101
1020301
104110000
31101010
122001100
201103
201100
1102210
101210011
31101001
3101110
1020310
101210002
201112
212000002
201121
401000002
220110010
240001000
212000011
201130
11211010
101210020
401000011
220110001
401000020
210001201
212000020
210001210
120002200
100013110
121100020
212000101
201022000
212000110
1102300
121100002
130111000
100013101
200301100
121100011
2200000
2200003
1004011
10310011
2200012
1004002
10310002
201202
2200021
101210110
11211100
201211
1004020
101210101
2200030
1020400
201220
2200102
21001
21004
2200111
21010
21013
2200120
21022
211001011
200301010
10130110
120100111
21031
240000100
120100102
10130101
211001020
21040
120100120
10212010
31020010
31020001
200301001
211001002
10212001
3101200
1004110
120100201
240000010
100014001
1004101
100014010
310100020
240000001
310100011
3003001
201301
310100002
103000
103003
120100210
201310
103012
21100
103021
21103
123000100
102012001
103030
21112
102012010
110122000
11113000
21121
311001100
21130
310100200
11031100
201120100
2020030
10310200
1004200
2200201
100030300
110040100
2020021
201202000
3003010
2020012
2200210
13030000
31200100
201400
2020003
2020000
100112200
103102
201400000
10130011
120002020
403000000
103111
10130002
104011000
2200300
102012100
103120
21202
2102002
31200010
21211
2102011
101111002
31200001
111400000
120100300
21220
101111011
313000000
30004000
101111020
3003100
100030210
310100110
120002002
201120010
400000300
120002011
201120001
310100101
10130020
210100102
400000210
121001011
2020120
210100111
121001020
100030201
2020111
100112101
10032010
213000100
11310010
10032001
2020102
100112110
121001002
210100120
11310001
400000201
310002010
103201
2102020
310002001
103210
21301
101111101
21310
101111110
10114000
103110001
100030120
103110010
100030102
32101000
100112020
1201012
100030111
210100201
2020210
1201021
312001000
100112002
2102101
210100210
2020201
1201003
1201000
201300100
110401000
100112011
10032100
2102110
111220000
12211000
10130200
120100012
211001110
100210300
103300
120100000
120100003
1201030
123000001
120100030
21400
2102200
120100021
123000010
211001101
30102100
10212100
131110000
121001110
30020200
210100000
210100003
101111200
210100012
4101010
200104000
400000120
210100021
400000102
100030021
4101001
400000111
100030030
200022100
210100030
121001101
400000021
30020110
100030003
1201111
100030000
121001200
400000030
100030012
310002100
30020101
2020300
4101100
400000003
201300010
400000000
400000012
100210210
1201102
221110000
201300001
300004
100210201
211001200
300001
300013
300010
103110100
300022
1201120
213000001
213000010
300031
210000004
210000001
210000013
300040
20010301
122000200
210000010
210000022
30103000
101110300
210000031
1201201
3200020
30021100
101012002
1201210
210000040
101012011
101012020
3200002
120001300
11130010
2004010
11130001
3200011
2004001
300100
300103
30021001
1021003
1021000
11212000
1021021
300112
3200101
30021010
1021012
300121
11130100
201220000
3200110
210000100
210000103
300130
1021030
110220001
210000112
20010310
110220010
210000121
101012101
202021000
4003000
1201300
1103002
101012110
20010400
110400001
2004100
103011001
110400010
1021102
32200000
300202
12031000
1103011
310200010
300211
300220
11310100
1021111
310200001
1103020
30201100
120001
311101000
3020011
120004
120010
3020002
120013
1021120
120022
3020020
120031
130012000
103011010
220011001
120040
101012200
1103101
110400100
111121000
3200200
100012300
300301
20010040
202003
300310
202000
3102010
1021210
1103110
20010022
1021201
20010031
3102001
202012
20010001
10311100
120001030
102110002
120100
20010004
120103
202021
210000301
20010010
20010013
102110011
202030
120112
210000310
120121
103011100
120130
100012210
20010100
110040010
20010103
120001120
200040100
12310000
110040001
102110020
130110100
310200100
100012201
3020110
30201001
11032000
120001102
3020101
120001111
1103200
300400
202102
221010010
1021300
202111
200122000
221010001
30201010
102110101
210000130
3020200
102110110
310102000
202120
2201002
120202
120211
2201011
120001201
221010100
120001210
31020100
2201020
120220
122000101
110302000
20010130
200040010
122000110
200040001
100012120
100012102
20010112
100110400
20010121
100012111
3102100
10311001
122000002
122000011
210000202
310020010
122000020
20010211
110220100
210000211
210000220
202201
310020001
20010220
202210
31102000
20010202
120301
102110200
130110001
22000
22003
120310
130110010
22012
10311010
10000024
4200001
22021
10000030
10131100
30300100
4200010
10000021
22030
31021000
10213000
10000012
310101100
10000000
10000003
110121100
121000210
100013011
1300021
100013020
200220100
2201101
1300030
1300003
10000042
100111300
1300000
2201110
10000033
312100000
21010300
100013002
202300
121000201
1300012
200302000
104002
211000021
104011
211000030
3004000
211000003
120400
2201200
211000000
104020
22102
21010201
121000300
22111
211000012
10000120
21010210
10000123
22120
310101010
12130000
10000114
202300000
112120000
102011002
310101001
131011000
10000111
10000102
2021020
200220010
1300120
2021011
200220001
210000400
2021002
1300102
100111201
102011011
102011020
1300111
100111210
110121010
10131001
30300010
104101
30300001
104110
22201
110121001
22210
2103010
20011000
102011101
20011003
120001003
120001000
120001012
10131010
120001021
1300210
4200100
100111120
2021110
110203000
100111111
102011110
2021101
101110003
101110000
2103001
101110012
1300201
211000210
101110021
1120021
101110030
100111102
104200
1120030
21010000
1120000
1120003
21010003
201121000
200400100
4020010
211000201
22300
21010012
4020001
2103100
1120012
220011010
10000312
104010001
21010021
104010010
111301000
21010030
10000300
31201000
11311000
10000303
1202002
220011100
100111030
310003000
104010100
1202011
202120000
4102000
2021200
101110102
10000330
100111012
102011200
101110111
10000321
100111021
1300300
121000021
121000030
1120120
100111003
101110120
100111000
200400001
121000003
121000000
1202020
1120102
121000012
200400010
1120111
211000300
21010120
121000120
121000102
10000141
121000111
10000132
1202101
222010000
211000120
1202110
211000102
4020100
211000111
101110201
3201010
1120210
101110210
10000222
32020000
10000210
301000
10000213
132010000
301003
301012
10000201
10000204
110023000
1120201
301021
3201001
301030
10000240
10033000
21010102
201301000
21010111
10000231
120201001
40000102
1202200
40000111
110010013
110010010
20011300
22010200
120201010
40000120
110010004
201004000
200201200
110010001
110010031
110010022
202200100
301102
301111
101310010
1022011
110010040
101310001
1120300
1022002
2300002
301120
11000032
2300011
1022020
11000041
2300020
40000003
40000000
200201101
11000002
10230010
11000014
11000011
10230001
40000012
400003000
100130200
11000023
11000020
40000021
200201110
110010103
110010100
40000030
3201100
31300000
100212100
10000411
10410010
122200000
10000402
102031000
10410001
1022110
1104001
301201
1104010
1022101
101310100
301210
202020010
120201100
121000
121003
202020001
40000201
40000210
121012
30022000
10000420
121021
100130101
200201002
121030
100130110
11131000
200201020
201020200
100212010
310201000
210130000
402100000
100212001
200201011
2300101
3021001
201102100
10410100
2300110
301300
1104100
1022200
203002
202102000
3021010
203011
11000230
3021100
2300200
202020100
203020
121102
100130020
101130001
121111
101130010
121120
100130002
20011030
100130011
11000203
11000200
11000212
110010301
400101100
201020110
20011012
3103000
11000221
20011021
201020101
20011120
100310200
201102010
110010310
11000302
400101010
201102001
40000300
400101001
11000311
20011111
121020001
30202000
121020010
203101
2120002
203110
101212000
2120011
20011102
30120100
121201
101130100
2120020
121210
30120010
11000101
410010100
2120101
121102000
110010121
11000110
30120001
2120110
110010112
201020020
11000104
201020011
11000113
201020002
110010130
11000122
100310110
100310101
2202001
22010110
201200200
22010101
2202010
203200
10230100
22010011
110010202
121300
2202100
23002
10312000
22010002
410010001
110010220
23011
11000131
410010010
11000140
22010020
23020
110010211
200004100
20011201
310021000
121020100
401002000
20011210
100310020
1301011
10001041
1301020
201200110
10001032
100311010
1301002
20110120
201200101
203200000
100311001
20110102
2120200
20110111
103210000
23101
21011200
200004010
10001113
23110
10001104
200004001
20110201
10001110
122101000
10001101
101031001
2022010
1301110
101031010
4201000
201200020
23010100
10001140
2022001
10001131
201200011
10001122
201200002
310020100
1301101
400003
30301000
400000
120004000
400012
3300001
400021
3300010
400030
200020300
23200
11000320
401100100
101113000
20110210
121200010
121200001
101031100
10132000
1301200
20012020
2022100
20012002
103030000
200102200
20012011
300010300
121200100
2104000
400102
1121011
10001020
10001023
400111
10001011
1121020
20110300
10001014
10001002
11000401
203020000
1121002
11000410
11410000
400120
401100010
300010210
21011011
120020002
200020201
220010011
10001311
401100001
120020011
21011020
10001302
220010002
120020020
200020210
120200200
1203001
10001320
200102110
4021000
12000130
3300100
300010201
200102101
220010020
1121110
400201
1203010
120102010
400210
120102001
31120000
1121101
220003
10001401
200020111
220010110
220000
12000211
10411000
220010101
311020000
300010120
200102020
200020102
12000220
220012
200020120
220021
21011002
220030
12000202
20110003
200200300
20110000
23010010
311200000
23010001
20110012
1203100
100032100
200102011
300010102
11230000
402001000
300010111
200102002
12000040
1121200
12000022
120020101
10001212
202201000
3120010
100114000
201003100
12000031
10001200
120020110
400300
10001203
3120001
411010000
102211000
12000004
302002
12000001
12000013
12000010
302011
302020
200020012
300010021
220010200
220102
12000112
3120100
200020000
220111
12000121
300010030
200020003
120020200
12000103
200020030
12000100
10001230
200020021
220120
10001221
21011101
3202000
400002100
21011110
200200201
300010000
300010003
100032001
20110021
201003010
20110030
120102100
200200210
100032010
300010012
42000001
400002001
42000010
11001004
400002010
11001001
302101
11001013
11001010
200022010
1023001
21110101
11001022
302110
300011002
121101100
21110110
200022001
102210100
12000400
220201
1023010
40001101
220210
40001110
123100000
310120000
210211000
40000
40003
10231000
21110020
40012
40021
40030
100211110
11001031
120200011
100211101
42000100
200120200
120200002
2301001
2301010
1023100
11001040
302200
24010000
120200020
12000310
120200110
203002000
120200101
2301100
220300
302010001
122002
10001410
302010010
200202100
122011
12000301
3022000
4300000
102030001
122020
40102
102030010
40111
400100200
100211020
40120
100211011
1400020
200120110
100211002
200120101
121003000
40001200
400100110
1400002
400100101
1400011
204001
301010200
204010
110140000
302010100
200202010
122101
21110200
200202001
122110
102030100
10100122
202101001
410011000
40201
2121001
10100113
40210
10100104
2121010
10100110
122002000
102112000
202101010
210031000
10100101
11001220
200120011
200120002
1400101
10100140
22011001
200120020
10100131
120003100
1400110
301010101
204100
301010110
201021100
200300200
2203000
122200
13000102
201103000
202101100
10100221
13000111
401001100
40300
400100020
10100212
10100203
101211001
400100011
10100200
11001301
20012101
11001310
400100002
13000120
20012110
13000003
13000000
11001121
204100000
101211010
13000012
11001130
22011100
13000021
301010020
13000030
20012200
1400200
301010002
1220020
11001103
201021010
301010011
11001100
2121100
10100023
10100020
21110002
1220002
10100011
201021001
10100014
200300101
10100002
21110011
1220011
200300110
230101000
11001112
24001
24010
22011010
401001001
10100041
401001010
101211100
11001202
10100032
11001211
100014100
1302001
30121000
121101010
1302010
4120000
121101001
100310011
200300020
100310002
30040000
200300002
230020000
1220101
200300011
1220110
10100410
430000000
24100
41000020
10100401
10002100
10002103
202003000
201201100
41000002
20111110
41000011
330010000
12001012
2023000
1302100
12001021
10002130
101210200
10002121
20111200
10002112
102013000
12001003
12001000
22110001
122100001
22110010
401002
122100010
130030000
401011
101030002
120101200
401020
1220200
101030011
101030020
1040011
201201010
1040002
201201001
1040020
10100230
120003001
11001400
13000300
3301000
1122001
10002010
122100100
22110100
10002013
101112001
10002001
401101
1122010
101112010
10002004
10100311
13000201
101030101
401110
41000101
10100302
13000210
101030110
41000110
10002040
1040110
20013010
120003010
1040101
10002031
20013001
10100320
10002022
12001201
10330000
12001210
402000100
130210000
110320000
100031200
310300000
10002310
300011200
11100040
101112100
1122100
2400001
121002001
121002010
30220000
2400010
14000101
1204000
401200
14000110
100113100
200021200
101030200
2400100
14000020
121002100
3121000
1040200
221002
11100130
221011
200103100
203101000
14000002
14000011
221020
21012001
400001200
21012010
11100100
11100103
100031110
11100121
402000001
230200000
10002400
41000200
11100112
402000010
103111000
400001110
200021101
10002202
100113010
300011110
40001002
100031101
200103010
20111011
40001011
200021110
400001101
303001
20111020
100113001
40001020
120101002
303010
20111002
221101
12001030
120101020
10002220
200103001
221110
120101011
10002211
300011101
2220001
11100010
11100013
21012100
120101101
102210001
202200010
11100001
2220010
202200001
102210010
11100004
30400000
20111101
100031011
11100031
12001120
100031020
120101110
11100022
12001111
300011011
10002301
200021002
23011000
100031002
300011020
200021020
101014000
303100
210310000
100211200
12001102
123001000
200021011
11002021
302101000
300020200
11002030
1024000
23110000
2302000
221200
102000130
11100301
41002
100001221
201010120
41011
11002003
300102100
11002000
100001230
11002012
41020
11100310
110012110
201010111
100001200
131000200
100001203
102000211
102000220
100001212
110012101
210300100
201010102
20210020
11002102
112011001
40002100
11002111
11100400
211021000
102000202
300020101
2220100
20210002
300020110
20210011
123001
21111100
100001140
20210101
11100202
123010
20210110
41101
41100001
300102001
110110210
201010030
11100220
41110
100001122
300102010
41100010
11100211
14000200
100001131
201010021
102000310
100001110
12001300
100001104
1401010
201010012
201010003
201010000
100001113
100001101
102000301
1401001
300020002
300020011
110110300
300020020
2040010
123100
2040001
131000110
210300010
100001041
110012011
42001000
140110000
210300001
131000101
300200200
110012002
41200
110012020
100001032
100001014
102000400
131000011
12100030
100001011
301003000
100001020
100001023
131000002
12100021
10101130
12100012
210202000
12100000
1401100
131000020
111110020
12100003
11002300
10101121
20013100
100001002
210120100
230010001
101001004
101001001
230010010
22012000
101001013
2122000
13001200
41100100
101001010
2040100
101001022
230010100
300200101
111110110
10101211
101001031
10101202
300200110
111110101
200010400
13001101
13001110
101001040
100132000
114010000
3400000
10101220
120121000
1221010
10101022
10101010
101001100
101001103
10101013
202010011
10101001
10101004
202010002
1221001
21111001
101001112
21111010
101001121
300200002
110012200
10101040
200010310
202010020
300200011
101001130
112011010
11002120
300200020
10101031
11002210
210120001
1303000
210120010
200010301
301101100
103000003
10101112
103000000
111110011
13001002
111110002
103000012
112011100
202010110
10101103
13001011
103000021
10101100
101001202
13001020
103000030
101001211
1221100
11002201
202010101
220000030
10101400
320002
10003102
200010220
200010211
220000021
101000200
101000203
320011
220000012
320020
3220000
101000212
130000300
101000221
220000000
220000003
101000230
111011002
10003120
200010202
301020100
100100032
211300000
121120000
100100041
10003111
100100023
400111000
301102000
41001010
100100020
22111000
43000000
111011020
202010200
12002020
100100002
402001
41001001
100100014
402010
100100011
111011011
320101
200010121
220000120
12002002
1041001
320110
101000302
200010112
12002011
303100000
101000311
220000111
12100300
200010130
220000102
1041010
20014000
101000320
301020001
301020010
200010103
200010100
10003000
12100120
100231000
10003003
10101310
1123000
10101301
402100
12100111
21210100
12100102
40100002
1041100
200010031
40100011
12100210
2401000
320200
200010022
10003030
220000210
12100201
21210001
200010040
101000401
220000201
10003021
40100020
21210010
101410000
10003012
101000410
140002
120301000
140011
130000210
200010010
210022000
130000201
200010013
140020
200010001
41001100
200010004
20030002
110110102
11101102
113010100
20030011
40100200
110110111
231010000
211120000
301200100
14001100
121300000
111011200
11101111
130000030
13100002
130000021
13100011
20210200
3040000
12002200
222001
130000012
13100020
110110120
222010
130000003
130000000
300004000
10200031
130000120
140101
21013000
140110
10200022
130000111
10200010
10200013
130000102
10200001
10200004
40100101
11101120
110110201
40100110
301200001
10200040
20030020
100001410
301200010
111011101
102000022
12002101
100411000
304000
12002110
102000031
100001401
102000004
10003210
102000001
222100
102000013
10003201
102000010
110110000
110110003
20030101
14001010
140200
110110012
20030110
40002001
20112001
20112010
101230000
40002010
111011110
102000040
14001001
203010010
203010001
20030200
11101030
110110021
20112100
100001320
110110030
11101000
11101003
100001302
102000112
113010010
2221000
100001311
102000121
113010001
102000100
102000103
11101021
10003300
11101012
320010001
110011021
100000240
10200220
320010010
10200211
110011012
120120100
20211001
101311000
10200202
42001
100000231
401110000
110011030
42010
100033000
100000213
200110030
11003011
100000210
10020031
200110021
100000222
11003020
10020022
10020010
10020013
100000204
10020001
120202000
100000201
10020004
11003110
110011102
10020040
200110012
1320001
200110000
201011110
200110003
1320010
124000
320010100
201011101
10102012
110011111
10102003
10102000
10200310
13100200
100000132
211020001
42100
20211010
10200301
100000141
211020010
11003101
110011120
22210000
13100101
1402000
100000114
13100110
300021100
100000120
100000123
100000102
211200001
100000111
211200010
10200121
210004000
20211100
10200112
1320100
11101210
2041000
201011020
201011011
11101201
300103000
41101000
10200103
10200100
201011002
100000033
120022000
10200130
11101300
11003002
100000042
100000021
300021001
100000030
100131100
100000024
100213000
211200100
300021010
100000000
110011003
100000003
110011000
100000012
101131000
10102201
40200001
12101020
110011300
12101011
210201001
40200010
1140001
21030001
12101002
210201010
100131010
400012000
21030010
1140010
101000002
101000014
12101110
101000011
100131001
10020310
101000020
101000023
12101101
10020301
10102210
1222000
101000032
300201100
101000041
120300100
112010200
121021000
10020121
21112000
10020112
112010020
10102030
21030100
1140100
10020100
10020103
10102021
101000101
211102000
101000110
101000104
13002100
101000113
112010011
10020130
101000122
112010002
40200100
110011210
10102111
100311100
101000131
101000140
10200400
10102102
400110100
300201001
200011300
110011201
112010110
300201010
211020100
13002001
112010101
13002010
120120010
10020220
11003200
120120001
10020211
321001
10102120
10020202
321010
12003001
210021010
10004110
10004101
200011210
300120001
300120010
200011201
100230100
100312000
21211000
403000
111010012
11020012
101032000
321100
11020000
11020003
111010000
111010003
121201000
14100100
11020030
210103000
11020021
1042000
41002000
400110010
11200201
400110001
210021100
102310000
10004200
111010030
12003010
11200210
111010021
100230010
10102300
100230001
210201100
200011111
40101100
200011120
300300100
2320000
11200012
10020400
11200003
11200000
10004020
110010400
10004011
11200030
200011102
301021000
10004002
11200021
120300010
302200000
20310001
11200111
120300001
141001
11200102
20310010
141010
11200120
401011000
212200000
200011021
12101200
40101001
200011012
40101010
14100001
200011030
14100010
11020201
111010201
300300001
100410100
300300010
13101001
200011003
10000
200011000
20031010
10003
13101010
11020210
223000
10012
10021
10201021
20031001
10024
141100
10030
10201012
10201003
10033
10201000
120021010
11102110
10042
11102101
111010210
2140000
102130000
120021100
20031100
11102200
100000420
20113000
10201030
111010300
100410010
100000402
100410001
100000411
120103000
10102
211201000
10111
10114
212020000
14002000
11200300
201010300
10120
10123
11102011
10132
301201000
11102002
10141
302020000
42100000
111010111
111010102
12003100
100000321
100000330
100000312
111010120
100000300
201010210
10201
100000303
40003000
10204
22030000
201010201
10210
122020000
10213
11020111
11102020
10222
11020102
11020120
10231
43000
10240
420000010
10021021
20130100
420000001
102002200
10021012
10021000
100003300
41020000
10021003
20212000
12200110
210003100
12200101
310000210
101101102
101101111
310000201
1321000
10300
13003000
10021030
10303
10103002
101101120
103100002
10312
103100011
10201300
103100020
10321
10330
11004100
111030010
420000100
111030001
10021111
212002000
100003201
10103020
10021102
10103011
104001100
132100000
100003210
10201111
10201102
101101201
101101210
212100100
10402
11020300
420001
10411
420010
130101100
111210001
10420
111210010
10201120
210003001
110014000
100003120
210003010
11004001
130101001
11004010
100003111
130101010
111210100
301300000
310000300
103100101
10201210
10201201
103100110
13101100
100003102
12200020
100101400
12200011
101101300
12200002
101003002
420100
101003011
101003020
103100200
300022000
21031000
1141000
100003030
110211001
10021300
220030000
100003012
12020101
100003021
211101100
12020110
10103200
11201002
311000011
100101301
340000000
210200002
100101310
311000002
210200011
100003000
40201000
100003003
1010014
213100000
210200020
110211010
1010011
11201020
101003101
11201011
311000020
1010002
131002000
12020200
20310100
101003110
1010023
1010020
12102100
1010041
1010032
240001
12020020
240010
100101220
12020002
10021120
12020011
100101202
10103101
100101211
1010110
103002001
12200200
1010104
103002010
1010101
12102010
10021210
200041000
101003200
1010122
211101010
300120100
10021201
12102001
111030100
1010113
1010140
322000
103002100
211101001
10103110
1010131
111112000
20130001
240100
20130010
320011000
300202000
100101121
100101130
100020211
110210200
100020220
210200200
40102000
131100100
1010203
111013000
1010200
12004000
11201200
100020202
100102120
102100021
100102102
1010221
210020002
100102111
100200400
102100030
1010212
140010100
13200100
103001101
210020011
210020020
103001110
110030011
102100000
102100003
101002300
1010230
102100012
110030002
140010010
40020001
13200010
10300120
40020010
13200001
140010001
110030020
300121000
10300111
21130000
103001200
100020130
421000000
10300102
11021002
100020112
100020121
100020103
1010302
321010000
100020100
100102021
210102001
11021020
30010300
100102030
11021011
210102010
100102003
100102000
1010311
100102012
102100120
100200310
30010201
102100102
100200301
102100111
1010320
210200101
110210101
200221000
210200110
30010210
110210110
131100001
142000
131100010
100020040
100020022
30010120
100020031
100020004
100020001
100020013
100020010
14101000
10300030
100200220
1010410
40020100
11201101
102100210
10300021
211003000
100200211
20311000
1010401
10300012
100200202
1420000
11002
11201110
102100201
10300000
10300003
10202011
13020100
11011
11014
10202002
130002100
11020
11023
10300300
11032
11041
10120120
212101000
300301000
20032000
10120111
132001000
112111000
30010111
11021200
100200130
10120102
30010102
10202020
100200121
102002002
100200112
102002011
30010012
30010000
102100300
30010003
100200100
11101
100200103
11104
10202110
11110
30010030
11113
30010021
10202101
102002020
11122
21310000
13102000
201040000
11131
210020101
310000120
2010013
11140
2010010
11021101
210020110
2010004
11103010
2010001
110030110
100200040
110112001
310000111
200401000
110112010
110030101
310000102
11021110
102002101
2010040
100200031
13020001
102002110
13020010
100200022
10300210
11103001
2010031
100200010
10300201
100200013
2010022
100200001
100200004
104001010
11200
11203
10120030
11212
101101003
101101000
10120021
210102100
1240000
101101012
11221
11103100
10120012
10120003
10120000
101101021
104001001
11230
101101030
310000030
130002010
2010103
2010100
210020200
130002001
310000021
301120000
41200000
110112100
110030200
310000012
310000003
310000000
11300011
100002301
2010130
11300002
101100040
20000032
2010121
20000041
14200000
11300020
10022020
2010112
110013100
20000020
102001201
20000023
104000020
11302
130100200
102001210
11311
104000002
210002101
20000002
12201100
141010000
11320
104000011
210002110
20000011
20000014
20000113
31010200
101100103
101100100
130100101
2010202
10022110
310001200
20000122
212001001
112012000
10022101
130100110
212001010
10104010
20000101
100002211
101100112
104000101
100002220
20000104
10104001
104000110
20000110
101100121
101100130
300400000
100002202
2010220
2010211
102001300
12201010
10120210
11401
421000
312000010
11410
10120201
12201001
312000001
2010301
40120000
100002130
101100202
133000000
20000131
100002112
101100211
112110100
101100220
100002121
20000140
100002100
131001100
100002103
10202200
100100401
110013001
210100300
100100410
210002002
20000230
2010310
110013010
210002011
210002020
130100002
10022011
20000212
31010110
130100011
10022002
31010101
20000221
240100000
130100020
10120300
20000200
20000203
104000200
312000100
31010011
31010002
101100301
100002040
101100310
100002022
101002000
101002003
100100320
101002012
100002031
100100311
311001001
101002021
100002004
11120011
111111100
100002001
100002013
101002030
11120002
100002010
1011004
1011001
100100302
311001010
31010020
11120020
2010400
214000000
1011022
110210002
11120110
1011013
110210011
11120101
113110000
1011010
211100101
1011031
211100110
120040000
131001001
241000
1011040
11202010
100100230
101002102
14020000
110210020
101100400
101002111
11202001
131001010
100100212
220111000
103001002
100100221
20131000
101002120
103001011
1011103
1011100
210002200
100100203
103001020
100100200
140011000
10022200
11300110
12021010
1011112
11300101
110002
1011130
110011
10104100
1011121
12021001
110014
3010030
11300200
110020
110023
111111001
3010021
110032
100100131
110041
100100140
12021100
101002201
420001000
12103000
211100020
100100113
101002210
100100122
212001100
3010012
100100101
211100002
100100110
111111010
3010000
211100011
3010003
100100104
311000200
101001220
21000001
211002001
1011211
21000004
103000102
211002010
21000010
103000111
21000013
1011202
100101112
3010111
11022010
110101
21000022
100101103
110104
11022001
103000120
3010102
100101100
1011220
110110
21000031
110113
21000040
10301110
110122
10301101
110131
111012010
111012001
110140
20230000
100101040
120220000
100101031
101001301
12300010
12300001
101001310
1011310
100101013
3010120
100101010
211002100
100101022
40021000
1011301
220210000
110200
110203
100101004
100101001
21000130
110212
30011200
110221
130001200
3010210
110230
32010100
11202100
13201000
300040000
320110000
311000110
111110200
420100000
103000201
311000101
103000210
3010201
132000100
211100200
101001400
10301020
1011400
10301011
103000300
3010300
132000010
10301002
132000001
110302
11120200
12001
21000100
12004
110311
400030000
21000103
12010
12013
21000112
110320
32010010
12022
32010001
21000121
12031
212100001
310001020
20000311
12040
310001011
10121110
200140000
212100010
310001002
30011101
112110010
110111110
10121101
10203010
20000302
112110001
30011110
110401
12100
30011020
12103
10203100
30011011
110410
12112
210101200
12121
102001012
12130
2011003
2011000
130001110
102001021
10121200
110111200
20000320
130001101
12120010
12120001
102001000
102001003
300220000
113011000
40300000
2011030
400210000
110111002
10301200
13021000
210101002
102001030
2011021
100002400
210101011
210101020
111012100
213001000
2011012
20000401
10121020
20410000
11104000
10121011
12202
20000410
310001110
120400000
10121002
30011002
110111011
12211
310001101
110111020
12220
11022100
2011102
130001020
102001111
130001011
130001002
102001102
1110001
101100004
10203001
1110004
101100001
210101101
100330000
1110010
101100013
101100010
110111101
1110013
2011120
200320000
101100022
210101110
100002310
102001120
2011111
101100031
12300100
1110040
12301
103102000
101021200
12310
1110022
4010020
1110031
20001040
10023100
340000
11301001
4010011
100120030
4010002
30110200
100120003
20001031
220020010
100120000
220020001
11301010
11301100
4010110
1110100
1110103
12022000
4010101
100300210
20001121
121010020
311010010
100300201
2011210
30110110
311010001
20001130
30110101
2011201
1110130
121010002
103020100
20001112
121010011
220102000
12400
1110112
1110121
20001100
20001103
121010101
20001202
200113000
121010110
20001211
30110020
200031100
220020100
12120100
22000111
100300120
102201010
33010000
22000102
12202000
1110202
100300111
22000120
2011300
100300102
102201001
10023001
22000012
31011100
110311000
22000003
200031010
22000000
410020000
22000030
1110211
22000021
1110220
4010200
30110011
20001220
200031001
30110002
10023010
110000014
100300030
110000011
110000002
1110301
100300021
11203000
100300012
100300003
110000023
100300000
110000020
120010300
31011010
102201100
101300011
1012012
110000041
101300002
1012003
21000301
110000032
1012000
1012030
1110310
21000310
130021000
1012021
101300020
21000202
21000211
220200010
10400200
21000220
220200001
110000110
31011001
11121100
110000104
110000101
10220020
10220011
200211100
110000122
104200000
10220002
110000113
1012111
102021010
101300110
1012102
10400020
101300101
1110400
21000400
10400011
3011002
1012120
111001
10400002
111004
102021001
111010
111013
110131000
200211010
111022
111031
220200100
311010100
11121001
111040
100021300
20001010
20001013
102103000
20001022
100103200
200211001
20001001
11121010
20001004
101300200
3011020
1012201
13300000
3011011
10400110
102021100
10400101
1012210
111100
111103
21001030
120010030
111112
10302100
3011110
110032000
31110100
2110000
111121
102020101
111310000
2110003
102020110
111130
2110012
300000202
201030100
3011101
11023000
300000211
10220200
120010003
120010000
201112000
300000220
102102100
1012300
221020000
10040020
100022200
120010102
10040011
100104100
120010111
10040002
101201002
300000130
111202
2110021
21001000
130201000
111211
21001003
2110030
12301000
101201020
21001012
111220
101201011
102020200
21001021
201030010
310010110
20100022
300000100
300000103
2110120
23000020
201030001
20100031
310010101
300000112
20100001
23000011
20100004
300000121
20100010
23000002
20100013
31110010
100022101
10302010
100022110
31110001
10302001
3011200
120010120
21001201
100104001
2110102
21001210
104101000
100104010
2110111
111301
120010210
101201101
13120000
13000
300000040
13003
21001102
111310
13012
10220110
21001111
2110201
13021
310010020
101201110
10220101
300000001
21001120
310010011
300000004
13030
310010002
300000010
300000013
100022020
300000022
20100040
300000031
120010201
100022002
22000201
11400100
201210100
30012100
100022011
111130000
32011000
12121000
10040200
210010000
210010003
100120300
22000210
100202200
310010200
2110210
20001301
103200001
111400
210010030
103200010
13102
131020000
20001310
102004000
140000110
13111
101201200
140000101
13120
103200100
20001400
140000020
101021002
140000011
101021011
101021020
140000002
200014000
201210010
100120210
2012020
201210001
210010102
2012011
210010111
2110300
2012002
100120201
10122010
100202110
10122001
100202101
140000200
13201
13210
101103001
30012010
101103010
101021101
30012001
221200000
101021110
10040110
10040101
103020001
4011001
1111000
103020010
1111003
100120120
2012110
131200000
100120102
100120111
2012101
100202020
22000300
100202011
1111030
11400010
100202002
11400001
10122100
13300
1111012
100300300
101103100
10204000
1111021
20100400
20002102
20002111
202111000
101102101
101102110
22001002
101020201
1111102
11220100
311011000
22001020
2012200
101020210
221002000
22001011
4011010
1111120
111031000
110310100
301000120
210001
3110011
301000102
1111111
210004
32110000
210010
3110002
210013
301000111
4011100
210022
103101001
10401010
210031
103101010
10401001
20002120
210040
101102200
11220010
22001101
103101100
101020300
11220001
220101010
20002210
220101001
22001110
100004200
21100000
21100003
301000021
20002201
3110020
21100012
301000030
301000000
1111201
301000003
210103
21100021
30111100
210100
1111210
130020100
301000012
21100030
102200020
210112
210121
20002300
201310000
210130
30111001
102200002
10024000
102200011
11302000
110310001
101004001
30111010
110310010
200032000
101004010
100004101
3110110
220101100
3110101
100004110
1013002
20100130
1013020
1111300
21001300
130020010
3110200
210202
1013011
130020001
210211
330000010
20100112
110130100
141000001
330000001
20100121
141000010
210220
130102000
110212000
30001
102200101
30004
20100103
20100100
102200110
30010
12400000
30013
310110010
101004100
100004020
20100211
100020400
30022
10221010
310110001
20100220
330000100
30031
10221001
100004002
30040
20100202
103003000
100004011
1013101
221100100
100102300
23000110
300000400
31012000
1013110
23000101
210301
112000
302000002
112003
210310
3012010
302000011
3012001
112012
302000020
30100
112021
30103
102200200
112030
102020020
100020310
30112
11040010
30121
11040001
30130
100102210
102020002
100020301
102020011
110130001
141000100
110130010
300000301
11040100
200212000
100102201
10401100
20002021
23000200
300000310
200130100
20002030
1013200
20002000
20002003
210400
20100310
102102001
302000101
130200100
112102
20002012
302000110
112111
310110100
102102010
11122000
112120
30202
20100301
130200001
310011001
2111011
30211
102101011
130200010
102101020
2111020
30220
30210010
110031001
30210001
102101002
100021201
3012100
10041010
110031010
100021210
10041001
100103110
21002101
200130010
2111002
200130001
21002110
112201
100103101
21100300
300001201
21002002
112210
300001210
21002011
2111101
30301
10123000
102101110
21002020
30310
110031100
100021120
110113000
102101101
300001120
1210003
100021111
31111000
1210000
4110010
101200012
10303000
101200000
101200003
110211100
1210012
4110001
20101030
100103011
104100001
101200030
131101000
100021102
21002200
100103020
101200021
104100010
201031000
200310100
310011100
2111110
20101012
140001010
100201300
100103002
112300
300001102
20101021
140001001
14002
300001111
10221100
1210021
20101003
20101000
14011
1210030
2111200
30400
14020
20101111
102101200
100021030
12220000
20101102
202210000
112210000
100021012
1210102
221101000
300001030
101200111
100021021
23001010
1210111
101200102
101200120
23001001
310011010
100021003
100021000
200310001
100201210
21100102
300001000
100201201
300001003
200310010
24000100
21100111
140001100
300001012
14101
21100120
1210120
222100000
300001021
14110
4110100
102003001
104100100
101200201
1210201
2013010
102003010
2013001
111211000
100201120
101200210
24000010
101020000
101020003
101020012
100201111
24000001
1210210
101020021
1030012
100201102
14200
101020030
1030003
1030000
22001200
30013000
1030030
11401000
201211000
130003000
312010000
102003100
1030021
10041100
301000300
112030000
220003000
101200300
1210300
2013100
101102002
202030000
101102011
100201030
101102020
101020102
1112020
100201021
101020111
100201012
1030111
100201000
1112002
100201003
1030102
1112011
4012000
101020120
104002000
301000210
1030120
21100201
21100210
142000000
12040000
301000201
301001200
100122100
221001001
110100103
110100100
200111101
113000110
22002010
121012000
110100121
20003110
10320010
100204000
113000101
10320001
221001010
22002001
110100112
303000100
20003101
110100130
101400100
202110010
1112101
1030201
211003
202110001
211000
102121000
1112110
300100003
11041000
200111020
300100000
210040000
211012
111001300
3111010
1030210
200111011
10402000
211021
300100012
100040101
211030
300100021
100040110
300100030
110100202
402010000
301001110
100122001
100122010
110100220
3111001
200111002
10320100
110100211
301001101
201012100
24001000
223000000
120111010
111001111
400011100
21101002
21101011
3111100
1030300
111001102
1112200
211102
21101020
202110100
221001100
100040020
110100013
101220010
11221000
211111
110100010
101220001
220100020
110100004
110100001
110100031
20003200
120111001
211120
100040002
220100011
110100022
220100002
100040011
111001120
301001011
2210020
110100040
30112000
301001020
201012010
100220200
120111100
400011010
411001000
301001002
201012001
30030100
111001210
113000020
111001201
100302100
2210002
1014010
113000011
101302000
2210011
22002100
113000002
1014001
211201
211210
101220100
2210101
31000
31003
2210110
31012
10222000
31021
400011001
110002111
20101120
31030
100220110
110002102
100220101
110100400
100302010
201110200
110002120
112001002
100302001
410100001
112001020
23001100
410100010
1014100
10140100
112001011
310111000
121110100
20101201
22100020
211300
20101210
302001001
202012000
113002
30030010
302001010
113011
22100002
22100011
30030001
113020
31102
101040001
20101300
31111
20003002
100220020
101040010
31120
100220011
100220002
201110110
3013000
2030011
201110101
2030002
100400200
113000200
22100200
2210200
110100301
330001000
302001100
113101
110002012
22100101
101122000
113110
110100310
2030020
110002003
110002000
22100110
110002030
101040100
31201
31210
110002021
10140010
20003011
300001300
410100100
201110020
30210100
10140001
20003020
2030110
20020021
301100020
201110011
10042000
2030101
201110002
20020030
301100002
110001310
20020000
20020003
301100011
310012000
110001301
21003100
20020012
410002000
2112001
20200210
220002100
2112010
101203000
113200
100401100
122011000
20200201
20102002
21003010
200012200
2112100
31300
302000200
20102011
101121100
401010100
222001000
20200300
120012100
112000201
2030200
1211002
203110000
11320000
30211000
110001400
300002200
112000210
100401010
1211011
100401001
1211020
112000012
200012110
103120000
4111000
20020120
112000000
200012101
112000003
112000030
110001211
20102020
401010001
20020102
112000021
401010010
110001202
20020111
112000111
20020210
121110001
221100010
110001220
112000102
221100001
121110010
23002000
1211101
300002101
112000120
20020201
300002110
20102101
20102110
310000
1211110
310003
310012
200012011
23100001
310021
300002020
11140000
200012002
310030
23100010
220100110
220100101
101023000
200012020
111001021
3210001
31030000
111001012
3210010
2014000
300100300
200110300
300002002
111001000
120110110
100024000
111001003
300002011
120110101
3210100
120110200
102301000
310102
1211200
1031002
310111
111001030
20200021
1031020
20200030
310120
21101101
1031011
200110210
20200000
220100200
20200003
21101110
20200012
331000000
112000300
300100201
20200120
300100210
20200102
200110201
20200111
1113010
23100100
1031101
1113001
21003001
310201
101400010
303000010
200110120
220002010
310210
1031110
101400001
31210000
220002001
120012010
303000001
130000
21101200
130003
3030010
130012
3030001
411100000
130021
300100102
300100111
130030
200110111
311110000
201011200
300100120
200110102
100040200
100203001
111000220
200112100
21200200
300101101
111000211
400010200
121011001
200030200
300101110
111000202
310300
1113100
302100001
212002
21020002
212011
302100010
21020011
203010100
1031200
21020020
20004100
212020
130102
130111
100121011
130120
100121020
102120001
102120010
100121002
200112010
221000011
300101002
100301200
111000310
200112001
221000002
3112000
300101011
111000301
200030110
121011010
22003000
221000020
200030101
3030100
300101020
221000110
123010000
301002100
302100100
21020101
212101
102202000
221000101
212110
21020110
120110011
2211001
130201
120110002
400010101
130210
111000121
200030020
400010110
121011100
111000112
102120100
111000100
111000103
210301000
400010002
310030000
100301110
400010011
200030011
100301101
200030002
111000130
301002001
2211010
301002010
212200
120110020
21102001
400010020
201013000
10321000
200210200
21102010
130300
101301001
32002
10010011
10010014
110001031
20102200
10010002
32011
4210000
32020
101301010
110001040
1310002
10010041
100301020
1310011
10010032
100301011
220000300
100301002
10010020
2211100
22101100
10010023
110001103
110001100
22101010
302002000
200210110
114001
30031000
110001112
1310020
22101001
301100200
200210101
114010
10010104
110001130
102022000
101301100
32101
10010110
10010101
32110
110001121
202011001
410101000
20020300
1310101
2031001
103300000
202011010
200210020
1310110
20004001
20004010
21200101
21200110
210121000
200210011
114100
301100101
301100110
2031010
200210002
201111100
21200002
2113000
32200
21200011
230011000
111000400
24100000
10141000
202011100
21200020
2031100
110001004
110001001
1310200
101121001
110001022
101121010
110001013
110001010
1130002
101120002
1130011
4030000
101120011
101120020
104020000
100400110
304000000
201111010
100400101
301101010
110000302
20021011
120011011
201111001
10010302
120011020
20021020
1130020
204010000
110000311
301101001
20021002
120011110
20021110
10010320
220001110
110000320
20103010
220001101
101202010
101202001
20021101
10010311
101120101
1130101
101120110
20103001
100400020
1130110
100400011
1212001
22200100
1212010
100400002
120011101
130120000
110000140
10010140
230110000
10010131
330100000
110000131
20103100
10010122
10010113
30130000
22102000
220001200
222000010
122010100
222000001
101202100
10010200
10010203
110000203
110000200
200013100
3211000
1130200
100023100
103201000
101120200
110000221
122010001
1212100
110000212
311002
222000100
122010010
20021200
22020010
120011200
311011
110000230
311020
22020001
10010230
10010221
10010212
300003100
20201011
20201020
100023010
20201002
200013001
300003010
221000200
23101000
121010200
100023001
101022001
311101
200013010
101022010
11010022
311110
111000031
1032010
11010031
111000022
1032001
111000013
2310001
21102100
111000010
300003001
111000004
2310010
111000001
11010040
110230000
210220000
21020200
102300010
11010004
111000040
11010001
102300001
11010013
11010010
1114000
110410000
101104000
100121200
210400000
200111200
101022100
22200001
110000410
22200010
110000401
21004000
203011000
20201110
130300000
100203100
311200
303001000
1032100
310210000
10010410
410200000
300101200
20201101
10010401
131002
30310000
10420000
131011
20201200
131020
102300100
120011002
220001020
100121110
200111110
103021000
220001011
220001002
3031000
2310100
100203010
100121101
