102400#[0, 1, 2, 3, 5, 6]
1#[0, 1, 2, 3, 4, 5, 6]
4#[0, 1, 2, 3, 4, 5]
4102#[0, 1, 2, 4, 5, 6]
1110040#[0, 1, 2]
213001#[0, 1, 2, 3, 4, 5, 6]
10#[0, 1, 2, 3, 4, 5, 6]
12301#[0, 1, 2, 3, 4, 5, 6]
13#[0, 1, 2, 3, 4, 5, 6]
1024000#[0, 1, 2, 4, 5, 6]
4111#[4, 5, 6]
1200130#[0, 1, 2, 3, 4, 5, 6]
213010#[0, 1, 2, 3, 4, 5, 6]
2302000#[0, 1, 2, 3, 4, 5, 6]
221200#[0, 1, 2, 3, 4, 5, 6]
2101300#[0, 1, 2, 3, 4, 5, 6]
1110022#[0, 1, 2, 5, 6]
22#[0, 1, 2, 3, 4, 5, 6]
12310#[0, 1, 2, 3, 4, 5, 6]
4120#[0, 1, 2, 4, 5, 6]
4010020#[1, 2, 3, 4, 5, 6]
1110031#[0, 1, 2, 6]
131101#[1, 3, 4, 6]
31#[0, 1, 2, 3, 4, 5, 6]
34#[0, 1, 2, 3, 4, 5]
2003002#[0, 1, 2, 3, 4, 5, 6]
131110#[1, 3, 4, 5]
340000#[0, 1, 3, 4, 5, 6]
4010011#[2, 5, 6]
40#[0, 1, 2, 3, 4, 6]
41002#[0, 1, 3, 4, 5, 6]
43#[0, 1, 2, 3, 4, 6]
4010002#[1, 2, 3, 4, 5, 6]
4100110#[1, 4, 5]
41011#[3, 5, 6]
4100101#[1, 4, 6]
41020#[0, 1, 3, 4, 5, 6]
1200211#[0, 1, 4, 5, 6]
4010110#[2, 4, 5]
1110100#[0, 1, 2, 4]
1110103#[0, 1, 2, 4]
4010101#[2, 4, 6]
1200220#[0, 1, 2, 3, 4, 5, 6]
2003020#[0, 1, 2, 3, 4, 5, 6]
2011210#[0, 2, 3, 4, 5]
4100200#[1, 2, 3, 4, 5, 6]
1200202#[0, 1, 2, 3, 4, 5, 6]
2003011#[0, 1, 2, 3, 4, 5, 6]
2011201#[0, 2, 3, 4, 6]
1020013#[0, 1, 2, 3, 4, 5, 6]
1110130#[0, 1, 2, 4]
100#[0, 1, 2, 3, 4, 5, 6]
2220100#[0, 1, 2, 3, 4, 5, 6]
1020010#[0, 1, 2, 3, 4, 5, 6]
103#[0, 1, 2, 3, 4, 5, 6]
4201#[0, 1, 2, 4, 5, 6]
1020004#[0, 1, 2, 3, 4, 5]
1020001#[0, 1, 2, 3, 4, 5, 6]
213100#[0, 1, 2, 3, 4, 5, 6]
112#[0, 1, 2, 3, 4, 5, 6]
12400#[0, 1, 2, 3, 5, 6]
1020031#[0, 1, 2, 3, 4, 5, 6]
2130001#[0, 1, 2, 3, 4, 5, 6]
4210#[0, 1, 2, 4, 5, 6]
123001#[0, 1, 2, 3, 4, 5, 6]
1020022#[0, 1, 2, 3, 4, 5, 6]
121#[0, 1, 2, 3, 4, 5, 6]
2130010#[0, 1, 2, 3, 4, 5, 6]
124#[0, 1, 2, 3, 4, 5]
2212000#[0, 1, 2, 3, 4, 5, 6]
130#[0, 1, 2, 3, 4, 5, 6]
131200#[0, 1, 2, 3, 4, 5, 6]
2003101#[0, 1, 2, 3, 4, 5, 6]
123010#[0, 1, 2, 3, 4, 5, 6]
133#[0, 1, 2, 3, 4, 5, 6]
1020040#[0, 1, 2, 3, 4, 6]
41101#[3, 4, 6]
142#[0, 1, 2, 3, 4, 6]
2130100#[0, 1, 2, 3, 4, 5, 6]
41110#[3, 4, 5]
1102000#[0, 1, 2, 3, 4, 5, 6]
1102003#[0, 1, 2, 3, 4, 5, 6]
1200310#[0, 1, 2, 3, 4, 5, 6]
1401010#[0, 3, 5]
1110202#[0, 1, 2, 4, 6]
1102012#[0, 1, 3, 5, 6]
2003110#[0, 1, 2, 3, 4, 5, 6]
2011300#[0, 1, 2, 3, 4, 5, 6]
1401001#[0, 3, 6]
1200301#[0, 1, 2, 3, 4, 5, 6]
1020103#[0, 1, 2, 3, 4, 5, 6]
202#[0, 1, 2, 3, 4, 5, 6]
1020100#[0, 1, 2, 3, 4, 5, 6]
4300#[0, 1, 2, 4, 5, 6]
211#[0, 1, 2, 3, 4, 5, 6]
2040010#[0, 1, 3, 4, 5, 6]
1102021#[0, 1, 3, 5, 6]
1020121#[0, 2, 4, 5, 6]
214#[0, 1, 2, 3, 4, 5]
1110220#[0, 1, 2, 4, 5]
220#[0, 1, 2, 3, 4, 5, 6]
123100#[0, 1, 2, 3, 4, 5, 6]
1102030#[0, 1, 2, 3, 4, 5, 6]
2040001#[0, 1, 3, 4, 5, 6]
1020112#[0, 2, 4, 5, 6]
223#[0, 1, 2, 3, 4, 5, 6]
4010200#[1, 2, 3, 4, 5, 6]
4002010#[1, 2, 3, 4, 5, 6]
232#[0, 1, 2, 3, 4, 5, 6]
33001#[0, 1, 2, 3, 4, 5, 6]
4002001#[1, 2, 3, 4, 5, 6]
1020130#[0, 1, 2, 3, 4, 5, 6]
41200#[0, 1, 3, 4, 5, 6]
241#[0, 1, 2, 3, 4, 6]
33010#[0, 1, 2, 3, 4, 5, 6]
1200400#[0, 1, 2, 3, 5, 6]
1102102#[0, 1, 3, 4, 6]
4002100#[1, 2, 3, 4, 5, 6]
1311001#[0, 2, 3, 6]
1110301#[0, 1, 2, 6]
1401100#[0, 3, 4]
2003200#[0, 1, 2, 3, 4, 5, 6]
1012012#[0, 2, 3, 5, 6]
1020202#[0, 1, 2, 3, 4, 5, 6]
201001#[0, 1, 2, 3, 4, 5, 6]
1012003#[0, 1, 2, 3, 4, 5, 6]
301#[0, 1, 2, 3, 4, 5, 6]
1012000#[0, 1, 2, 3, 4, 5, 6]
201004#[0, 1, 2, 3, 4, 5]
2122000#[0, 1, 2, 3, 4, 5, 6]
304#[0, 1, 2, 3, 4, 5]
1012030#[0, 1, 2, 3, 4, 5, 6]
201010#[0, 1, 2, 3, 4, 5, 6]
1020220#[0, 1, 2, 3, 4, 5, 6]
1110310#[0, 1, 2, 5]
201013#[0, 1, 2, 3, 4, 5, 6]
310#[0, 1, 2, 3, 4, 5, 6]
1311010#[0, 2, 3, 5]
1102120#[0, 1, 3, 4, 5]
313#[0, 1, 2, 3, 4, 5, 6]
1012021#[0, 2, 3, 5, 6]
2040100#[0, 1, 3, 4, 5, 6]
1020211#[0, 2, 4, 5, 6]
201022#[0, 1, 2, 3, 4, 5, 6]
322#[0, 1, 2, 3, 4, 5, 6]
201031#[0, 1, 2, 3, 4, 5, 6]
331#[0, 1, 2, 3, 4, 5, 6]
33100#[0, 1, 2, 3, 4, 5, 6]
201040#[0, 1, 2, 3, 4, 6]
340#[0, 1, 2, 3, 4, 6]
3101002#[0, 1, 2, 3, 4, 5, 6]
1311100#[0, 2, 3, 4]
1102201#[0, 1, 3, 4, 6]
3101020#[0, 1, 2, 3, 4, 5, 6]
3400000#[0, 2, 3, 4, 5, 6]
3101011#[1, 3, 5, 6]
1221010#[0, 1, 2, 3, 5]
1020301#[0, 1, 2, 3, 4, 5, 6]
3101101#[1, 3, 4, 6]
3310000#[0, 1, 2, 3, 4, 5, 6]
1012102#[0, 2, 3, 4, 6]
201103#[0, 1, 2, 3, 4, 5, 6]
201100#[0, 1, 2, 3, 4, 5, 6]
400#[0, 1, 2, 3, 5, 6]
1110400#[0, 1, 2]
1102210#[0, 1, 3, 4, 5]
403#[0, 1, 2, 3, 5, 6]
410002#[0, 2, 3, 4, 5, 6]
3011002#[0, 1, 2, 3, 4, 5, 6]
1012120#[0, 2, 3, 4, 5]
111001#[1, 2, 3, 6]
1020310#[0, 1, 2, 3, 4, 5, 6]
3101110#[1, 3, 4, 5]
1221001#[0, 1, 2, 3, 6]
201112#[1, 3, 4, 5, 6]
412#[0, 1, 2, 3, 5, 6]
410011#[2, 5, 6]
111004#[1, 2, 3]
2032000#[0, 1, 2, 3, 4, 5, 6]
201121#[1, 3, 4, 5, 6]
410020#[0, 2, 3, 4, 5, 6]
111010#[1, 2, 3, 5]
111013#[1, 2, 3, 5]
421#[0, 1, 2, 3, 5, 6]
201130#[0, 1, 2, 3, 4, 5, 6]
430#[0, 1, 2, 3, 5, 6]
111022#[1, 2, 3, 5, 6]
111031#[1, 2, 3, 6]
111040#[1, 2, 3]
1303000#[0, 1, 2, 3, 4, 5, 6]
1102300#[0, 1, 2, 3, 4, 5, 6]
2200000#[0, 1, 2, 3, 4, 5, 6]
3011020#[0, 1, 2, 3, 4, 5, 6]
2200003#[0, 1, 2, 3, 4, 5, 6]
1004011#[0, 5, 6]
1012201#[0, 2, 3, 4, 6]
1131001#[0, 1, 3, 6]
1004002#[0, 1, 2, 4, 5, 6]
2200012#[0, 1, 2, 3, 4, 5, 6]
3011011#[2, 3, 5, 6]
201202#[0, 1, 2, 3, 4, 5, 6]
410101#[2, 4, 6]
2200021#[0, 1, 2, 3, 4, 5, 6]
201211#[1, 3, 4, 5, 6]
410110#[2, 4, 5]
1004020#[0, 1, 2, 4, 5, 6]
1012210#[0, 2, 3, 4, 5]
111100#[1, 2, 3, 4]
1221100#[0, 1, 2, 3, 4]
111103#[1, 2, 3, 4]
2200030#[0, 1, 2, 3, 4, 5, 6]
1020400#[0, 1, 2, 3, 5, 6]
320002#[0, 1, 2, 3, 4, 5, 6]
2200102#[0, 1, 2, 3, 4, 5, 6]
201220#[0, 1, 2, 3, 4, 5, 6]
21001#[0, 1, 2, 3, 4, 5, 6]
3011110#[2, 3, 4, 5]
21004#[0, 1, 2, 3, 4, 5]
2200111#[0, 1, 4, 5, 6]
320011#[0, 1, 2, 3, 4, 5, 6]
320020#[0, 1, 2, 3, 4, 5, 6]
2110000#[0, 1, 2, 3, 4, 5, 6]
3220000#[0, 1, 2, 3, 4, 5, 6]
21010#[0, 1, 2, 3, 4, 5, 6]
2110003#[0, 1, 2, 3, 4, 5, 6]
1131010#[0, 1, 3, 5]
21013#[0, 1, 2, 3, 4, 5, 6]
2200120#[0, 1, 2, 3, 4, 5, 6]
111130#[1, 2, 3, 4]
2110012#[0, 1, 2, 5, 6]
21022#[0, 1, 2, 3, 4, 5, 6]
21031#[0, 1, 2, 3, 4, 5, 6]
21040#[0, 1, 2, 3, 4, 6]
3011101#[2, 3, 4, 6]
3101200#[0, 1, 2, 3, 4, 5, 6]
1004110#[0, 4, 5]
1000012#[0, 1, 2, 3, 4, 5, 6]
1012300#[0, 1, 2, 3, 4, 5, 6]
1004101#[0, 4, 6]
1000003#[0, 1, 2, 3, 4, 5, 6]
1131100#[0, 1, 3, 4]
1000000#[0, 1, 2, 3, 4, 5, 6]
1000030#[0, 1, 2, 3, 4, 5, 6]
3003001#[0, 1, 2, 3, 4, 5, 6]
201301#[0, 1, 2, 3, 4, 5, 6]
402001#[0, 2, 3, 4, 5, 6]
1000024#[0, 1, 2, 3, 4, 5]
103000#[0, 1, 2, 3, 4, 5, 6]
1213000#[0, 1, 2, 3, 4, 5, 6]
1000021#[0, 1, 2, 3, 4, 5, 6]
103003#[0, 1, 2, 3, 4, 5, 6]
402010#[0, 2, 3, 4, 5, 6]
201310#[0, 1, 2, 3, 4, 5, 6]
410200#[0, 2, 3, 4, 5, 6]
320101#[0, 1, 2, 3, 4, 5, 6]
111202#[1, 2, 3, 4, 6]
1000042#[0, 1, 2, 3, 4, 6]
103012#[0, 1, 2, 3, 4, 5, 6]
2110021#[0, 1, 2, 5, 6]
1041001#[0, 3, 6]
320110#[0, 1, 2, 3, 4, 5, 6]
21100#[0, 1, 2, 3, 4, 5, 6]
103021#[0, 1, 2, 3, 4, 5, 6]
1000033#[0, 1, 2, 3, 4, 5, 6]
2110030#[0, 1, 2, 3, 4, 5, 6]
21103#[0, 1, 2, 3, 4, 5, 6]
230002#[0, 1, 2, 3, 4, 5, 6]
111220#[1, 2, 3, 4, 5]
103030#[0, 1, 2, 3, 4, 5, 6]
21112#[2, 3, 4, 5, 6]
230011#[0, 1, 2, 3, 4, 5, 6]
1041010#[0, 3, 5]
21121#[2, 3, 4, 5, 6]
230020#[0, 1, 2, 3, 4, 5, 6]
2110120#[0, 1, 2, 4, 5]
21130#[0, 1, 2, 3, 4, 5, 6]
2020030#[0, 1, 2, 3, 4, 5, 6]
1000111#[0, 4, 5, 6]
1004200#[0, 1, 2, 4, 5, 6]
2200201#[0, 1, 2, 3, 4, 5, 6]
1000102#[0, 1, 2, 3, 4, 5, 6]
1123000#[0, 1, 2, 3, 4, 5, 6]
2020021#[0, 1, 2, 3, 4, 5, 6]
3011200#[0, 1, 2, 3, 4, 5, 6]
3003010#[0, 1, 2, 3, 4, 5, 6]
2020012#[0, 1, 2, 3, 4, 5, 6]
402100#[0, 2, 3, 4, 5, 6]
2200210#[0, 1, 2, 3, 4, 5, 6]
1000123#[0, 1, 2, 3, 4, 5, 6]
2110102#[0, 1, 2, 4, 6]
1000120#[0, 1, 2, 3, 4, 5, 6]
201400#[0, 1, 2, 3, 5, 6]
2020003#[0, 1, 2, 3, 4, 5, 6]
1000114#[0, 4, 5]
2020000#[0, 1, 2, 3, 4, 5, 6]
3130000#[0, 1, 2, 3, 4, 5, 6]
103102#[0, 1, 2, 3, 4, 5, 6]
1000141#[0, 4, 6]
1041100#[0, 3, 4]
111301#[1, 2, 3, 6]
312001#[0, 1, 2, 3, 4, 5, 6]
103111#[1, 4, 5, 6]
13000#[0, 1, 2, 3, 4, 5, 6]
1000132#[0, 1, 2, 3, 4, 5, 6]
13003#[0, 1, 2, 3, 4, 5, 6]
2401000#[0, 2, 3, 4, 5, 6]
320200#[0, 1, 2, 3, 4, 5, 6]
2200300#[0, 1, 2, 3, 4, 5, 6]
312010#[0, 1, 2, 3, 4, 5, 6]
111310#[1, 2, 3, 5]
103120#[0, 1, 2, 3, 4, 5, 6]
2102002#[0, 1, 2, 3, 4, 5, 6]
21202#[0, 1, 2, 3, 4, 5, 6]
13012#[0, 1, 2, 3, 4, 5, 6]
230101#[0, 1, 2, 3, 4, 5, 6]
2110201#[0, 1, 2, 4, 6]
2102011#[0, 1, 3, 5, 6]
21211#[2, 3, 4, 5, 6]
230110#[0, 1, 2, 3, 4, 5, 6]
13021#[0, 1, 2, 3, 4, 5, 6]
140002#[0, 1, 3, 4, 5, 6]
21220#[0, 1, 2, 3, 4, 5, 6]
13030#[0, 1, 2, 3, 4, 5, 6]
140011#[1, 5, 6]
3003100#[0, 1, 2, 3, 4, 5, 6]
140020#[0, 1, 3, 4, 5, 6]
1000204#[0, 1, 2, 3, 4, 5]
1000201#[0, 1, 2, 3, 4, 5, 6]
2020120#[0, 1, 2, 3, 4, 5, 6]
2020111#[0, 2, 4, 5, 6]
1000222#[0, 1, 2, 3, 4, 5, 6]
2020102#[0, 1, 2, 3, 4, 5, 6]
1000213#[0, 1, 2, 3, 4, 5, 6]
1000210#[0, 1, 2, 3, 4, 5, 6]
312100#[0, 1, 2, 3, 4, 5, 6]
103201#[0, 1, 2, 3, 4, 5, 6]
2110210#[0, 1, 2, 4, 5]
2102020#[0, 1, 2, 3, 4, 5, 6]
1033000#[0, 1, 2, 3, 4, 5, 6]
1000231#[0, 1, 2, 3, 4, 5, 6]
111400#[1, 2, 3]
103210#[0, 1, 2, 3, 4, 5, 6]
3040000#[0, 1, 3, 4, 5, 6]
13102#[0, 1, 2, 3, 4, 5, 6]
222001#[0, 1, 2, 3, 4, 5, 6]
21301#[0, 1, 2, 3, 4, 5, 6]
13111#[2, 4, 5, 6]
222010#[0, 1, 2, 3, 4, 5, 6]
230200#[0, 1, 2, 3, 4, 5, 6]
21310#[0, 1, 2, 3, 4, 5, 6]
1000240#[0, 1, 2, 3, 4, 6]
13120#[0, 1, 2, 3, 4, 5, 6]
140101#[1, 4, 6]
140110#[1, 4, 5]
1000303#[0, 1, 2, 3, 4, 5, 6]
1000300#[0, 1, 2, 3, 4, 5, 6]
1201012#[0, 1, 3, 5, 6]
2012020#[0, 1, 2, 3, 4, 5, 6]
2020210#[0, 1, 2, 3, 4, 5, 6]
1201021#[0, 1, 3, 5, 6]
2012011#[0, 2, 3, 5, 6]
2102101#[0, 1, 3, 4, 6]
2020201#[0, 1, 2, 3, 4, 5, 6]
1000312#[0, 1, 2, 3, 4, 5, 6]
1201003#[0, 1, 2, 3, 4, 5, 6]
1201000#[0, 1, 2, 3, 4, 5, 6]
2311000#[0, 1, 2, 3, 4, 5, 6]
2110300#[0, 1, 2, 3, 4, 5, 6]
2012002#[0, 1, 2, 3, 4, 5, 6]
2102110#[0, 1, 3, 4, 5]
304000#[0, 1, 2, 4, 5, 6]
1000330#[0, 1, 2, 3, 4, 5, 6]
103300#[0, 1, 2, 3, 4, 5, 6]
1000321#[0, 1, 2, 3, 4, 5, 6]
13201#[0, 1, 2, 3, 4, 5, 6]
1201030#[0, 1, 2, 3, 4, 5, 6]
222100#[0, 1, 2, 3, 4, 5, 6]
2102200#[0, 1, 2, 3, 4, 5, 6]
21400#[0, 1, 2, 3, 5, 6]
13210#[0, 1, 2, 3, 4, 5, 6]
132001#[0, 1, 2, 3, 4, 5, 6]
132010#[0, 1, 2, 3, 4, 5, 6]
140200#[0, 1, 3, 4, 5, 6]
4101010#[1, 3, 5]
4101001#[1, 3, 6]
4011001#[2, 3, 6]
1410001#[0, 2, 6]
1111000#[0, 1, 2, 3]
1111003#[0, 1, 2, 3]
1410010#[0, 2, 5]
2012110#[0, 2, 3, 4, 5]
2020300#[0, 1, 2, 3, 4, 5, 6]
4101100#[1, 3, 4]
1000411#[0, 5, 6]
2012101#[0, 2, 3, 4, 6]
1201102#[0, 1, 3, 4, 6]
1000402#[0, 1, 2, 3, 5, 6]
300004#[0, 1, 2, 3, 4, 5]
300001#[0, 1, 2, 3, 4, 5, 6]
1111030#[0, 1, 2, 3]
1000#[0, 1, 2, 3, 4, 5, 6]
2221000#[0, 1, 2, 3, 4, 5, 6]
300013#[0, 1, 2, 3, 4, 5, 6]
1000420#[0, 1, 2, 3, 5, 6]
1003#[0, 1, 2, 3, 4, 5, 6]
300010#[0, 1, 2, 3, 4, 5, 6]
300022#[0, 1, 2, 3, 4, 5, 6]
1201120#[0, 1, 3, 4, 5]
214000#[0, 1, 2, 4, 5, 6]
13300#[0, 1, 2, 3, 4, 5, 6]
1012#[0, 1, 2, 3, 4, 5, 6]
300031#[0, 1, 2, 3, 4, 5, 6]
1021#[0, 1, 2, 3, 4, 5, 6]
1024#[0, 1, 2, 3, 4, 5]
1030#[0, 1, 2, 3, 4, 5, 6]
132100#[0, 1, 2, 3, 4, 5, 6]
1033#[0, 1, 2, 3, 4, 5, 6]
300040#[0, 1, 2, 3, 4, 6]
42001#[0, 1, 3, 4, 5, 6]
1042#[0, 1, 2, 3, 4, 6]
2131000#[0, 1, 2, 3, 4, 5, 6]
42010#[0, 1, 3, 4, 5, 6]
1410100#[0, 2, 4]
1201201#[0, 1, 3, 4, 6]
3200020#[0, 1, 2, 3, 4, 5, 6]
1201210#[0, 1, 3, 4, 5]
3200002#[0, 1, 2, 3, 4, 5, 6]
2004010#[0, 1, 2, 4, 5, 6]
2012200#[0, 1, 2, 3, 4, 5, 6]
3200011#[0, 1, 2, 3, 4, 5, 6]
4011010#[2, 3, 5]
2004001#[0, 1, 2, 4, 5, 6]
300100#[0, 1, 2, 3, 4, 5, 6]
300103#[0, 1, 2, 3, 4, 5, 6]
1021003#[0, 1, 2, 3, 4, 5, 6]
1021000#[0, 1, 2, 3, 4, 5, 6]
1102#[0, 1, 2, 3, 4, 5, 6]
210001#[0, 1, 2, 3, 4, 5, 6]
1021021#[0, 2, 3, 5, 6]
3110011#[1, 2, 5, 6]
300112#[0, 1, 2, 3, 4, 5, 6]
1320001#[0, 1, 2, 3, 4, 5, 6]
3200101#[0, 1, 2, 3, 4, 5, 6]
1111#[3, 4, 5, 6]
210004#[0, 1, 2, 3, 4, 5]
210010#[0, 1, 2, 3, 4, 5, 6]
1114#[3, 4, 5]
1021012#[0, 2, 3, 5, 6]
3110002#[0, 1, 2, 3, 4, 5, 6]
300121#[0, 1, 2, 3, 4, 5, 6]
1320010#[0, 1, 2, 3, 4, 5, 6]
3200110#[0, 1, 2, 3, 4, 5, 6]
210013#[0, 1, 2, 3, 4, 5, 6]
1120#[0, 1, 2, 3, 4, 5, 6]
124000#[0, 1, 2, 4, 5, 6]
4011100#[2, 3, 4]
1123#[0, 1, 2, 3, 4, 5, 6]
210022#[0, 1, 2, 3, 4, 5, 6]
300130#[0, 1, 2, 3, 4, 5, 6]
1021030#[0, 1, 2, 3, 4, 5, 6]
1132#[0, 1, 2, 3, 4, 5, 6]
210031#[0, 1, 2, 3, 4, 5, 6]
42100#[0, 1, 3, 4, 5, 6]
1141#[3, 4, 6]
210040#[0, 1, 2, 3, 4, 6]
4003000#[1, 2, 3, 4, 5, 6]
1402000#[0, 2, 3, 4, 5, 6]
1201300#[0, 1, 2, 3, 4, 5, 6]
2000023#[0, 1, 2, 3, 4, 5, 6]
2000020#[0, 1, 2, 3, 4, 5, 6]
1103002#[0, 1, 2, 3, 4, 5, 6]
2000014#[0, 1, 2, 3, 4, 5]
2000011#[0, 1, 2, 3, 4, 5, 6]
2004100#[0, 1, 2, 4, 5, 6]
2000002#[0, 1, 2, 3, 4, 5, 6]
1021102#[0, 2, 3, 4, 6]
1230001#[0, 1, 2, 3, 4, 5, 6]
1230010#[0, 1, 2, 3, 4, 5, 6]
3110020#[0, 1, 2, 3, 4, 5, 6]
300202#[0, 1, 2, 3, 4, 5, 6]
1320100#[0, 1, 2, 3, 4, 5, 6]
1201#[0, 1, 2, 3, 4, 5, 6]
1103011#[0, 1, 5, 6]
210103#[0, 1, 2, 3, 4, 5, 6]
1204#[0, 1, 2, 3, 4, 5]
2041000#[0, 1, 3, 4, 5, 6]
300211#[0, 1, 2, 3, 4, 5, 6]
2000041#[0, 1, 2, 3, 4, 6]
210100#[0, 1, 2, 3, 4, 5, 6]
300220#[0, 1, 2, 3, 4, 5, 6]
1210#[0, 1, 2, 3, 4, 5, 6]
1103020#[0, 1, 2, 3, 4, 5, 6]
1213#[0, 1, 2, 3, 4, 5, 6]
2000032#[0, 1, 2, 3, 4, 5, 6]
120001#[0, 1, 2, 3, 4, 5, 6]
210112#[1, 2, 4, 5, 6]
3020011#[0, 1, 2, 3, 4, 5, 6]
120004#[0, 1, 2, 3, 4, 5]
1222#[0, 1, 2, 3, 4, 5, 6]
210121#[1, 2, 4, 5, 6]
120010#[0, 1, 2, 3, 4, 5, 6]
3020002#[0, 1, 2, 3, 4, 5, 6]
120013#[0, 1, 2, 3, 4, 5, 6]
1021120#[0, 2, 3, 4, 5]
1231#[0, 1, 2, 3, 4, 5, 6]
34000#[0, 1, 2, 4, 5, 6]
210130#[0, 1, 2, 3, 4, 5, 6]
120022#[0, 1, 2, 3, 4, 5, 6]
1240#[0, 1, 2, 3, 4, 6]
3020020#[0, 1, 2, 3, 4, 5, 6]
120031#[0, 1, 2, 3, 4, 5, 6]
2000122#[0, 1, 2, 3, 4, 5, 6]
120040#[0, 1, 2, 3, 4, 6]
1103101#[0, 1, 4, 6]
2000113#[0, 1, 2, 3, 4, 5, 6]
2000110#[0, 1, 2, 3, 4, 5, 6]
3110110#[1, 2, 4, 5]
2000104#[0, 1, 2, 3, 4, 5]
3200200#[0, 1, 2, 3, 4, 5, 6]
3110101#[1, 2, 4, 6]
2000101#[0, 1, 2, 3, 4, 5, 6]
1013002#[0, 1, 2, 3, 4, 5, 6]
1230100#[0, 1, 2, 3, 4, 5, 6]
300301#[0, 1, 2, 3, 4, 5, 6]
202003#[0, 1, 2, 3, 4, 5, 6]
300310#[0, 1, 2, 3, 4, 5, 6]
2000140#[0, 1, 2, 3, 4, 6]
202000#[0, 1, 2, 3, 4, 5, 6]
1013020#[0, 1, 2, 3, 4, 5, 6]
1312000#[0, 1, 2, 3, 4, 5, 6]
1300#[0, 1, 2, 3, 4, 5, 6]
1111300#[0, 1, 2, 3]
3102010#[0, 1, 2, 3, 4, 5, 6]
1021210#[0, 2, 3, 4, 5]
1103110#[0, 1, 4, 5]
3110200#[0, 1, 2, 3, 4, 5, 6]
1303#[0, 1, 2, 3, 4, 5, 6]
210202#[0, 1, 2, 3, 4, 5, 6]
1013011#[0, 2, 5, 6]
2000131#[0, 1, 2, 3, 4, 5, 6]
3102001#[0, 1, 2, 3, 4, 5, 6]
1021201#[0, 2, 3, 4, 6]
202012#[0, 1, 2, 3, 4, 5, 6]
1312#[0, 1, 2, 3, 4, 5, 6]
210211#[1, 2, 4, 5, 6]
120100#[0, 1, 2, 3, 4, 5, 6]
202021#[0, 1, 2, 3, 4, 5, 6]
120103#[0, 1, 2, 3, 4, 5, 6]
1321#[0, 1, 2, 3, 4, 5, 6]
202030#[0, 1, 2, 3, 4, 5, 6]
210220#[0, 1, 2, 3, 4, 5, 6]
1140001#[0, 1, 6]
120112#[1, 2, 4, 5, 6]
30001#[0, 1, 2, 3, 4, 5, 6]
1330#[0, 1, 2, 3, 4, 5, 6]
30004#[0, 1, 2, 3, 4, 5]
120121#[1, 2, 4, 5, 6]
30010#[0, 1, 2, 3, 4, 5, 6]
1140010#[0, 1, 5]
30013#[0, 1, 2, 3, 4, 5, 6]
2000221#[0, 1, 2, 3, 4, 5, 6]
120130#[0, 1, 2, 3, 4, 5, 6]
30022#[0, 1, 2, 3, 4, 5, 6]
2000212#[0, 1, 2, 3, 4, 5, 6]
30031#[0, 1, 2, 3, 4, 5, 6]
2000203#[0, 1, 2, 3, 4, 5, 6]
2000200#[0, 1, 2, 3, 4, 5, 6]
30040#[0, 1, 2, 3, 4, 6]
3020110#[0, 1, 2, 3, 4, 5, 6]
1013101#[0, 2, 4, 6]
1222000#[0, 1, 2, 3, 4, 5, 6]
3020101#[0, 1, 2, 3, 4, 5, 6]
1103200#[0, 1, 2, 3, 4, 5, 6]
300400#[0, 1, 2, 3, 5, 6]
202102#[0, 1, 2, 3, 4, 5, 6]
2000230#[0, 1, 2, 3, 4, 5, 6]
1013110#[0, 2, 4, 5]
1402#[0, 1, 2, 3, 5, 6]
1021300#[0, 1, 2, 3, 4, 5, 6]
202111#[1, 3, 4, 5, 6]
210301#[0, 1, 2, 3, 4, 5, 6]
411001#[2, 3, 6]
112000#[0, 1, 2, 3, 4, 5, 6]
112003#[0, 1, 2, 3, 4, 5, 6]
1411#[3, 5, 6]
411010#[2, 3, 5]
210310#[0, 1, 2, 3, 4, 5, 6]
3020200#[0, 1, 2, 3, 4, 5, 6]
3012010#[0, 1, 2, 3, 4, 5, 6]
2201002#[0, 1, 2, 3, 4, 5, 6]
120202#[0, 1, 2, 3, 4, 5, 6]
202120#[0, 1, 2, 3, 4, 5, 6]
3012001#[0, 1, 2, 3, 4, 5, 6]
1420#[0, 1, 2, 3, 5, 6]
112012#[1, 2, 3, 5, 6]
2201011#[0, 1, 3, 5, 6]
120211#[1, 2, 4, 5, 6]
30100#[0, 1, 2, 3, 4, 5, 6]
112021#[1, 2, 3, 5, 6]
1140100#[0, 1, 4]
30103#[0, 1, 2, 3, 4, 5, 6]
2201020#[0, 1, 2, 3, 4, 5, 6]
120220#[0, 1, 2, 3, 4, 5, 6]
112030#[0, 1, 2, 3, 4, 5, 6]
30112#[0, 1, 2, 3, 4, 5, 6]
2000311#[0, 1, 2, 3, 4, 5, 6]
30121#[0, 1, 2, 3, 4, 5, 6]
2000302#[0, 1, 2, 3, 4, 5, 6]
30130#[0, 1, 2, 3, 4, 5, 6]
3102100#[0, 1, 2, 3, 4, 5, 6]
202201#[0, 1, 2, 3, 4, 5, 6]
411100#[2, 3, 4]
2000320#[0, 1, 2, 3, 4, 5, 6]
1013200#[0, 1, 2, 3, 4, 5, 6]
202210#[0, 1, 2, 3, 4, 5, 6]
210400#[0, 1, 2, 3, 5, 6]
112102#[1, 2, 3, 4, 6]
120301#[0, 1, 2, 3, 4, 5, 6]
321001#[0, 1, 2, 3, 4, 5, 6]
22000#[0, 1, 2, 3, 4, 5, 6]
1132000#[0, 1, 2, 3, 4, 5, 6]
22003#[0, 1, 2, 3, 4, 5, 6]
321010#[0, 1, 2, 3, 4, 5, 6]
120310#[0, 1, 2, 3, 4, 5, 6]
112120#[1, 2, 3, 4, 5]
30202#[0, 1, 2, 3, 4, 5, 6]
22012#[0, 1, 2, 3, 4, 5, 6]
4200001#[1, 2, 3, 4, 5, 6]
30211#[0, 1, 2, 3, 4, 5, 6]
2000410#[0, 1, 2, 3, 5, 6]
22021#[0, 1, 2, 3, 4, 5, 6]
4200010#[1, 2, 3, 4, 5, 6]
30220#[0, 1, 2, 3, 4, 5, 6]
2111020#[0, 1, 2, 3, 5]
22030#[0, 1, 2, 3, 4, 5, 6]
2000401#[0, 1, 2, 3, 5, 6]
1001002#[0, 1, 2, 3, 4, 5, 6]
1300021#[0, 1, 2, 3, 4, 5, 6]
3012100#[0, 1, 2, 3, 4, 5, 6]
2201101#[0, 1, 3, 4, 6]
1300030#[0, 1, 2, 3, 4, 5, 6]
1300003#[0, 1, 2, 3, 4, 5, 6]
1001023#[0, 1, 2, 3, 4, 5, 6]
1300000#[0, 1, 2, 3, 4, 5, 6]
1001020#[0, 1, 2, 3, 4, 5, 6]
2410000#[0, 2, 3, 4, 5, 6]
2201110#[0, 1, 3, 4, 5]
1001014#[0, 3, 5]
2111002#[0, 1, 2, 3, 6]
1001011#[0, 3, 5, 6]
403000#[0, 2, 3, 4, 5, 6]
1300012#[0, 1, 2, 3, 4, 5, 6]
202300#[0, 1, 2, 3, 4, 5, 6]
104002#[0, 1, 2, 4, 5, 6]
1001032#[0, 1, 2, 3, 4, 5, 6]
321100#[0, 1, 2, 3, 4, 5, 6]
112201#[1, 2, 3, 4, 6]
104011#[1, 5, 6]
3004000#[0, 1, 2, 4, 5, 6]
2201200#[0, 1, 2, 3, 4, 5, 6]
120400#[0, 1, 2, 3, 5, 6]
112210#[1, 2, 3, 4, 5]
104020#[0, 1, 2, 4, 5, 6]
22102#[0, 1, 2, 3, 4, 5, 6]
231001#[0, 1, 2, 3, 4, 5, 6]
30301#[0, 1, 2, 3, 4, 5, 6]
1001041#[0, 3, 6]
1042000#[0, 1, 3, 4, 5, 6]
22111#[2, 3, 4, 5, 6]
231010#[0, 1, 2, 3, 4, 5, 6]
30310#[0, 1, 2, 3, 4, 5, 6]
22120#[0, 1, 2, 3, 4, 5, 6]
1210003#[0, 1, 2, 3, 4, 5, 6]
1001101#[0, 3, 4, 6]
1210000#[0, 1, 2, 3, 4, 5, 6]
2021020#[0, 1, 2, 3, 4, 5, 6]
4110010#[1, 2, 5]
1300120#[0, 1, 2, 3, 4, 5, 6]
2021011#[0, 2, 3, 5, 6]
1210012#[0, 1, 2, 5, 6]
4110001#[1, 2, 6]
2021002#[0, 1, 2, 3, 4, 5, 6]
1300102#[0, 1, 2, 3, 4, 5, 6]
1001113#[0, 3, 4, 5]
1001110#[0, 3, 4, 5]
1300111#[0, 4, 5, 6]
1001104#[0, 3, 4]
100000#[0, 1, 2, 3, 4, 5, 6]
100003#[0, 1, 2, 3, 4, 5, 6]
2320000#[0, 1, 2, 3, 4, 5, 6]
1001131#[0, 3, 4, 6]
104101#[1, 4, 6]
313000#[0, 1, 2, 3, 4, 5, 6]
1001122#[0, 3, 4, 5, 6]
100012#[0, 1, 2, 3, 4, 5, 6]
112300#[0, 1, 2, 3, 4, 5, 6]
104110#[1, 4, 5]
14002#[0, 1, 2, 4, 5, 6]
100021#[0, 1, 2, 3, 4, 5, 6]
1210021#[0, 1, 2, 5, 6]
22201#[0, 1, 2, 3, 4, 5, 6]
100024#[0, 1, 2, 3, 4, 5]
14011#[2, 5, 6]
1001140#[0, 3, 4]
1210030#[0, 1, 2, 3, 4, 5, 6]
100030#[0, 1, 2, 3, 4, 5, 6]
231100#[0, 1, 2, 3, 4, 5, 6]
30400#[0, 1, 2, 3, 5, 6]
100033#[0, 1, 2, 3, 4, 5, 6]
2111200#[0, 1, 2, 3, 4]
2103010#[0, 1, 2, 3, 4, 5, 6]
22210#[0, 1, 2, 3, 4, 5, 6]
14020#[0, 1, 2, 4, 5, 6]
3000040#[0, 1, 2, 3, 4, 6]
141001#[1, 3, 6]
100042#[0, 1, 2, 3, 4, 6]
141010#[1, 3, 5]
2230000#[0, 1, 2, 3, 4, 5, 6]
3000013#[0, 1, 2, 3, 4, 5, 6]
1300210#[0, 1, 2, 3, 4, 5, 6]
4200100#[1, 2, 3, 4, 5, 6]
1210102#[0, 1, 2, 4, 6]
3000010#[0, 1, 2, 3, 4, 5, 6]
2021110#[0, 2, 3, 4, 5]
3000004#[0, 1, 2, 3, 4, 5]
3000001#[0, 1, 2, 3, 4, 5, 6]
3000031#[0, 1, 2, 3, 4, 5, 6]
2021101#[0, 2, 3, 4, 6]
1001212#[0, 3, 4, 5, 6]
2103001#[0, 1, 2, 3, 4, 5, 6]
1300201#[0, 1, 2, 3, 4, 5, 6]
3000022#[0, 1, 2, 3, 4, 5, 6]
1001203#[0, 1, 2, 3, 4, 5, 6]
1001200#[0, 1, 2, 3, 4, 5, 6]
1001230#[0, 1, 2, 3, 4, 5, 6]
1120021#[0, 1, 2, 5, 6]
100102#[0, 1, 2, 3, 4, 5, 6]
3000100#[0, 1, 2, 3, 4, 5, 6]
104200#[0, 1, 2, 4, 5, 6]
1001221#[0, 3, 4, 5, 6]
3000103#[0, 1, 2, 3, 4, 5, 6]
100111#[1, 4, 5, 6]
1120030#[0, 1, 2, 3, 4, 5, 6]
10000#[0, 1, 2, 3, 4, 5, 6]
1120000#[0, 1, 2, 3, 4, 5, 6]
1120003#[0, 1, 2, 3, 4, 5, 6]
10003#[0, 1, 2, 3, 4, 5, 6]
100114#[1, 4, 5]
3000121#[0, 1, 2, 3, 4, 5, 6]
14101#[2, 4, 6]
4020010#[1, 2, 3, 4, 5, 6]
100120#[0, 1, 2, 3, 4, 5, 6]
1210120#[0, 1, 2, 4, 5]
100123#[0, 1, 2, 3, 4, 5, 6]
223000#[0, 1, 2, 3, 4, 5, 6]
4020001#[1, 2, 3, 4, 5, 6]
2103100#[0, 1, 2, 3, 4, 5, 6]
22300#[0, 1, 2, 3, 4, 5, 6]
10012#[0, 1, 2, 3, 4, 5, 6]
1120012#[0, 1, 2, 5, 6]
3000112#[0, 1, 2, 3, 4, 5, 6]
14110#[2, 4, 5]
100132#[0, 1, 2, 3, 4, 5, 6]
10021#[0, 1, 2, 3, 4, 5, 6]
10024#[0, 1, 2, 3, 4, 5]
4110100#[1, 2, 4]
100141#[1, 4, 6]
10030#[0, 1, 2, 3, 4, 5, 6]
141100#[1, 3, 4]
10033#[0, 1, 2, 3, 4, 5, 6]
10042#[0, 1, 2, 3, 4, 6]
1202002#[0, 1, 2, 3, 4, 5, 6]
2140000#[0, 1, 3, 4, 5, 6]
1202011#[0, 1, 3, 5, 6]
1210201#[0, 1, 2, 4, 6]
2013010#[0, 1, 2, 3, 4, 5, 6]
4102000#[1, 2, 3, 4, 5, 6]
2021200#[0, 1, 2, 3, 4, 5, 6]
1001311#[0, 3, 5, 6]
2013001#[0, 1, 2, 3, 4, 5, 6]
1001302#[0, 1, 2, 3, 4, 5, 6]
1300300#[0, 1, 2, 3, 4, 5, 6]
1001320#[0, 1, 2, 3, 4, 5, 6]
100201#[0, 1, 2, 3, 4, 5, 6]
1120120#[0, 1, 2, 4, 5]
100204#[0, 1, 2, 3, 4, 5]
3000130#[0, 1, 2, 3, 4, 5, 6]
1210210#[0, 1, 2, 4, 5]
1030012#[0, 1, 2, 3, 4, 5, 6]
100210#[0, 1, 2, 3, 4, 5, 6]
100213#[0, 1, 2, 3, 4, 5, 6]
1202020#[0, 1, 2, 3, 4, 5, 6]
10102#[0, 1, 2, 3, 4, 5, 6]
1120102#[0, 1, 2, 4, 6]
14200#[0, 1, 2, 4, 5, 6]
1030003#[0, 1, 2, 3, 4, 5, 6]
1030000#[0, 1, 2, 3, 4, 5, 6]
100222#[0, 1, 2, 3, 4, 5, 6]
10111#[2, 4, 5, 6]
1030030#[0, 1, 2, 3, 4, 5, 6]
10114#[2, 4, 5]
100231#[0, 1, 2, 3, 4, 5, 6]
10120#[0, 1, 2, 3, 4, 5, 6]
1030021#[0, 1, 2, 3, 4, 5, 6]
133000#[0, 1, 2, 3, 4, 5, 6]
10123#[0, 1, 2, 3, 4, 5, 6]
100240#[0, 1, 2, 3, 4, 6]
10132#[0, 1, 2, 3, 4, 5, 6]
10141#[2, 4, 6]
1202101#[0, 1, 3, 4, 6]
3000202#[0, 1, 2, 3, 4, 5, 6]
1202110#[0, 1, 3, 4, 5]
1411000#[0, 2, 3]
1210300#[0, 1, 2, 3, 4, 5, 6]
3000220#[0, 1, 2, 3, 4, 5, 6]
2013100#[0, 1, 2, 3, 4, 5, 6]
1001401#[0, 3, 6]
4020100#[1, 2, 3, 4, 5, 6]
3000211#[0, 1, 2, 3, 4, 5, 6]
3000301#[0, 1, 2, 3, 4, 5, 6]
3201010#[0, 1, 2, 3, 4, 5, 6]
1120210#[0, 1, 2, 4, 5]
1112020#[0, 1, 2, 3, 5]
301000#[0, 1, 2, 3, 4, 5, 6]
1001410#[0, 3, 5]
100300#[0, 1, 2, 3, 4, 5, 6]
100303#[0, 1, 2, 3, 4, 5, 6]
301003#[0, 1, 2, 3, 4, 5, 6]
301012#[0, 1, 2, 3, 4, 5, 6]
1030111#[0, 4, 5, 6]
2002#[0, 1, 2, 3, 4, 5, 6]
1112002#[0, 1, 2, 3, 6]
1120201#[0, 1, 2, 4, 6]
3201001#[0, 1, 2, 3, 4, 5, 6]
1030102#[0, 1, 2, 3, 4, 5, 6]
100312#[0, 1, 2, 3, 4, 5, 6]
301021#[0, 1, 2, 3, 4, 5, 6]
10201#[0, 1, 2, 3, 4, 5, 6]
3000310#[0, 1, 2, 3, 4, 5, 6]
2011#[0, 1, 2, 3, 4, 5, 6]
10204#[0, 1, 2, 3, 4, 5]
4012000#[1, 2, 3, 4, 5, 6]
2014#[0, 1, 2, 3, 4, 5]
100321#[0, 1, 2, 3, 4, 5, 6]
301030#[0, 1, 2, 3, 4, 5, 6]
10210#[0, 1, 2, 3, 4, 5, 6]
2020#[0, 1, 2, 3, 4, 5, 6]
10213#[0, 1, 2, 3, 4, 5, 6]
1030120#[0, 1, 2, 3, 4, 5, 6]
2023#[0, 1, 2, 3, 4, 5, 6]
100330#[0, 1, 2, 3, 4, 5, 6]
10222#[0, 1, 2, 3, 4, 5, 6]
2032#[0, 1, 2, 3, 4, 5, 6]
10231#[0, 1, 2, 3, 4, 5, 6]
43000#[0, 1, 3, 4, 5, 6]
2041#[0, 1, 2, 3, 4, 6]
10240#[0, 1, 2, 3, 4, 6]
1202200#[0, 1, 2, 3, 4, 5, 6]
301102#[0, 1, 2, 3, 4, 5, 6]
100402#[0, 1, 2, 3, 5, 6]
301111#[3, 4, 5, 6]
1022011#[0, 2, 3, 5, 6]
2101#[0, 1, 2, 3, 4, 5, 6]
1030201#[0, 1, 2, 3, 4, 5, 6]
211003#[0, 1, 2, 3, 4, 5, 6]
2104#[0, 1, 2, 3, 4, 5]
100411#[1, 5, 6]
211000#[0, 1, 2, 3, 4, 5, 6]
1321000#[0, 1, 2, 3, 4, 5, 6]
10300#[0, 1, 2, 3, 4, 5, 6]
1120300#[0, 1, 2, 3, 4, 5, 6]
1022002#[0, 1, 2, 3, 4, 5, 6]
2110#[0, 1, 2, 3, 4, 5, 6]
10303#[0, 1, 2, 3, 4, 5, 6]
2300002#[0, 1, 2, 3, 4, 5, 6]
2113#[0, 1, 2, 3, 4, 5, 6]
301120#[0, 1, 2, 3, 4, 5, 6]
100420#[0, 1, 2, 3, 5, 6]
211012#[1, 2, 3, 5, 6]
10312#[0, 1, 2, 3, 4, 5, 6]
2300011#[0, 1, 2, 3, 4, 5, 6]
2122#[0, 1, 2, 3, 4, 5, 6]
1022020#[0, 1, 2, 3, 4, 5, 6]
1030210#[0, 1, 2, 3, 4, 5, 6]
3111010#[1, 2, 3, 5]
211021#[1, 2, 3, 5, 6]
10321#[0, 1, 2, 3, 4, 5, 6]
2131#[0, 1, 2, 3, 4, 5, 6]
211030#[0, 1, 2, 3, 4, 5, 6]
2300020#[0, 1, 2, 3, 4, 5, 6]
10330#[0, 1, 2, 3, 4, 5, 6]
2140#[0, 1, 2, 3, 4, 6]
2001022#[0, 1, 2, 3, 4, 5, 6]
2001013#[0, 1, 2, 3, 4, 5, 6]
2001010#[0, 1, 2, 3, 4, 5, 6]
2001004#[0, 1, 2, 3, 4, 5]
3111001#[1, 2, 3, 6]
2001001#[0, 1, 2, 3, 4, 5, 6]
3201100#[0, 1, 2, 3, 4, 5, 6]
3000400#[0, 1, 2, 3, 5, 6]
1231000#[0, 1, 2, 3, 4, 5, 6]
2001040#[0, 1, 2, 3, 4, 6]
1104001#[0, 1, 6]
1022110#[0, 2, 3, 4, 5]
1030300#[0, 1, 2, 3, 4, 5, 6]
3111100#[1, 2, 3, 4]
301201#[0, 1, 2, 3, 4, 5, 6]
2200#[0, 1, 2, 3, 4, 5, 6]
1112200#[0, 1, 2, 3, 4]
2001031#[0, 1, 2, 3, 4, 5, 6]
1104010#[0, 1, 5]
1022101#[0, 2, 3, 4, 6]
2203#[0, 1, 2, 3, 4, 5, 6]
211102#[1, 2, 3, 4, 6]
301210#[0, 1, 2, 3, 4, 5, 6]
10402#[0, 1, 2, 3, 5, 6]
2212#[0, 1, 2, 3, 4, 5, 6]
420001#[0, 2, 3, 4, 5, 6]
121000#[0, 1, 2, 3, 4, 5, 6]
121003#[0, 1, 2, 3, 4, 5, 6]
10411#[2, 5, 6]
420010#[0, 2, 3, 4, 5, 6]
2221#[0, 1, 2, 3, 4, 5, 6]
211120#[1, 2, 3, 4, 5]
10420#[0, 1, 2, 3, 5, 6]
121012#[1, 2, 3, 5, 6]
2230#[0, 1, 2, 3, 4, 5, 6]
121021#[1, 2, 3, 5, 6]
2210020#[0, 1, 2, 3, 4, 5, 6]
2001112#[0, 3, 4, 5, 6]
121030#[0, 1, 2, 3, 4, 5, 6]
2001103#[0, 1, 2, 3, 4, 5, 6]
2001100#[0, 1, 2, 3, 4, 5, 6]
1100020#[0, 1, 2, 3, 4, 5, 6]
2300101#[0, 1, 2, 3, 4, 5, 6]
1100023#[0, 1, 2, 3, 4, 5, 6]
3021001#[0, 1, 2, 3, 4, 5, 6]
2300110#[0, 1, 2, 3, 4, 5, 6]
301300#[0, 1, 2, 3, 4, 5, 6]
1100002#[0, 1, 2, 3, 4, 5, 6]
2210002#[0, 1, 2, 3, 4, 5, 6]
2001130#[0, 1, 2, 3, 4, 5, 6]
1104100#[0, 1, 4]
1014010#[0, 2, 5]
1022200#[0, 1, 2, 3, 4, 5, 6]
203002#[0, 1, 2, 3, 4, 5, 6]
2210011#[0, 1, 2, 5, 6]
1100011#[0, 1, 5, 6]
3021010#[0, 1, 2, 3, 4, 5, 6]
1014001#[0, 2, 6]
2302#[0, 1, 2, 3, 4, 5, 6]
1100014#[0, 1, 5]
2001121#[0, 3, 4, 5, 6]
203011#[0, 1, 2, 3, 4, 5, 6]
3021100#[0, 1, 2, 3, 4, 5, 6]
420100#[0, 2, 3, 4, 5, 6]
211201#[1, 2, 3, 4, 6]
2311#[0, 1, 2, 3, 4, 5, 6]
211210#[1, 2, 3, 4, 5]
2300200#[0, 1, 2, 3, 4, 5, 6]
121102#[1, 2, 3, 4, 6]
203020#[0, 1, 2, 3, 4, 5, 6]
1100032#[0, 1, 2, 3, 4, 5, 6]
2320#[0, 1, 2, 3, 4, 5, 6]
330001#[0, 1, 2, 3, 4, 5, 6]
2210101#[0, 1, 2, 4, 6]
31000#[0, 1, 2, 3, 4, 5, 6]
1100041#[0, 1, 6]
1141000#[0, 1, 3]
31003#[0, 1, 2, 3, 4, 5, 6]
330010#[0, 1, 2, 3, 4, 5, 6]
2210110#[0, 1, 2, 4, 5]
121120#[1, 2, 3, 4, 5]
4000030#[1, 2, 3, 4, 5, 6]
31012#[0, 1, 2, 3, 4, 5, 6]
2001211#[0, 3, 4, 5, 6]
4000021#[1, 2, 3, 4, 5, 6]
2001202#[0, 1, 2, 3, 4, 5, 6]
31021#[0, 1, 2, 3, 4, 5, 6]
4000012#[1, 2, 3, 4, 5, 6]
31030#[0, 1, 2, 3, 4, 5, 6]
3103000#[0, 1, 2, 3, 4, 5, 6]
4000000#[1, 2, 3, 4, 5, 6]
4000003#[1, 2, 3, 4, 5, 6]
1100113#[0, 1, 4, 5]
4000120#[1, 2, 3, 4, 5, 6]
1100122#[0, 1, 4, 5, 6]
1010014#[0, 2, 5]
4000111#[4, 5, 6]
1010011#[0, 2, 5, 6]
1100101#[0, 1, 4, 6]
1100104#[0, 1, 4]
2001220#[0, 1, 2, 3, 4, 5, 6]
4000102#[1, 2, 3, 4, 5, 6]
1014100#[0, 2, 4]
1010002#[0, 1, 2, 3, 4, 5, 6]
203101#[0, 1, 2, 3, 4, 5, 6]
1100110#[0, 1, 4, 5]
2401#[0, 1, 2, 3, 5, 6]
2120002#[0, 1, 2, 3, 4, 5, 6]
203110#[0, 1, 2, 3, 4, 5, 6]
412000#[0, 2, 3, 4, 5, 6]
211300#[0, 1, 2, 3, 4, 5, 6]
1010023#[0, 1, 2, 3, 4, 5, 6]
2410#[0, 1, 2, 3, 5, 6]
113002#[0, 1, 2, 3, 4, 5, 6]
1010020#[0, 1, 2, 3, 4, 5, 6]
2120011#[0, 1, 2, 5, 6]
121201#[1, 2, 3, 4, 6]
330100#[0, 1, 2, 3, 4, 5, 6]
113011#[1, 2, 5, 6]
1100131#[0, 1, 4, 6]
2120020#[0, 1, 2, 3, 4, 5, 6]
1010041#[0, 2, 6]
121210#[1, 2, 3, 4, 5]
1100140#[0, 1, 4]
113020#[0, 1, 2, 3, 4, 5, 6]
31102#[0, 1, 2, 3, 4, 5, 6]
1010032#[0, 1, 2, 3, 4, 5, 6]
2001310#[0, 1, 2, 3, 4, 5, 6]
240001#[0, 1, 3, 4, 5, 6]
2120101#[0, 1, 2, 4, 6]
31111#[3, 4, 5, 6]
240010#[0, 1, 3, 4, 5, 6]
2001301#[0, 1, 2, 3, 4, 5, 6]
2120110#[0, 1, 2, 4, 5]
31120#[0, 1, 2, 3, 4, 5, 6]
1100212#[0, 1, 4, 5, 6]
3013000#[0, 1, 2, 3, 4, 5, 6]
2030011#[0, 1, 2, 3, 4, 5, 6]
2030002#[0, 1, 2, 3, 4, 5, 6]
1100221#[0, 1, 4, 5, 6]
2202001#[0, 1, 2, 3, 4, 5, 6]
1010110#[0, 2, 4, 5]
1010104#[0, 2, 4]
1100200#[0, 1, 2, 3, 4, 5, 6]
2210200#[0, 1, 2, 3, 4, 5, 6]
1010101#[0, 2, 4, 6]
2202010#[0, 1, 2, 3, 4, 5, 6]
1100203#[0, 1, 2, 3, 4, 5, 6]
203200#[0, 1, 2, 3, 4, 5, 6]
1010122#[0, 2, 4, 5, 6]
113101#[1, 2, 4, 6]
1010113#[0, 2, 4, 5]
1010140#[0, 2, 4]
322000#[0, 1, 2, 3, 4, 5, 6]
121300#[0, 1, 2, 3, 4, 5, 6]
2202100#[0, 1, 2, 3, 4, 5, 6]
1100230#[0, 1, 2, 3, 4, 5, 6]
113110#[1, 2, 4, 5]
2030020#[0, 1, 2, 3, 4, 5, 6]
23002#[0, 1, 2, 3, 4, 5, 6]
1010131#[0, 2, 4, 6]
31201#[0, 1, 2, 3, 4, 5, 6]
23011#[0, 1, 2, 3, 4, 5, 6]
2001400#[0, 1, 2, 3, 5, 6]
240100#[0, 1, 3, 4, 5, 6]
31210#[0, 1, 2, 3, 4, 5, 6]
23020#[0, 1, 2, 3, 4, 5, 6]
4000210#[1, 2, 3, 4, 5, 6]
4000201#[1, 2, 3, 4, 5, 6]
2030110#[0, 1, 2, 3, 4, 5, 6]
1301011#[0, 3, 5, 6]
1100311#[0, 1, 5, 6]
2030101#[0, 1, 2, 3, 4, 5, 6]
1301020#[0, 1, 2, 3, 4, 5, 6]
4000300#[1, 2, 3, 4, 5, 6]
1002013#[0, 1, 2, 3, 4, 5, 6]
1010203#[0, 1, 2, 3, 4, 5, 6]
1002010#[0, 1, 2, 3, 4, 5, 6]
1010200#[0, 1, 2, 3, 4, 5, 6]
1301002#[0, 1, 2, 3, 4, 5, 6]
1002004#[0, 1, 2, 3, 4, 5]
1002001#[0, 1, 2, 3, 4, 5, 6]
1100302#[0, 1, 2, 3, 4, 5, 6]
1002031#[0, 1, 2, 3, 4, 5, 6]
2112001#[0, 1, 2, 3, 6]
1010221#[0, 2, 4, 5, 6]
2120200#[0, 1, 2, 3, 4, 5, 6]
1002022#[0, 1, 2, 3, 4, 5, 6]
2112010#[0, 1, 2, 3, 5]
1010212#[0, 2, 4, 5, 6]
1100320#[0, 1, 2, 3, 4, 5, 6]
113200#[0, 1, 2, 3, 4, 5, 6]
1002040#[0, 1, 2, 3, 4, 6]
1010230#[0, 1, 2, 3, 4, 5, 6]
23101#[0, 1, 2, 3, 4, 5, 6]
232000#[0, 1, 2, 3, 4, 5, 6]
31300#[0, 1, 2, 3, 4, 5, 6]
2112100#[0, 1, 2, 3, 4]
23110#[0, 1, 2, 3, 4, 5, 6]
1100401#[0, 1, 6]
2022010#[0, 1, 2, 3, 4, 5, 6]
1301110#[0, 3, 4, 5]
2030200#[0, 1, 2, 3, 4, 5, 6]
4201000#[1, 2, 3, 4, 5, 6]
1211002#[0, 1, 2, 3, 6]
1100410#[0, 1, 5]
2022001#[0, 1, 2, 3, 4, 5, 6]
1010302#[0, 1, 2, 3, 4, 5, 6]
1002103#[0, 1, 2, 3, 4, 5, 6]
1002100#[0, 1, 2, 3, 4, 5, 6]
1301101#[0, 3, 4, 6]
3001000#[0, 1, 2, 3, 4, 5, 6]
400003#[0, 2, 3, 4, 5, 6]
3001003#[0, 1, 2, 3, 4, 5, 6]
400000#[0, 2, 3, 4, 5, 6]
1002121#[0, 3, 4, 5, 6]
1010311#[0, 2, 5, 6]
400012#[0, 2, 3, 4, 5, 6]
101002#[0, 1, 2, 3, 4, 5, 6]
1002112#[0, 3, 4, 5, 6]
3001021#[0, 1, 2, 3, 4, 5, 6]
101011#[1, 3, 5, 6]
3300001#[0, 1, 2, 3, 4, 5, 6]
400021#[0, 2, 3, 4, 5, 6]
101014#[1, 3, 5]
3300010#[0, 1, 2, 3, 4, 5, 6]
400030#[0, 2, 3, 4, 5, 6]
3001012#[0, 1, 2, 3, 4, 5, 6]
1002130#[0, 1, 2, 3, 4, 5, 6]
101020#[0, 1, 2, 3, 4, 5, 6]
1211020#[0, 1, 2, 3, 5]
101023#[0, 1, 2, 3, 4, 5, 6]
1010320#[0, 1, 2, 3, 4, 5, 6]
23200#[0, 1, 2, 3, 4, 5, 6]
4111000#[1, 2, 3]
101032#[0, 1, 2, 3, 4, 5, 6]
101041#[1, 3, 6]
142000#[0, 1, 3, 4, 5, 6]
1301200#[0, 1, 2, 3, 4, 5, 6]
2022100#[0, 1, 2, 3, 4, 5, 6]
1002202#[0, 1, 2, 3, 4, 5, 6]
2104000#[0, 1, 2, 4, 5, 6]
400102#[0, 2, 3, 4, 5, 6]
1002220#[0, 1, 2, 3, 4, 5, 6]
1010410#[0, 2, 5]
400111#[4, 5, 6]
3001030#[0, 1, 2, 3, 4, 5, 6]
101101#[1, 3, 4, 6]
1002211#[0, 3, 4, 5, 6]
1121020#[0, 1, 2, 3, 5]
1010401#[0, 2, 6]
101104#[1, 3, 4]
310000#[0, 1, 2, 3, 4, 5, 6]
1420000#[0, 2, 3, 4, 5, 6]
310003#[0, 1, 2, 3, 4, 5, 6]
101110#[1, 3, 4, 5]
310012#[0, 1, 2, 3, 4, 5, 6]
101113#[1, 3, 4, 5]
11002#[0, 1, 2, 3, 4, 5, 6]
1121002#[0, 1, 2, 3, 6]
400120#[0, 2, 3, 4, 5, 6]
310021#[0, 1, 2, 3, 4, 5, 6]
2100001#[0, 1, 2, 3, 4, 5, 6]
101122#[1, 3, 4, 5, 6]
11011#[2, 3, 5, 6]
2100004#[0, 1, 2, 3, 4, 5]
11014#[2, 3, 5]
310030#[0, 1, 2, 3, 4, 5, 6]
101131#[1, 3, 4, 6]
2100010#[0, 1, 2, 3, 4, 5, 6]
11020#[0, 1, 2, 3, 4, 5, 6]
2100013#[0, 1, 2, 3, 4, 5, 6]
3001120#[0, 1, 2, 3, 4, 5, 6]
11023#[0, 1, 2, 3, 4, 5, 6]
101140#[1, 3, 4]
2100022#[0, 1, 2, 3, 4, 5, 6]
11032#[0, 1, 2, 3, 4, 5, 6]
2100031#[0, 1, 2, 3, 4, 5, 6]
3210001#[0, 1, 2, 3, 4, 5, 6]
11041#[2, 3, 6]
3001102#[0, 1, 2, 3, 4, 5, 6]
3210010#[0, 1, 2, 3, 4, 5, 6]
1203001#[0, 1, 2, 3, 4, 5, 6]
2014000#[0, 1, 2, 4, 5, 6]
1002301#[0, 1, 2, 3, 4, 5, 6]
4021000#[1, 2, 3, 4, 5, 6]
3300100#[0, 1, 2, 3, 4, 5, 6]
3001111#[3, 4, 5, 6]
1330000#[0, 1, 2, 3, 4, 5, 6]
3210100#[0, 1, 2, 3, 4, 5, 6]
1002310#[0, 1, 2, 3, 4, 5, 6]
400201#[0, 2, 3, 4, 5, 6]
1203010#[0, 1, 2, 3, 4, 5, 6]
101200#[0, 1, 2, 3, 4, 5, 6]
101203#[0, 1, 2, 3, 4, 5, 6]
310102#[0, 1, 2, 3, 4, 5, 6]
1211200#[0, 1, 2, 3, 4]
400210#[0, 2, 3, 4, 5, 6]
1031002#[0, 1, 2, 3, 4, 5, 6]
3001210#[0, 1, 2, 3, 4, 5, 6]
310111#[2, 4, 5, 6]
3001201#[0, 1, 2, 3, 4, 5, 6]
101212#[1, 3, 4, 5, 6]
11101#[2, 3, 4, 6]
220003#[0, 1, 2, 3, 4, 5, 6]
11104#[2, 3, 4]
220000#[0, 1, 2, 3, 4, 5, 6]
1031020#[0, 1, 2, 3, 4, 5, 6]
101221#[1, 3, 4, 5, 6]
11110#[2, 3, 4, 5]
2100040#[0, 1, 2, 3, 4, 6]
11113#[2, 3, 4, 5]
310120#[0, 1, 2, 3, 4, 5, 6]
1031011#[0, 3, 5, 6]
220012#[0, 1, 2, 3, 4, 5, 6]
101230#[0, 1, 2, 3, 4, 5, 6]
11122#[2, 3, 4, 5, 6]
220021#[0, 1, 2, 3, 4, 5, 6]
11131#[2, 3, 4, 6]
220030#[0, 1, 2, 3, 4, 5, 6]
2100130#[0, 1, 2, 3, 4, 5, 6]
2010013#[0, 1, 2, 3, 4, 5, 6]
2010010#[0, 1, 2, 3, 4, 5, 6]
11140#[2, 3, 4]
2010004#[0, 1, 2, 3, 4, 5]
1203100#[0, 1, 2, 3, 4, 5, 6]
2010001#[0, 1, 2, 3, 4, 5, 6]
1121200#[0, 1, 2, 3, 4]
1113010#[0, 1, 2, 5]
2100100#[0, 1, 2, 3, 4, 5, 6]
3120010#[0, 1, 2, 3, 4, 5, 6]
2010040#[0, 1, 2, 3, 4, 6]
2100103#[0, 1, 2, 3, 4, 5, 6]
400300#[0, 2, 3, 4, 5, 6]
3120001#[0, 1, 2, 3, 4, 5, 6]
1002400#[0, 1, 2, 3, 5, 6]
2100112#[0, 1, 4, 5, 6]
2010031#[0, 1, 2, 3, 4, 5, 6]
1031101#[0, 3, 4, 6]
302002#[0, 1, 2, 3, 4, 5, 6]
101302#[0, 1, 2, 3, 4, 5, 6]
2010022#[0, 1, 2, 3, 4, 5, 6]
2100121#[0, 1, 4, 5, 6]
3001#[0, 1, 2, 3, 4, 5, 6]
1113001#[0, 1, 2, 6]
3004#[0, 1, 2, 3, 4, 5]
310201#[0, 1, 2, 3, 4, 5, 6]
101311#[1, 3, 5, 6]
302011#[0, 1, 2, 3, 4, 5, 6]
11200#[0, 1, 2, 3, 4, 5, 6]
302020#[0, 1, 2, 3, 4, 5, 6]
3010#[0, 1, 2, 3, 4, 5, 6]
11203#[0, 1, 2, 3, 4, 5, 6]
220102#[0, 1, 2, 3, 4, 5, 6]
3013#[0, 1, 2, 3, 4, 5, 6]
310210#[0, 1, 2, 3, 4, 5, 6]
101320#[0, 1, 2, 3, 4, 5, 6]
1031110#[0, 3, 4, 5]
2100202#[0, 1, 2, 3, 4, 5, 6]
3120100#[0, 1, 2, 3, 4, 5, 6]
220111#[1, 2, 4, 5, 6]
11212#[2, 3, 4, 5, 6]
3022#[0, 1, 2, 3, 4, 5, 6]
130000#[0, 1, 2, 3, 4, 5, 6]
130003#[0, 1, 2, 3, 4, 5, 6]
1240000#[0, 1, 3, 4, 5, 6]
2100211#[0, 1, 4, 5, 6]
3030010#[0, 1, 2, 3, 4, 5, 6]
11221#[2, 3, 4, 5, 6]
3031#[0, 1, 2, 3, 4, 5, 6]
220120#[0, 1, 2, 3, 4, 5, 6]
2100220#[0, 1, 2, 3, 4, 5, 6]
130012#[0, 1, 2, 3, 4, 5, 6]
11230#[0, 1, 2, 3, 4, 5, 6]
3030001#[0, 1, 2, 3, 4, 5, 6]
3202000#[0, 1, 2, 3, 4, 5, 6]
3040#[0, 1, 2, 3, 4, 6]
130021#[0, 1, 2, 3, 4, 5, 6]
2010103#[0, 1, 2, 3, 4, 5, 6]
2010100#[0, 1, 2, 3, 4, 5, 6]
130030#[0, 1, 2, 3, 4, 5, 6]
3001300#[0, 1, 2, 3, 4, 5, 6]
2010130#[0, 1, 2, 3, 4, 5, 6]
302101#[0, 1, 2, 3, 4, 5, 6]
1023001#[0, 1, 2, 3, 4, 5, 6]
2010121#[0, 2, 4, 5, 6]
310300#[0, 1, 2, 3, 4, 5, 6]
101401#[1, 3, 6]
302110#[0, 1, 2, 3, 4, 5, 6]
3100#[0, 1, 2, 3, 4, 5, 6]
1113100#[0, 1, 2, 4]
2010112#[0, 2, 4, 5, 6]
3103#[0, 1, 2, 3, 4, 5, 6]
212002#[0, 1, 2, 3, 4, 5, 6]
101410#[1, 3, 5]
11302#[0, 1, 2, 3, 4, 5, 6]
212011#[1, 2, 3, 5, 6]
3112#[0, 1, 2, 3, 4, 5, 6]
220201#[0, 1, 2, 3, 4, 5, 6]
1023010#[0, 1, 2, 3, 4, 5, 6]
1031200#[0, 1, 2, 3, 4, 5, 6]
11311#[2, 3, 5, 6]
220210#[0, 1, 2, 3, 4, 5, 6]
3121#[0, 1, 2, 3, 4, 5, 6]
130102#[0, 1, 2, 3, 4, 5, 6]
212020#[0, 1, 2, 3, 4, 5, 6]
11320#[0, 1, 2, 3, 4, 5, 6]
3130#[0, 1, 2, 3, 4, 5, 6]
130111#[1, 4, 5, 6]
40000#[0, 1, 3, 4, 5, 6]
2002012#[0, 1, 2, 3, 4, 5, 6]
40003#[0, 1, 3, 4, 5, 6]
2010202#[0, 1, 2, 3, 4, 5, 6]
130120#[0, 1, 2, 3, 4, 5, 6]
40012#[0, 1, 3, 4, 5, 6]
2002003#[0, 1, 2, 3, 4, 5, 6]
2002000#[0, 1, 2, 3, 4, 5, 6]
40021#[0, 1, 3, 4, 5, 6]
40030#[0, 1, 3, 4, 5, 6]
2301001#[0, 1, 2, 3, 4, 5, 6]
2100301#[0, 1, 2, 3, 4, 5, 6]
3112000#[0, 1, 2, 3, 4, 5, 6]
2002030#[0, 1, 2, 3, 4, 5, 6]
2301010#[0, 1, 2, 3, 4, 5, 6]
2010220#[0, 1, 2, 3, 4, 5, 6]
1023100#[0, 1, 2, 3, 4, 5, 6]
2100310#[0, 1, 2, 3, 4, 5, 6]
3030100#[0, 1, 2, 3, 4, 5, 6]
2002021#[0, 1, 2, 3, 4, 5, 6]
302200#[0, 1, 2, 3, 4, 5, 6]
2010211#[0, 2, 4, 5, 6]
3202#[0, 1, 2, 3, 4, 5, 6]
212101#[1, 2, 3, 4, 6]
11401#[2, 3, 6]
3211#[0, 1, 2, 3, 4, 5, 6]
212110#[1, 2, 3, 4, 5]
421000#[0, 2, 3, 4, 5, 6]
220300#[0, 1, 2, 3, 4, 5, 6]
2301100#[0, 1, 2, 3, 4, 5, 6]
2100400#[0, 1, 2, 3, 5, 6]
11410#[2, 3, 5]
122002#[0, 1, 2, 3, 4, 5, 6]
3220#[0, 1, 2, 3, 4, 5, 6]
2211001#[0, 1, 2, 3, 6]
130201#[0, 1, 2, 3, 4, 5, 6]
122011#[1, 2, 3, 5, 6]
3022000#[0, 1, 2, 3, 4, 5, 6]
4300000#[1, 2, 3, 4, 5, 6]
2002111#[0, 3, 4, 5, 6]
130210#[0, 1, 2, 3, 4, 5, 6]
2010301#[0, 1, 2, 3, 4, 5, 6]
122020#[0, 1, 2, 3, 4, 5, 6]
40102#[0, 1, 3, 4, 5, 6]
2002102#[0, 1, 2, 3, 4, 5, 6]
40111#[4, 5, 6]
40120#[0, 1, 3, 4, 5, 6]
1400020#[0, 2, 3, 4, 5, 6]
4001020#[1, 2, 3, 4, 5, 6]
1101010#[0, 1, 3, 5]
1101013#[0, 1, 3, 5]
1101022#[0, 1, 3, 5, 6]
4001011#[3, 5, 6]
2002120#[0, 1, 2, 3, 4, 5, 6]
1400002#[0, 2, 3, 4, 5, 6]
4001002#[1, 2, 3, 4, 5, 6]
2010310#[0, 1, 2, 3, 4, 5, 6]
1101001#[0, 1, 3, 6]
1101004#[0, 1, 3]
1400011#[0, 5, 6]
1101040#[0, 1, 3]
204001#[0, 1, 2, 4, 5, 6]
2211010#[0, 1, 2, 3, 5]
3301#[0, 1, 2, 3, 4, 5, 6]
204010#[0, 1, 2, 4, 5, 6]
212200#[0, 1, 2, 3, 4, 5, 6]
3310#[0, 1, 2, 3, 4, 5, 6]
122101#[1, 2, 3, 4, 6]
1101031#[0, 1, 3, 6]
331000#[0, 1, 2, 3, 4, 5, 6]
130300#[0, 1, 2, 3, 4, 5, 6]
122110#[1, 2, 3, 4, 5]
32002#[0, 1, 2, 3, 4, 5, 6]
2002201#[0, 1, 2, 3, 4, 5, 6]
40201#[0, 1, 3, 4, 5, 6]
2121001#[0, 1, 2, 3, 6]
32011#[0, 1, 2, 3, 4, 5, 6]
4210000#[1, 2, 3, 4, 5, 6]
40210#[0, 1, 3, 4, 5, 6]
2121010#[0, 1, 2, 3, 5]
32020#[0, 1, 2, 3, 4, 5, 6]
1310002#[0, 1, 2, 3, 4, 5, 6]
1310011#[0, 2, 5, 6]
1400101#[0, 4, 6]
1011004#[0, 2, 3]
1011001#[0, 2, 3, 6]
1400110#[0, 4, 5]
1101100#[0, 1, 3, 4]
2002210#[0, 1, 2, 3, 4, 5, 6]
2211100#[0, 1, 2, 3, 4]
2010400#[0, 1, 2, 3, 5, 6]
1101103#[0, 1, 3, 4]
200002#[0, 1, 2, 3, 4, 5, 6]
1011022#[0, 2, 3, 5, 6]
3100012#[0, 1, 2, 3, 4, 5, 6]
204100#[0, 1, 2, 4, 5, 6]
3400#[0, 1, 2, 3, 5, 6]
200011#[0, 1, 2, 3, 4, 5, 6]
1011013#[0, 2, 3, 5]
3100003#[0, 1, 2, 3, 4, 5, 6]
1011010#[0, 2, 3, 5]
200014#[0, 1, 2, 3, 4, 5]
3100000#[0, 1, 2, 3, 4, 5, 6]
114001#[1, 2, 6]
3100030#[0, 1, 2, 3, 4, 5, 6]
200023#[0, 1, 2, 3, 4, 5, 6]
1310020#[0, 1, 2, 3, 4, 5, 6]
200020#[0, 1, 2, 3, 4, 5, 6]
1011031#[0, 2, 3, 6]
2203000#[0, 1, 2, 3, 4, 5, 6]
122200#[0, 1, 2, 3, 4, 5, 6]
1101130#[0, 1, 3, 4]
3100021#[0, 1, 2, 3, 4, 5, 6]
114010#[1, 2, 5]
2002300#[0, 1, 2, 3, 4, 5, 6]
200032#[0, 1, 2, 3, 4, 5, 6]
32101#[0, 1, 2, 3, 4, 5, 6]
200041#[0, 1, 2, 3, 4, 6]
4001110#[3, 4, 5]
241000#[0, 1, 3, 4, 5, 6]
40300#[0, 1, 3, 4, 5, 6]
32110#[0, 1, 2, 3, 4, 5, 6]
1011040#[0, 2, 3]
4001101#[3, 4, 6]
1101202#[0, 1, 3, 4, 6]
1310101#[0, 2, 4, 6]
2031001#[0, 1, 2, 3, 4, 5, 6]
4001200#[1, 2, 3, 4, 5, 6]
1310110#[0, 2, 4, 5]
1011103#[0, 2, 3, 4]
1011100#[0, 2, 3, 4]
1400200#[0, 2, 3, 4, 5, 6]
1220020#[0, 1, 2, 3, 4, 5, 6]
200101#[0, 1, 2, 3, 4, 5, 6]
200104#[0, 1, 2, 3, 4, 5]
2121100#[0, 1, 2, 3, 4]
200110#[0, 1, 2, 3, 4, 5, 6]
1220002#[0, 1, 2, 3, 4, 5, 6]
200113#[0, 1, 2, 3, 4, 5, 6]
110002#[0, 1, 2, 3, 4, 5, 6]
1101220#[0, 1, 3, 4, 5]
1011130#[0, 2, 3, 4]
114100#[1, 2, 4]
200122#[0, 1, 2, 3, 4, 5, 6]
1220011#[0, 1, 2, 5, 6]
110011#[1, 2, 5, 6]
2031010#[0, 1, 2, 3, 4, 5, 6]
110014#[1, 2, 5]
200131#[0, 1, 2, 3, 4, 5, 6]
24001#[0, 1, 2, 4, 5, 6]
3010030#[0, 1, 2, 3, 4, 5, 6]
110020#[0, 1, 2, 3, 4, 5, 6]
110023#[0, 1, 2, 3, 4, 5, 6]
2113000#[0, 1, 2, 3, 4, 5, 6]
32200#[0, 1, 2, 3, 4, 5, 6]
3010021#[0, 1, 2, 3, 4, 5, 6]
24010#[0, 1, 2, 4, 5, 6]
200140#[0, 1, 2, 3, 4, 6]
110032#[0, 1, 2, 3, 4, 5, 6]
110041#[1, 2, 6]
3100111#[1, 4, 5, 6]
1302001#[0, 1, 2, 3, 4, 5, 6]
2031100#[0, 1, 2, 3, 4, 5, 6]
1101301#[0, 1, 3, 6]
1302010#[0, 1, 2, 3, 4, 5, 6]
3100102#[0, 1, 2, 3, 4, 5, 6]
1310200#[0, 1, 2, 3, 4, 5, 6]
1101310#[0, 1, 3, 5]
3010012#[0, 1, 2, 3, 4, 5, 6]
1003003#[0, 1, 2, 3, 4, 5, 6]
1003000#[0, 1, 2, 3, 4, 5, 6]
3100120#[0, 1, 2, 3, 4, 5, 6]
3010000#[0, 1, 2, 3, 4, 5, 6]
3010003#[0, 1, 2, 3, 4, 5, 6]
4120000#[1, 2, 3, 4, 5, 6]
1003021#[0, 1, 2, 3, 4, 5, 6]
1130002#[0, 1, 2, 3, 4, 5, 6]
3100201#[0, 1, 2, 3, 4, 5, 6]
200203#[0, 1, 2, 3, 4, 5, 6]
1130011#[0, 1, 5, 6]
200200#[0, 1, 2, 3, 4, 5, 6]
1003012#[0, 1, 2, 3, 4, 5, 6]
1011202#[0, 2, 3, 4, 6]
4030000#[1, 2, 3, 4, 5, 6]
3010111#[2, 4, 5, 6]
110101#[1, 2, 4, 6]
200212#[0, 1, 2, 3, 4, 5, 6]
1220101#[0, 1, 2, 4, 6]
1003030#[0, 1, 2, 3, 4, 5, 6]
110104#[1, 2, 4]
1011220#[0, 2, 3, 4, 5]
3010102#[0, 1, 2, 3, 4, 5, 6]
1220110#[0, 1, 2, 4, 5]
3100210#[0, 1, 2, 3, 4, 5, 6]
200221#[0, 1, 2, 3, 4, 5, 6]
110110#[1, 2, 4, 5]
110113#[1, 2, 4, 5]
20002#[0, 1, 2, 3, 4, 5, 6]
24100#[0, 1, 2, 4, 5, 6]
200230#[0, 1, 2, 3, 4, 5, 6]
20011#[0, 1, 2, 3, 4, 5, 6]
110122#[1, 2, 4, 5, 6]
20014#[0, 1, 2, 3, 4, 5]
110131#[1, 2, 4, 6]
20020#[0, 1, 2, 3, 4, 5, 6]
1130020#[0, 1, 2, 3, 4, 5, 6]
20023#[0, 1, 2, 3, 4, 5, 6]
110140#[1, 2, 4]
20032#[0, 1, 2, 3, 4, 5, 6]
2023000#[0, 1, 2, 3, 4, 5, 6]
1302100#[0, 1, 2, 3, 4, 5, 6]
1101400#[0, 1, 3]
20041#[0, 1, 2, 3, 4, 6]
1003102#[0, 1, 2, 3, 4, 5, 6]
1011310#[0, 2, 3, 5]
1130101#[0, 1, 4, 6]
3010120#[0, 1, 2, 3, 4, 5, 6]
1003111#[0, 4, 5, 6]
1011301#[0, 2, 3, 6]
401002#[0, 2, 3, 4, 5, 6]
200302#[0, 1, 2, 3, 4, 5, 6]
1130110#[0, 1, 4, 5]
102001#[0, 1, 2, 3, 4, 5, 6]
1212001#[0, 1, 2, 3, 6]
200311#[0, 1, 2, 3, 4, 5, 6]
102004#[0, 1, 2, 3, 4, 5]
401011#[3, 5, 6]
1212010#[0, 1, 2, 3, 5]
110200#[0, 1, 2, 3, 4, 5, 6]
1220200#[0, 1, 2, 3, 4, 5, 6]
401020#[0, 2, 3, 4, 5, 6]
110203#[0, 1, 2, 3, 4, 5, 6]
102010#[0, 1, 2, 3, 4, 5, 6]
102013#[0, 1, 2, 3, 4, 5, 6]
1003120#[0, 1, 2, 3, 4, 5, 6]
200320#[0, 1, 2, 3, 4, 5, 6]
1040011#[0, 5, 6]
20101#[0, 1, 2, 3, 4, 5, 6]
110212#[1, 2, 4, 5, 6]
102022#[0, 1, 2, 3, 4, 5, 6]
20104#[0, 1, 2, 3, 4, 5]
3002020#[0, 1, 2, 3, 4, 5, 6]
110221#[1, 2, 4, 5, 6]
1040002#[0, 1, 3, 4, 5, 6]
20110#[0, 1, 2, 3, 4, 5, 6]
102031#[0, 1, 2, 3, 4, 5, 6]
3010210#[0, 1, 2, 3, 4, 5, 6]
20113#[0, 1, 2, 3, 4, 5, 6]
110230#[0, 1, 2, 3, 4, 5, 6]
102040#[0, 1, 2, 3, 4, 6]
20122#[0, 1, 2, 3, 4, 5, 6]
1040020#[0, 1, 3, 4, 5, 6]
20131#[0, 1, 2, 3, 4, 5, 6]
3100300#[0, 1, 2, 3, 4, 5, 6]
20140#[0, 1, 2, 3, 4, 6]
3010201#[0, 1, 2, 3, 4, 5, 6]
3002011#[0, 1, 2, 3, 4, 5, 6]
3301000#[0, 1, 2, 3, 4, 5, 6]
3002002#[0, 1, 2, 3, 4, 5, 6]
1122001#[0, 1, 2, 3, 6]
1003210#[0, 1, 2, 3, 4, 5, 6]
1011400#[0, 2, 3]
3211000#[0, 1, 2, 3, 4, 5, 6]
1130200#[0, 1, 2, 3, 4, 5, 6]
1122010#[0, 1, 2, 3, 5]
401101#[3, 4, 6]
1003201#[0, 1, 2, 3, 4, 5, 6]
401110#[3, 4, 5]
3010300#[0, 1, 2, 3, 4, 5, 6]
200401#[0, 1, 2, 3, 5, 6]
3002110#[0, 1, 2, 3, 4, 5, 6]
102100#[0, 1, 2, 3, 4, 5, 6]
102103#[0, 1, 2, 3, 4, 5, 6]
1212100#[0, 1, 2, 3, 4]
3002101#[0, 1, 2, 3, 4, 5, 6]
200410#[0, 1, 2, 3, 5, 6]
311002#[0, 1, 2, 3, 4, 5, 6]
110302#[0, 1, 2, 3, 4, 5, 6]
12001#[0, 1, 2, 3, 4, 5, 6]
1040110#[0, 4, 5]
102112#[1, 3, 4, 5, 6]
12004#[0, 1, 2, 3, 4, 5]
110311#[1, 2, 5, 6]
311011#[2, 3, 5, 6]
20200#[0, 1, 2, 3, 4, 5, 6]
311020#[0, 1, 2, 3, 4, 5, 6]
102121#[1, 3, 4, 5, 6]
12010#[0, 1, 2, 3, 4, 5, 6]
1040101#[0, 4, 6]
20203#[0, 1, 2, 3, 4, 5, 6]
12013#[0, 1, 2, 3, 4, 5, 6]
110320#[0, 1, 2, 3, 4, 5, 6]
102130#[0, 1, 2, 3, 4, 5, 6]
20212#[0, 1, 2, 3, 4, 5, 6]
12022#[0, 1, 2, 3, 4, 5, 6]
20221#[0, 1, 2, 3, 4, 5, 6]
12031#[0, 1, 2, 3, 4, 5, 6]
2101030#[0, 1, 2, 3, 4, 5, 6]
20230#[0, 1, 2, 3, 4, 5, 6]
12040#[0, 1, 2, 3, 4, 6]
1122100#[0, 1, 2, 3, 4]
2400001#[0, 2, 3, 4, 5, 6]
2101000#[0, 1, 2, 3, 4, 5, 6]
2101003#[0, 1, 2, 3, 4, 5, 6]
1003300#[0, 1, 2, 3, 4, 5, 6]
2400010#[0, 2, 3, 4, 5, 6]
1204000#[0, 1, 2, 4, 5, 6]
2101012#[0, 1, 3, 5, 6]
401200#[0, 2, 3, 4, 5, 6]
311101#[2, 3, 4, 6]
102202#[0, 1, 2, 3, 4, 5, 6]
2101021#[0, 1, 3, 5, 6]
2400100#[0, 2, 3, 4, 5, 6]
110401#[1, 2, 6]
102211#[1, 3, 4, 5, 6]
311110#[2, 3, 4, 5]
12100#[0, 1, 2, 3, 4, 5, 6]
1032010#[0, 1, 2, 3, 4, 5, 6]
12103#[0, 1, 2, 3, 4, 5, 6]
3121000#[0, 1, 2, 3, 4, 5, 6]
1040200#[0, 1, 3, 4, 5, 6]
221002#[0, 1, 2, 3, 4, 5, 6]
110410#[1, 2, 5]
102220#[0, 1, 2, 3, 4, 5, 6]
20302#[0, 1, 2, 3, 4, 5, 6]
2101102#[0, 1, 3, 4, 6]
1032001#[0, 1, 2, 3, 4, 5, 6]
221011#[1, 2, 3, 5, 6]
12112#[2, 3, 4, 5, 6]
2310001#[0, 1, 2, 3, 4, 5, 6]
20311#[0, 1, 2, 3, 4, 5, 6]
2310010#[0, 1, 2, 3, 4, 5, 6]
12121#[2, 3, 4, 5, 6]
221020#[0, 1, 2, 3, 4, 5, 6]
20320#[0, 1, 2, 3, 4, 5, 6]
12130#[0, 1, 2, 3, 4, 5, 6]
2011003#[0, 1, 2, 3, 4, 5, 6]
2011000#[0, 1, 2, 3, 4, 5, 6]
3002200#[0, 1, 2, 3, 4, 5, 6]
1114000#[0, 1, 2]
1200022#[0, 1, 2, 3, 4, 5, 6]
2011030#[0, 1, 2, 3, 4, 5, 6]
4100020#[1, 2, 3, 4, 5, 6]
1200031#[0, 1, 2, 3, 4, 5, 6]
1200001#[0, 1, 2, 3, 4, 5, 6]
2011021#[0, 2, 3, 5, 6]
4100011#[1, 5, 6]
1200004#[0, 1, 2, 3, 4, 5]
1200010#[0, 1, 2, 3, 4, 5, 6]
2011012#[0, 2, 3, 5, 6]
102301#[0, 1, 2, 3, 4, 5, 6]
4100002#[1, 2, 3, 4, 5, 6]
303001#[0, 1, 2, 3, 4, 5, 6]
1200013#[0, 1, 2, 3, 4, 5, 6]
4000#[0, 1, 2, 4, 5, 6]
2101120#[0, 1, 3, 4, 5]
4003#[0, 1, 2, 4, 5, 6]
311200#[0, 1, 2, 3, 4, 5, 6]
303010#[0, 1, 2, 3, 4, 5, 6]
102310#[0, 1, 2, 3, 4, 5, 6]
12202#[0, 1, 2, 3, 4, 5, 6]
1032100#[0, 1, 2, 3, 4, 5, 6]
4012#[0, 1, 2, 4, 5, 6]
221101#[1, 2, 3, 4, 6]
20401#[0, 1, 2, 3, 5, 6]
12211#[2, 3, 4, 5, 6]
221110#[1, 2, 3, 4, 5]
4021#[0, 1, 2, 4, 5, 6]
430000#[0, 2, 3, 4, 5, 6]
1200040#[0, 1, 2, 3, 4, 6]
20410#[0, 1, 2, 3, 5, 6]
131002#[0, 1, 2, 3, 4, 5, 6]
12220#[0, 1, 2, 3, 4, 5, 6]
4030#[0, 1, 2, 4, 5, 6]
2011102#[0, 2, 3, 4, 6]
2220001#[0, 1, 2, 3, 4, 5, 6]
131011#[1, 3, 5, 6]
2220010#[0, 1, 2, 3, 4, 5, 6]
131020#[0, 1, 2, 3, 4, 5, 6]
1110001#[0, 1, 2, 6]
1200112#[0, 1, 4, 5, 6]
1110004#[0, 1, 2]
1110010#[0, 1, 2, 5]
1200121#[0, 1, 4, 5, 6]
1110013#[0, 1, 2, 5]
2011120#[0, 2, 3, 4, 5]
2101201#[0, 1, 3, 4, 6]
1200103#[0, 1, 2, 3, 4, 5, 6]
3031000#[0, 1, 2, 3, 4, 5, 6]
1200100#[0, 1, 2, 3, 4, 5, 6]
2310100#[0, 1, 2, 3, 4, 5, 6]
303100#[0, 1, 2, 3, 4, 5, 6]
2101210#[0, 1, 3, 4, 5]
