0#[0, 1, 2, 3, 4, 5, 6]
3#[0, 1, 2, 3, 4, 5, 6]
4101#[0, 1, 2, 4, 5, 6]
213000#[0, 1, 2, 3, 4, 5, 6]
12#[0, 1, 2, 3, 4, 5, 6]
12300#[0, 1, 2, 3, 4, 5, 6]
4110#[0, 1, 2, 4, 5, 6]
21#[0, 1, 2, 3, 4, 5, 6]
1110021#[0, 1, 2, 5, 6]
24#[0, 1, 2, 3, 4, 5]
1110030#[0, 1, 2, 3, 4, 5, 6]
30#[0, 1, 2, 3, 4, 5, 6]
131100#[0, 1, 2, 3, 4, 5, 6]
33#[0, 1, 2, 3, 4, 5, 6]
4010010#[1, 2, 3, 4, 5, 6]
2003001#[0, 1, 2, 3, 4, 5, 6]
41001#[0, 1, 3, 4, 5, 6]
301101#[0, 1, 2, 3, 4, 5, 6]
42#[0, 1, 2, 3, 4, 6]
4010001#[1, 2, 3, 4, 5, 6]
100401#[0, 1, 2, 3, 5, 6]
41010#[0, 1, 3, 4, 5, 6]
301110#[0, 1, 2, 3, 4, 5, 6]
2100#[0, 1, 2, 3, 4, 5, 6]
1112100#[0, 1, 2, 3, 4]
1022010#[0, 1, 2, 3, 4, 5, 6]
1030200#[0, 1, 2, 3, 4, 5, 6]
2103#[0, 1, 2, 3, 4, 5, 6]
211002#[0, 1, 2, 3, 4, 5, 6]
4100100#[1, 2, 3, 4, 5, 6]
100410#[0, 1, 2, 3, 5, 6]
1022001#[0, 1, 2, 3, 4, 5, 6]
10302#[0, 1, 2, 3, 4, 5, 6]
1200210#[0, 1, 2, 3, 4, 5, 6]
2112#[0, 1, 2, 3, 4, 5, 6]
211011#[1, 2, 3, 5, 6]
2300001#[0, 1, 2, 3, 4, 5, 6]
1110102#[0, 1, 2, 4, 6]
10311#[0, 1, 2, 3, 4, 5, 6]
4010100#[1, 2, 3, 4, 5, 6]
2300010#[0, 1, 2, 3, 4, 5, 6]
2121#[0, 1, 2, 3, 4, 5, 6]
211020#[0, 1, 2, 3, 4, 5, 6]
10320#[0, 1, 2, 3, 4, 5, 6]
2130#[0, 1, 2, 3, 4, 5, 6]
1200201#[0, 1, 2, 3, 4, 5, 6]
2003010#[0, 1, 2, 3, 4, 5, 6]
2011200#[0, 1, 2, 3, 4, 5, 6]
1020012#[0, 1, 2, 3, 4, 5, 6]
2001021#[0, 1, 2, 3, 4, 5, 6]
102#[0, 1, 2, 3, 4, 5, 6]
4200#[0, 1, 2, 4, 5, 6]
2001012#[0, 1, 2, 3, 4, 5, 6]
1020003#[0, 1, 2, 3, 4, 5, 6]
1020000#[0, 1, 2, 3, 4, 5, 6]
111#[0, 1, 2, 3, 4, 5, 6]
2130000#[0, 1, 2, 3, 4, 5, 6]
1020030#[0, 1, 2, 3, 4, 5, 6]
114#[0, 1, 2, 3, 4, 5]
2001003#[0, 1, 2, 3, 4, 5, 6]
2001000#[0, 1, 2, 3, 4, 5, 6]
3111000#[0, 1, 2, 3, 4, 5, 6]
1110120#[0, 1, 2, 4, 5]
120#[0, 1, 2, 3, 4, 5, 6]
123000#[0, 1, 2, 3, 4, 5, 6]
1020021#[0, 1, 2, 3, 4, 5, 6]
123#[0, 1, 2, 3, 4, 5, 6]
2003100#[0, 1, 2, 3, 4, 5, 6]
132#[0, 1, 2, 3, 4, 5, 6]
41100#[0, 1, 3, 4, 5, 6]
141#[0, 1, 2, 3, 4, 6]
1104000#[0, 1, 2, 4, 5, 6]
301200#[0, 1, 2, 3, 4, 5, 6]
2001030#[0, 1, 2, 3, 4, 5, 6]
2202#[0, 1, 2, 3, 4, 5, 6]
1022100#[0, 1, 2, 3, 4, 5, 6]
211101#[1, 2, 3, 4, 6]
10401#[0, 1, 2, 3, 5, 6]
1102002#[0, 1, 2, 3, 4, 5, 6]
2211#[0, 1, 2, 3, 4, 5, 6]
211110#[1, 2, 3, 4, 5]
420000#[0, 2, 3, 4, 5, 6]
1110201#[0, 1, 2, 4, 6]
10410#[0, 1, 2, 3, 5, 6]
1102011#[0, 1, 3, 5, 6]
121002#[0, 1, 2, 3, 4, 5, 6]
2220#[0, 1, 2, 3, 4, 5, 6]
121011#[1, 2, 3, 5, 6]
1401000#[0, 2, 3, 4, 5, 6]
121020#[0, 1, 2, 3, 4, 5, 6]
1200300#[0, 1, 2, 3, 4, 5, 6]
1020111#[0, 2, 4, 5, 6]
1020102#[0, 1, 2, 3, 4, 5, 6]
201#[0, 1, 2, 3, 4, 5, 6]
2001111#[0, 3, 4, 5, 6]
204#[0, 1, 2, 3, 4, 5]
2001102#[0, 1, 2, 3, 4, 5, 6]
210#[0, 1, 2, 3, 4, 5, 6]
1110210#[0, 1, 2, 4, 5]
1102020#[0, 1, 2, 3, 4, 5, 6]
213#[0, 1, 2, 3, 4, 5, 6]
1020120#[0, 1, 2, 3, 4, 5, 6]
222#[0, 1, 2, 3, 4, 5, 6]
2040000#[0, 1, 3, 4, 5, 6]
1100022#[0, 1, 2, 3, 4, 5, 6]
3021000#[0, 1, 2, 3, 4, 5, 6]
231#[0, 1, 2, 3, 4, 5, 6]
2300100#[0, 1, 2, 3, 4, 5, 6]
33000#[0, 1, 2, 3, 4, 5, 6]
4002000#[1, 2, 3, 4, 5, 6]
1100031#[0, 1, 2, 3, 4, 5, 6]
240#[0, 1, 2, 3, 4, 6]
2210001#[0, 1, 2, 3, 4, 5, 6]
1100001#[0, 1, 2, 3, 4, 5, 6]
1100004#[0, 1, 2, 3, 4, 5]
203001#[0, 1, 2, 3, 4, 5, 6]
1100010#[0, 1, 2, 3, 4, 5, 6]
2210010#[0, 1, 2, 3, 4, 5, 6]
2301#[0, 1, 2, 3, 4, 5, 6]
1100013#[0, 1, 2, 3, 4, 5, 6]
2001120#[0, 1, 2, 3, 4, 5, 6]
1014000#[0, 1, 2, 4, 5, 6]
203010#[0, 1, 2, 3, 4, 5, 6]
211200#[0, 1, 2, 3, 4, 5, 6]
1102101#[0, 1, 3, 4, 6]
2310#[0, 1, 2, 3, 4, 5, 6]
121101#[1, 2, 3, 4, 6]
1311000#[0, 1, 2, 3, 4, 5, 6]
1110300#[0, 1, 2, 3, 4, 5, 6]
1102110#[0, 1, 3, 4, 5]
330000#[0, 1, 2, 3, 4, 5, 6]
2210100#[0, 1, 2, 3, 4, 5, 6]
121110#[1, 2, 3, 4, 5]
1100040#[0, 1, 2, 3, 4, 6]
31002#[0, 1, 2, 3, 4, 5, 6]
31011#[0, 1, 2, 3, 4, 5, 6]
2001210#[0, 1, 2, 3, 4, 5, 6]
1012011#[0, 2, 3, 5, 6]
1020201#[0, 1, 2, 3, 4, 5, 6]
201003#[0, 1, 2, 3, 4, 5, 6]
4000020#[1, 2, 3, 4, 5, 6]
201000#[0, 1, 2, 3, 4, 5, 6]
31020#[0, 1, 2, 3, 4, 5, 6]
300#[0, 1, 2, 3, 4, 5, 6]
1012002#[0, 1, 2, 3, 4, 5, 6]
2001201#[0, 1, 2, 3, 4, 5, 6]
303#[0, 1, 2, 3, 4, 5, 6]
4000011#[1, 2, 3, 4, 5, 6]
201012#[0, 1, 2, 3, 4, 5, 6]
312#[0, 1, 2, 3, 4, 5, 6]
1012020#[0, 1, 2, 3, 4, 5, 6]
1020210#[0, 1, 2, 3, 4, 5, 6]
201021#[0, 1, 2, 3, 4, 5, 6]
4000002#[1, 2, 3, 4, 5, 6]
1100112#[0, 1, 4, 5, 6]
321#[0, 1, 2, 3, 4, 5, 6]
201030#[0, 1, 2, 3, 4, 5, 6]
1100121#[0, 1, 4, 5, 6]
330#[0, 1, 2, 3, 4, 5, 6]
1010013#[0, 1, 2, 3, 4, 5, 6]
4000110#[1, 2, 3, 4, 5, 6]
1100100#[0, 1, 2, 3, 4, 5, 6]
1010010#[0, 1, 2, 3, 4, 5, 6]
1100103#[0, 1, 2, 3, 4, 5, 6]
4000101#[1, 2, 3, 4, 5, 6]
1010004#[0, 1, 2, 3, 4, 5]
1010001#[0, 1, 2, 3, 4, 5, 6]
203100#[0, 1, 2, 3, 4, 5, 6]
2400#[0, 1, 2, 3, 5, 6]
1010031#[0, 1, 2, 3, 4, 5, 6]
2120001#[0, 1, 2, 3, 4, 5, 6]
3101001#[0, 1, 2, 3, 4, 5, 6]
113001#[0, 1, 2, 3, 4, 5, 6]
1102200#[0, 1, 2, 3, 4, 5, 6]
1010022#[0, 1, 2, 3, 4, 5, 6]
2120010#[0, 1, 2, 3, 4, 5, 6]
121200#[0, 1, 2, 3, 4, 5, 6]
1100130#[0, 1, 2, 3, 4, 5, 6]
113010#[0, 1, 2, 3, 4, 5, 6]
1010040#[0, 1, 2, 3, 4, 6]
31101#[0, 1, 2, 3, 4, 5, 6]
3101010#[0, 1, 2, 3, 4, 5, 6]
1012110#[0, 2, 3, 4, 5]
240000#[0, 1, 3, 4, 5, 6]
1020300#[0, 1, 2, 3, 4, 5, 6]
3101100#[0, 1, 2, 3, 4, 5, 6]
2120100#[0, 1, 2, 3, 4, 5, 6]
31110#[0, 1, 2, 3, 4, 5, 6]
2001300#[0, 1, 2, 3, 4, 5, 6]
1012101#[0, 2, 3, 4, 6]
201102#[0, 1, 2, 3, 4, 5, 6]
402#[0, 1, 2, 3, 5, 6]
3011001#[0, 1, 2, 3, 4, 5, 6]
201111#[1, 3, 4, 5, 6]
410001#[0, 2, 3, 4, 5, 6]
111000#[0, 1, 2, 3, 4, 5, 6]
1221000#[0, 1, 2, 3, 4, 5, 6]
111003#[0, 1, 2, 3, 4, 5, 6]
411#[0, 1, 2, 3, 5, 6]
410010#[0, 2, 3, 4, 5, 6]
1100211#[0, 1, 4, 5, 6]
201120#[0, 1, 2, 3, 4, 5, 6]
2030010#[0, 1, 2, 3, 4, 5, 6]
420#[0, 1, 2, 3, 5, 6]
111012#[1, 2, 3, 5, 6]
1100220#[0, 1, 2, 3, 4, 5, 6]
111021#[1, 2, 3, 5, 6]
2030001#[0, 1, 2, 3, 4, 5, 6]
2202000#[0, 1, 2, 3, 4, 5, 6]
111030#[0, 1, 2, 3, 4, 5, 6]
1010103#[0, 1, 2, 3, 4, 5, 6]
1100202#[0, 1, 2, 3, 4, 5, 6]
1010100#[0, 1, 2, 3, 4, 5, 6]
1010121#[0, 2, 4, 5, 6]
113100#[0, 1, 2, 3, 4, 5, 6]
1010112#[0, 2, 4, 5, 6]
23001#[0, 1, 2, 3, 4, 5, 6]
1010130#[0, 1, 2, 3, 4, 5, 6]
31200#[0, 1, 2, 3, 4, 5, 6]
23010#[0, 1, 2, 3, 4, 5, 6]
2200002#[0, 1, 2, 3, 4, 5, 6]
1004010#[0, 1, 2, 4, 5, 6]
1012200#[0, 1, 2, 3, 4, 5, 6]
1131000#[0, 1, 2, 3, 4, 5, 6]
2200011#[0, 1, 2, 3, 4, 5, 6]
1004001#[0, 1, 2, 4, 5, 6]
3011010#[0, 1, 2, 3, 4, 5, 6]
201201#[0, 1, 2, 3, 4, 5, 6]
410100#[0, 2, 3, 4, 5, 6]
4000200#[1, 2, 3, 4, 5, 6]
2200020#[0, 1, 2, 3, 4, 5, 6]
201210#[0, 1, 2, 3, 4, 5, 6]
111102#[1, 2, 3, 4, 6]
1301010#[0, 1, 2, 3, 4, 5, 6]
2200101#[0, 1, 2, 3, 4, 5, 6]
320001#[0, 1, 2, 3, 4, 5, 6]
1100310#[0, 1, 2, 3, 4, 5, 6]
21000#[0, 1, 2, 3, 4, 5, 6]
2030100#[0, 1, 2, 3, 4, 5, 6]
21003#[0, 1, 2, 3, 4, 5, 6]
320010#[0, 1, 2, 3, 4, 5, 6]
2200110#[0, 1, 2, 3, 4, 5, 6]
111120#[1, 2, 3, 4, 5]
2110002#[0, 1, 2, 3, 4, 5, 6]
1002012#[0, 1, 2, 3, 4, 5, 6]
21012#[0, 1, 2, 3, 4, 5, 6]
1010202#[0, 1, 2, 3, 4, 5, 6]
1301001#[0, 1, 2, 3, 4, 5, 6]
2110011#[0, 1, 2, 5, 6]
1002003#[0, 1, 2, 3, 4, 5, 6]
1100301#[0, 1, 2, 3, 4, 5, 6]
21021#[0, 1, 2, 3, 4, 5, 6]
1002000#[0, 1, 2, 3, 4, 5, 6]
2112000#[0, 1, 2, 3, 4, 5, 6]
1002030#[0, 1, 2, 3, 4, 5, 6]
1010220#[0, 1, 2, 3, 4, 5, 6]
21030#[0, 1, 2, 3, 4, 5, 6]
1002021#[0, 1, 2, 3, 4, 5, 6]
1010211#[0, 2, 4, 5, 6]
3011100#[0, 1, 2, 3, 4, 5, 6]
23100#[0, 1, 2, 3, 4, 5, 6]
1000014#[0, 1, 2, 3, 4, 5]
1000011#[0, 1, 2, 3, 4, 5, 6]
1004100#[0, 1, 2, 4, 5, 6]
1000002#[0, 1, 2, 3, 4, 5, 6]
3003000#[0, 1, 2, 3, 4, 5, 6]
402000#[0, 2, 3, 4, 5, 6]
201300#[0, 1, 2, 3, 4, 5, 6]
1000023#[0, 1, 2, 3, 4, 5, 6]
1000020#[0, 1, 2, 3, 4, 5, 6]
103002#[0, 1, 2, 3, 4, 5, 6]
1100400#[0, 1, 2, 3, 5, 6]
320100#[0, 1, 2, 3, 4, 5, 6]
111201#[1, 2, 3, 4, 6]
103011#[0, 1, 2, 3, 4, 5, 6]
2110020#[0, 1, 2, 3, 4, 5, 6]
1000041#[0, 1, 2, 3, 4, 6]
1041000#[0, 1, 3, 4, 5, 6]
1211001#[0, 1, 2, 3, 6]
111210#[1, 2, 3, 4, 5]
103020#[0, 1, 2, 3, 4, 5, 6]
2022000#[0, 1, 2, 3, 4, 5, 6]
21102#[0, 1, 2, 3, 4, 5, 6]
1000032#[0, 1, 2, 3, 4, 5, 6]
1002111#[0, 3, 4, 5, 6]
1010301#[0, 1, 2, 3, 4, 5, 6]
230001#[0, 1, 2, 3, 4, 5, 6]
21111#[2, 3, 4, 5, 6]
1002102#[0, 1, 2, 3, 4, 5, 6]
230010#[0, 1, 2, 3, 4, 5, 6]
1301100#[0, 1, 2, 3, 4, 5, 6]
21120#[0, 1, 2, 3, 4, 5, 6]
400002#[0, 2, 3, 4, 5, 6]
1002120#[0, 1, 2, 3, 4, 5, 6]
3001002#[0, 1, 2, 3, 4, 5, 6]
101001#[0, 1, 2, 3, 4, 5, 6]
1010310#[0, 1, 2, 3, 4, 5, 6]
101004#[0, 1, 2, 3, 4, 5]
400011#[0, 2, 3, 4, 5, 6]
1211010#[0, 1, 2, 3, 5]
3001020#[0, 1, 2, 3, 4, 5, 6]
3300000#[0, 1, 2, 3, 4, 5, 6]
400020#[0, 2, 3, 4, 5, 6]
101010#[0, 1, 2, 3, 4, 5, 6]
101013#[0, 1, 2, 3, 4, 5, 6]
3001011#[0, 1, 2, 3, 4, 5, 6]
101022#[0, 1, 2, 3, 4, 5, 6]
1000110#[0, 1, 2, 3, 4, 5, 6]
101031#[0, 1, 2, 3, 4, 5, 6]
1000104#[0, 1, 2, 3, 4, 5]
2200200#[0, 1, 2, 3, 4, 5, 6]
2020020#[0, 1, 2, 3, 4, 5, 6]
1000101#[0, 1, 2, 3, 4, 5, 6]
101040#[0, 1, 2, 3, 4, 6]
2020011#[0, 1, 2, 3, 4, 5, 6]
1000122#[0, 1, 2, 3, 4, 5, 6]
2110101#[0, 1, 2, 4, 6]
2020002#[0, 1, 2, 3, 4, 5, 6]
103101#[0, 1, 2, 3, 4, 5, 6]
2110110#[0, 1, 2, 4, 5]
1000113#[0, 1, 2, 3, 4, 5, 6]
1000140#[0, 1, 2, 3, 4, 6]
312000#[0, 1, 2, 3, 4, 5, 6]
111300#[0, 1, 2, 3, 4, 5, 6]
103110#[0, 1, 2, 3, 4, 5, 6]
13002#[0, 1, 2, 3, 4, 5, 6]
1000131#[0, 1, 2, 3, 4, 5, 6]
1211100#[0, 1, 2, 3, 4]
2102001#[0, 1, 2, 3, 4, 5, 6]
21201#[0, 1, 2, 3, 4, 5, 6]
13011#[0, 1, 2, 3, 4, 5, 6]
1002201#[0, 1, 2, 3, 4, 5, 6]
230100#[0, 1, 2, 3, 4, 5, 6]
2110200#[0, 1, 2, 3, 4, 5, 6]
2102010#[0, 1, 2, 3, 4, 5, 6]
21210#[0, 1, 2, 3, 4, 5, 6]
13020#[0, 1, 2, 3, 4, 5, 6]
1121010#[0, 1, 2, 3, 5]
400101#[0, 2, 3, 4, 5, 6]
140001#[0, 1, 3, 4, 5, 6]
400110#[0, 2, 3, 4, 5, 6]
140010#[0, 1, 3, 4, 5, 6]
101100#[0, 1, 2, 3, 4, 5, 6]
1002210#[0, 1, 2, 3, 4, 5, 6]
101103#[0, 1, 2, 3, 4, 5, 6]
1010400#[0, 1, 2, 3, 5, 6]
310002#[0, 1, 2, 3, 4, 5, 6]
1121001#[0, 1, 2, 3, 6]
11001#[0, 1, 2, 3, 4, 5, 6]
101112#[1, 3, 4, 5, 6]
11004#[0, 1, 2, 3, 4, 5]
310011#[0, 1, 2, 3, 4, 5, 6]
310020#[0, 1, 2, 3, 4, 5, 6]
101121#[1, 3, 4, 5, 6]
2100000#[0, 1, 2, 3, 4, 5, 6]
11010#[0, 1, 2, 3, 4, 5, 6]
2100003#[0, 1, 2, 3, 4, 5, 6]
1000203#[0, 1, 2, 3, 4, 5, 6]
11013#[0, 1, 2, 3, 4, 5, 6]
1000200#[0, 1, 2, 3, 4, 5, 6]
101130#[0, 1, 2, 3, 4, 5, 6]
2100012#[0, 1, 2, 3, 4, 5, 6]
11022#[0, 1, 2, 3, 4, 5, 6]
2020110#[0, 1, 2, 3, 4, 5, 6]
1000221#[0, 1, 2, 3, 4, 5, 6]
2100021#[0, 1, 2, 3, 4, 5, 6]
11031#[0, 1, 2, 3, 4, 5, 6]
1000212#[0, 1, 2, 3, 4, 5, 6]
2020101#[0, 1, 2, 3, 4, 5, 6]
2100030#[0, 1, 2, 3, 4, 5, 6]
3210000#[0, 1, 2, 3, 4, 5, 6]
3001101#[0, 1, 2, 3, 4, 5, 6]
11040#[0, 1, 2, 3, 4, 6]
103200#[0, 1, 2, 3, 4, 5, 6]
1000230#[0, 1, 2, 3, 4, 5, 6]
1203000#[0, 1, 2, 3, 4, 5, 6]
13101#[0, 1, 2, 3, 4, 5, 6]
1002300#[0, 1, 2, 3, 4, 5, 6]
222000#[0, 1, 2, 3, 4, 5, 6]
21300#[0, 1, 2, 3, 4, 5, 6]
13110#[0, 1, 2, 3, 4, 5, 6]
3001110#[0, 1, 2, 3, 4, 5, 6]
140100#[0, 1, 3, 4, 5, 6]
400200#[0, 2, 3, 4, 5, 6]
310101#[0, 1, 2, 3, 4, 5, 6]
101202#[0, 1, 2, 3, 4, 5, 6]
1031001#[0, 1, 2, 3, 4, 5, 6]
310110#[0, 1, 2, 3, 4, 5, 6]
101211#[1, 3, 4, 5, 6]
11100#[0, 1, 2, 3, 4, 5, 6]
1121100#[0, 1, 2, 3, 4]
3001200#[0, 1, 2, 3, 4, 5, 6]
11103#[0, 1, 2, 3, 4, 5, 6]
220002#[0, 1, 2, 3, 4, 5, 6]
1000302#[0, 1, 2, 3, 4, 5, 6]
1201011#[0, 1, 3, 5, 6]
101220#[0, 1, 2, 3, 4, 5, 6]
220011#[0, 1, 2, 3, 4, 5, 6]
11112#[2, 3, 4, 5, 6]
1031010#[0, 1, 2, 3, 4, 5, 6]
1201020#[0, 1, 2, 3, 4, 5, 6]
11121#[2, 3, 4, 5, 6]
2012010#[0, 1, 2, 3, 4, 5, 6]
2102100#[0, 1, 2, 3, 4, 5, 6]
2020200#[0, 1, 2, 3, 4, 5, 6]
220020#[0, 1, 2, 3, 4, 5, 6]
1201002#[0, 1, 2, 3, 4, 5, 6]
1000311#[0, 1, 2, 3, 4, 5, 6]
11130#[0, 1, 2, 3, 4, 5, 6]
2012001#[0, 1, 2, 3, 4, 5, 6]
2010012#[0, 1, 2, 3, 4, 5, 6]
2010003#[0, 1, 2, 3, 4, 5, 6]
2010000#[0, 1, 2, 3, 4, 5, 6]
1000320#[0, 1, 2, 3, 4, 5, 6]
13200#[0, 1, 2, 3, 4, 5, 6]
132000#[0, 1, 2, 3, 4, 5, 6]
2100102#[0, 1, 2, 3, 4, 5, 6]
2100111#[0, 1, 4, 5, 6]
3120000#[0, 1, 2, 3, 4, 5, 6]
2010030#[0, 1, 2, 3, 4, 5, 6]
1031100#[0, 1, 2, 3, 4, 5, 6]
101301#[0, 1, 2, 3, 4, 5, 6]
302001#[0, 1, 2, 3, 4, 5, 6]
4101000#[1, 2, 3, 4, 5, 6]
2100120#[0, 1, 2, 3, 4, 5, 6]
3000#[0, 1, 2, 3, 4, 5, 6]
1113000#[0, 1, 2, 3, 4, 5, 6]
3003#[0, 1, 2, 3, 4, 5, 6]
2010021#[0, 1, 2, 3, 4, 5, 6]
310200#[0, 1, 2, 3, 4, 5, 6]
302010#[0, 1, 2, 3, 4, 5, 6]
101310#[0, 1, 2, 3, 4, 5, 6]
11202#[0, 1, 2, 3, 4, 5, 6]
3012#[0, 1, 2, 3, 4, 5, 6]
1201110#[0, 1, 3, 4, 5]
4011000#[1, 2, 3, 4, 5, 6]
1410000#[0, 2, 3, 4, 5, 6]
220101#[0, 1, 2, 3, 4, 5, 6]
2100201#[0, 1, 2, 3, 4, 5, 6]
1111002#[0, 1, 2, 3, 6]
11211#[2, 3, 4, 5, 6]
220110#[0, 1, 2, 3, 4, 5, 6]
3021#[0, 1, 2, 3, 4, 5, 6]
2100210#[0, 1, 2, 3, 4, 5, 6]
130002#[0, 1, 2, 3, 4, 5, 6]
11220#[0, 1, 2, 3, 4, 5, 6]
1000410#[0, 1, 2, 3, 5, 6]
3030#[0, 1, 2, 3, 4, 5, 6]
130011#[0, 1, 2, 3, 4, 5, 6]
2012100#[0, 1, 2, 3, 4, 5, 6]
3030000#[0, 1, 2, 3, 4, 5, 6]
1000401#[0, 1, 2, 3, 5, 6]
1201101#[0, 1, 3, 4, 6]
2010111#[0, 2, 4, 5, 6]
300000#[0, 1, 2, 3, 4, 5, 6]
130020#[0, 1, 2, 3, 4, 5, 6]
300003#[0, 1, 2, 3, 4, 5, 6]
2010102#[0, 1, 2, 3, 4, 5, 6]
300012#[0, 1, 2, 3, 4, 5, 6]
1002#[0, 1, 2, 3, 4, 5, 6]
300021#[0, 1, 2, 3, 4, 5, 6]
1011#[0, 1, 2, 3, 4, 5, 6]
1014#[0, 1, 2, 3, 4, 5]
300030#[0, 1, 2, 3, 4, 5, 6]
1111020#[0, 1, 2, 3, 5]
1020#[0, 1, 2, 3, 4, 5, 6]
1023#[0, 1, 2, 3, 4, 5, 6]
1032#[0, 1, 2, 3, 4, 5, 6]
302100#[0, 1, 2, 3, 4, 5, 6]
42000#[0, 1, 3, 4, 5, 6]
1041#[0, 1, 2, 3, 4, 6]
2010120#[0, 1, 2, 3, 4, 5, 6]
1023000#[0, 1, 2, 3, 4, 5, 6]
101400#[0, 1, 2, 3, 5, 6]
3102#[0, 1, 2, 3, 4, 5, 6]
212001#[0, 1, 2, 3, 4, 5, 6]
1201200#[0, 1, 2, 3, 4, 5, 6]
11301#[0, 1, 2, 3, 4, 5, 6]
3111#[0, 1, 2, 3, 4, 5, 6]
212010#[0, 1, 2, 3, 4, 5, 6]
220200#[0, 1, 2, 3, 4, 5, 6]
11310#[0, 1, 2, 3, 4, 5, 6]
3120#[0, 1, 2, 3, 4, 5, 6]
3200001#[0, 1, 2, 3, 4, 5, 6]
130101#[0, 1, 2, 3, 4, 5, 6]
3200010#[0, 1, 2, 3, 4, 5, 6]
2004000#[0, 1, 2, 4, 5, 6]
130110#[0, 1, 2, 3, 4, 5, 6]
40002#[0, 1, 3, 4, 5, 6]
300102#[0, 1, 2, 3, 4, 5, 6]
2002011#[0, 1, 2, 3, 4, 5, 6]
1021002#[0, 1, 2, 3, 4, 5, 6]
2010201#[0, 1, 2, 3, 4, 5, 6]
40011#[0, 1, 3, 4, 5, 6]
300111#[0, 1, 2, 3, 4, 5, 6]
2002002#[0, 1, 2, 3, 4, 5, 6]
1101#[0, 1, 2, 3, 4, 5, 6]
210003#[0, 1, 2, 3, 4, 5, 6]
1104#[0, 1, 2, 3, 4, 5]
210000#[0, 1, 2, 3, 4, 5, 6]
1021020#[0, 1, 2, 3, 4, 5, 6]
40020#[0, 1, 3, 4, 5, 6]
1320000#[0, 1, 2, 3, 4, 5, 6]
3200100#[0, 1, 2, 3, 4, 5, 6]
3110010#[0, 1, 2, 3, 4, 5, 6]
1110#[0, 1, 2, 3, 4, 5, 6]
1113#[0, 1, 2, 3, 4, 5, 6]
1021011#[0, 2, 3, 5, 6]
300120#[0, 1, 2, 3, 4, 5, 6]
3110001#[0, 1, 2, 3, 4, 5, 6]
210012#[0, 1, 2, 3, 4, 5, 6]
1122#[0, 1, 2, 3, 4, 5, 6]
210021#[0, 1, 2, 3, 4, 5, 6]
2301000#[0, 1, 2, 3, 4, 5, 6]
1131#[0, 1, 2, 3, 4, 5, 6]
2100300#[0, 1, 2, 3, 4, 5, 6]
210030#[0, 1, 2, 3, 4, 5, 6]
1140#[0, 1, 2, 3, 4, 6]
2002020#[0, 1, 2, 3, 4, 5, 6]
2010210#[0, 1, 2, 3, 4, 5, 6]
3201#[0, 1, 2, 3, 4, 5, 6]
2000031#[0, 1, 2, 3, 4, 5, 6]
212100#[0, 1, 2, 3, 4, 5, 6]
11400#[0, 1, 2, 3, 5, 6]
2000022#[0, 1, 2, 3, 4, 5, 6]
1103001#[0, 1, 2, 3, 4, 5, 6]
3210#[0, 1, 2, 3, 4, 5, 6]
122001#[0, 1, 2, 3, 4, 5, 6]
2000013#[0, 1, 2, 3, 4, 5, 6]
2000010#[0, 1, 2, 3, 4, 5, 6]
2211000#[0, 1, 2, 3, 4, 5, 6]
130200#[0, 1, 2, 3, 4, 5, 6]
2000004#[0, 1, 2, 3, 4, 5]
122010#[0, 1, 2, 3, 4, 5, 6]
2000001#[0, 1, 2, 3, 4, 5, 6]
2002110#[0, 1, 2, 3, 4, 5, 6]
2010300#[0, 1, 2, 3, 4, 5, 6]
1021101#[0, 2, 3, 4, 6]
1230000#[0, 1, 2, 3, 4, 5, 6]
40101#[0, 1, 3, 4, 5, 6]
2002101#[0, 1, 2, 3, 4, 5, 6]
300201#[0, 1, 2, 3, 4, 5, 6]
40110#[0, 1, 3, 4, 5, 6]
1200#[0, 1, 2, 3, 4, 5, 6]
1111200#[0, 1, 2, 3, 4]
1103010#[0, 1, 2, 3, 4, 5, 6]
1203#[0, 1, 2, 3, 4, 5, 6]
210102#[0, 1, 2, 3, 4, 5, 6]
2000040#[0, 1, 2, 3, 4, 6]
300210#[0, 1, 2, 3, 4, 5, 6]
1021110#[0, 2, 3, 4, 5]
1212#[0, 1, 2, 3, 4, 5, 6]
210111#[1, 2, 4, 5, 6]
120000#[0, 1, 2, 3, 4, 5, 6]
120003#[0, 1, 2, 3, 4, 5, 6]
1101012#[0, 1, 3, 5, 6]
3020010#[0, 1, 2, 3, 4, 5, 6]
1221#[0, 1, 2, 3, 4, 5, 6]
210120#[0, 1, 2, 3, 4, 5, 6]
1101021#[0, 1, 3, 5, 6]
120012#[0, 1, 2, 3, 4, 5, 6]
1230#[0, 1, 2, 3, 4, 5, 6]
4001010#[1, 2, 3, 4, 5, 6]
3020001#[0, 1, 2, 3, 4, 5, 6]
1400001#[0, 2, 3, 4, 5, 6]
4001001#[1, 2, 3, 4, 5, 6]
120021#[0, 1, 2, 3, 4, 5, 6]
1101000#[0, 1, 2, 3, 4, 5, 6]
1101003#[0, 1, 2, 3, 4, 5, 6]
1400010#[0, 2, 3, 4, 5, 6]
120030#[0, 1, 2, 3, 4, 5, 6]
204000#[0, 1, 2, 4, 5, 6]
3300#[0, 1, 2, 3, 4, 5, 6]
2000121#[0, 1, 2, 3, 4, 5, 6]
1103100#[0, 1, 2, 3, 4, 5, 6]
2000112#[0, 1, 2, 3, 4, 5, 6]
122100#[0, 1, 2, 3, 4, 5, 6]
1101030#[0, 1, 2, 3, 4, 5, 6]
2000103#[0, 1, 2, 3, 4, 5, 6]
2000100#[0, 1, 2, 3, 4, 5, 6]
3110100#[0, 1, 2, 3, 4, 5, 6]
32001#[0, 1, 2, 3, 4, 5, 6]
2002200#[0, 1, 2, 3, 4, 5, 6]
1013001#[0, 1, 2, 3, 4, 5, 6]
40200#[0, 1, 3, 4, 5, 6]
2121000#[0, 1, 2, 3, 4, 5, 6]
300300#[0, 1, 2, 3, 4, 5, 6]
32010#[0, 1, 2, 3, 4, 5, 6]
202002#[0, 1, 2, 3, 4, 5, 6]
1302#[0, 1, 2, 3, 4, 5, 6]
202011#[0, 1, 2, 3, 4, 5, 6]
210201#[0, 1, 2, 3, 4, 5, 6]
2000130#[0, 1, 2, 3, 4, 5, 6]
1013010#[0, 1, 2, 3, 4, 5, 6]
3102000#[0, 1, 2, 3, 4, 5, 6]
1021200#[0, 1, 2, 3, 4, 5, 6]
1311#[0, 1, 2, 3, 4, 5, 6]
210210#[0, 1, 2, 3, 4, 5, 6]
1310001#[0, 1, 2, 3, 4, 5, 6]
120102#[0, 1, 2, 3, 4, 5, 6]
202020#[0, 1, 2, 3, 4, 5, 6]
1320#[0, 1, 2, 3, 4, 5, 6]
1310010#[0, 1, 2, 3, 4, 5, 6]
120111#[1, 2, 4, 5, 6]
30000#[0, 1, 2, 3, 4, 5, 6]
1400100#[0, 2, 3, 4, 5, 6]
1140000#[0, 1, 3, 4, 5, 6]
30003#[0, 1, 2, 3, 4, 5, 6]
1011003#[0, 1, 2, 3, 4, 5, 6]
1011000#[0, 1, 2, 3, 4, 5, 6]
120120#[0, 1, 2, 3, 4, 5, 6]
30012#[0, 1, 2, 3, 4, 5, 6]
1101102#[0, 1, 3, 4, 6]
200001#[0, 1, 2, 3, 4, 5, 6]
1011021#[0, 2, 3, 5, 6]
2000220#[0, 1, 2, 3, 4, 5, 6]
3100011#[0, 1, 2, 3, 4, 5, 6]
30021#[0, 1, 2, 3, 4, 5, 6]
200004#[0, 1, 2, 3, 4, 5]
200010#[0, 1, 2, 3, 4, 5, 6]
1011012#[0, 2, 3, 5, 6]
3100002#[0, 1, 2, 3, 4, 5, 6]
2000211#[0, 1, 2, 3, 4, 5, 6]
200013#[0, 1, 2, 3, 4, 5, 6]
30030#[0, 1, 2, 3, 4, 5, 6]
1101120#[0, 1, 3, 4, 5]
114000#[0, 1, 2, 4, 5, 6]
2000202#[0, 1, 2, 3, 4, 5, 6]
200022#[0, 1, 2, 3, 4, 5, 6]
1011030#[0, 1, 2, 3, 4, 5, 6]
3100020#[0, 1, 2, 3, 4, 5, 6]
200031#[0, 1, 2, 3, 4, 5, 6]
1013100#[0, 1, 2, 3, 4, 5, 6]
32100#[0, 1, 2, 3, 4, 5, 6]
3020100#[0, 1, 2, 3, 4, 5, 6]
200040#[0, 1, 2, 3, 4, 6]
4001100#[1, 2, 3, 4, 5, 6]
202101#[0, 1, 2, 3, 4, 5, 6]
1401#[0, 1, 2, 3, 5, 6]
202110#[0, 1, 2, 3, 4, 5, 6]
411000#[0, 2, 3, 4, 5, 6]
210300#[0, 1, 2, 3, 4, 5, 6]
1101201#[0, 1, 3, 4, 6]
1410#[0, 1, 2, 3, 5, 6]
112002#[0, 1, 2, 3, 4, 5, 6]
2031000#[0, 1, 2, 3, 4, 5, 6]
1310100#[0, 1, 2, 3, 4, 5, 6]
2201001#[0, 1, 2, 3, 4, 5, 6]
120201#[0, 1, 2, 3, 4, 5, 6]
1101210#[0, 1, 3, 4, 5]
112011#[1, 2, 3, 5, 6]
3012000#[0, 1, 2, 3, 4, 5, 6]
1011102#[0, 2, 3, 4, 6]
2201010#[0, 1, 2, 3, 4, 5, 6]
120210#[0, 1, 2, 3, 4, 5, 6]
112020#[0, 1, 2, 3, 4, 5, 6]
30102#[0, 1, 2, 3, 4, 5, 6]
30111#[0, 1, 2, 3, 4, 5, 6]
200103#[0, 1, 2, 3, 4, 5, 6]
200100#[0, 1, 2, 3, 4, 5, 6]
2000310#[0, 1, 2, 3, 4, 5, 6]
30120#[0, 1, 2, 3, 4, 5, 6]
110001#[0, 1, 2, 3, 4, 5, 6]
1220001#[0, 1, 2, 3, 4, 5, 6]
200112#[0, 1, 2, 3, 4, 5, 6]
2000301#[0, 1, 2, 3, 4, 5, 6]
110004#[0, 1, 2, 3, 4, 5]
1220010#[0, 1, 2, 3, 4, 5, 6]
200121#[0, 1, 2, 3, 4, 5, 6]
110010#[0, 1, 2, 3, 4, 5, 6]
110013#[0, 1, 2, 3, 4, 5, 6]
1011120#[0, 2, 3, 4, 5]
24000#[0, 1, 2, 4, 5, 6]
200130#[0, 1, 2, 3, 4, 5, 6]
110022#[0, 1, 2, 3, 4, 5, 6]
3010020#[0, 1, 2, 3, 4, 5, 6]
110031#[0, 1, 2, 3, 4, 5, 6]
110040#[0, 1, 2, 3, 4, 6]
202200#[0, 1, 2, 3, 4, 5, 6]
3100110#[0, 1, 2, 3, 4, 5, 6]
1302000#[0, 1, 2, 3, 4, 5, 6]
1101300#[0, 1, 2, 3, 4, 5, 6]
112101#[1, 2, 3, 4, 6]
3100101#[0, 1, 2, 3, 4, 5, 6]
321000#[0, 1, 2, 3, 4, 5, 6]
120300#[0, 1, 2, 3, 4, 5, 6]
112110#[1, 2, 3, 4, 5]
22002#[0, 1, 2, 3, 4, 5, 6]
1003002#[0, 1, 2, 3, 4, 5, 6]
3010011#[0, 1, 2, 3, 4, 5, 6]
30201#[0, 1, 2, 3, 4, 5, 6]
22011#[0, 1, 2, 3, 4, 5, 6]
3010002#[0, 1, 2, 3, 4, 5, 6]
1130001#[0, 1, 2, 3, 4, 5, 6]
4200000#[1, 2, 3, 4, 5, 6]
30210#[0, 1, 2, 3, 4, 5, 6]
2111010#[0, 1, 2, 3, 5]
1003020#[0, 1, 2, 3, 4, 5, 6]
22020#[0, 1, 2, 3, 4, 5, 6]
1011210#[0, 2, 3, 4, 5]
3100200#[0, 1, 2, 3, 4, 5, 6]
200202#[0, 1, 2, 3, 4, 5, 6]
1130010#[0, 1, 2, 3, 4, 5, 6]
1003011#[0, 1, 2, 3, 4, 5, 6]
1011201#[0, 2, 3, 4, 6]
2000400#[0, 1, 2, 3, 5, 6]
200211#[0, 1, 2, 3, 4, 5, 6]
3010110#[0, 1, 2, 3, 4, 5, 6]
110100#[0, 1, 2, 3, 4, 5, 6]
110103#[0, 1, 2, 3, 4, 5, 6]
1220100#[0, 1, 2, 3, 4, 5, 6]
3010101#[0, 1, 2, 3, 4, 5, 6]
200220#[0, 1, 2, 3, 4, 5, 6]
20001#[0, 1, 2, 3, 4, 5, 6]
110112#[1, 2, 4, 5, 6]
1001004#[0, 1, 2, 3, 4, 5]
20004#[0, 1, 2, 3, 4, 5]
1001001#[0, 1, 2, 3, 4, 5, 6]
1300020#[0, 1, 2, 3, 4, 5, 6]
110121#[1, 2, 4, 5, 6]
20010#[0, 1, 2, 3, 4, 5, 6]
20013#[0, 1, 2, 3, 4, 5, 6]
2201100#[0, 1, 2, 3, 4, 5, 6]
1300002#[0, 1, 2, 3, 4, 5, 6]
1001022#[0, 1, 2, 3, 4, 5, 6]
110130#[0, 1, 2, 3, 4, 5, 6]
20022#[0, 1, 2, 3, 4, 5, 6]
1300011#[0, 1, 2, 3, 4, 5, 6]
2111001#[0, 1, 2, 3, 6]
1001013#[0, 1, 2, 3, 4, 5, 6]
1001010#[0, 1, 2, 3, 4, 5, 6]
20031#[0, 1, 2, 3, 4, 5, 6]
104001#[0, 1, 2, 4, 5, 6]
20040#[0, 1, 2, 3, 4, 6]
1001031#[0, 1, 2, 3, 4, 5, 6]
112200#[0, 1, 2, 3, 4, 5, 6]
104010#[0, 1, 2, 4, 5, 6]
1003101#[0, 1, 2, 3, 4, 5, 6]
22101#[0, 1, 2, 3, 4, 5, 6]
231000#[0, 1, 2, 3, 4, 5, 6]
30300#[0, 1, 2, 3, 4, 5, 6]
2111100#[0, 1, 2, 3, 4]
22110#[0, 1, 2, 3, 4, 5, 6]
1001040#[0, 1, 2, 3, 4, 6]
1130100#[0, 1, 2, 3, 4, 5, 6]
1003110#[0, 1, 2, 3, 4, 5, 6]
1011300#[0, 1, 2, 3, 4, 5, 6]
200301#[0, 1, 2, 3, 4, 5, 6]
401001#[0, 2, 3, 4, 5, 6]
102000#[0, 1, 2, 3, 4, 5, 6]
1212000#[0, 1, 2, 3, 4, 5, 6]
102003#[0, 1, 2, 3, 4, 5, 6]
401010#[0, 2, 3, 4, 5, 6]
200310#[0, 1, 2, 3, 4, 5, 6]
110202#[0, 1, 2, 3, 4, 5, 6]
102012#[0, 1, 2, 3, 4, 5, 6]
1210002#[0, 1, 2, 3, 4, 5, 6]
1001103#[0, 1, 2, 3, 4, 5, 6]
110211#[1, 2, 4, 5, 6]
1001100#[0, 1, 2, 3, 4, 5, 6]
20100#[0, 1, 2, 3, 4, 5, 6]
102021#[0, 1, 2, 3, 4, 5, 6]
1040010#[0, 1, 3, 4, 5, 6]
20103#[0, 1, 2, 3, 4, 5, 6]
1210011#[0, 1, 2, 5, 6]
2021010#[0, 1, 2, 3, 4, 5, 6]
110220#[0, 1, 2, 3, 4, 5, 6]
1040001#[0, 1, 3, 4, 5, 6]
4110000#[1, 2, 3, 4, 5, 6]
102030#[0, 1, 2, 3, 4, 5, 6]
20112#[0, 1, 2, 3, 4, 5, 6]
1300101#[0, 1, 2, 3, 4, 5, 6]
2021001#[0, 1, 2, 3, 4, 5, 6]
1001112#[0, 3, 4, 5, 6]
20121#[0, 1, 2, 3, 4, 5, 6]
1300110#[0, 1, 2, 3, 4, 5, 6]
20130#[0, 1, 2, 3, 4, 5, 6]
100002#[0, 1, 2, 3, 4, 5, 6]
1001130#[0, 1, 2, 3, 4, 5, 6]
104100#[0, 1, 2, 4, 5, 6]
100011#[0, 1, 2, 3, 4, 5, 6]
1001121#[0, 3, 4, 5, 6]
100014#[0, 1, 2, 3, 4, 5]
14001#[0, 1, 2, 4, 5, 6]
3010200#[0, 1, 2, 3, 4, 5, 6]
100020#[0, 1, 2, 3, 4, 5, 6]
1210020#[0, 1, 2, 3, 4, 5, 6]
100023#[0, 1, 2, 3, 4, 5, 6]
3002010#[0, 1, 2, 3, 4, 5, 6]
22200#[0, 1, 2, 3, 4, 5, 6]
14010#[0, 1, 2, 4, 5, 6]
3002001#[0, 1, 2, 3, 4, 5, 6]
1122000#[0, 1, 2, 3, 4, 5, 6]
100032#[0, 1, 2, 3, 4, 5, 6]
100041#[0, 1, 2, 3, 4, 6]
401100#[0, 2, 3, 4, 5, 6]
141000#[0, 1, 3, 4, 5, 6]
1003200#[0, 1, 2, 3, 4, 5, 6]
200400#[0, 1, 2, 3, 5, 6]
102102#[0, 1, 2, 3, 4, 5, 6]
3002100#[0, 1, 2, 3, 4, 5, 6]
110301#[0, 1, 2, 3, 4, 5, 6]
311001#[0, 1, 2, 3, 4, 5, 6]
102111#[1, 3, 4, 5, 6]
12000#[0, 1, 2, 3, 4, 5, 6]
3000012#[0, 1, 2, 3, 4, 5, 6]
12003#[0, 1, 2, 3, 4, 5, 6]
311010#[0, 1, 2, 3, 4, 5, 6]
110310#[0, 1, 2, 3, 4, 5, 6]
1210101#[0, 1, 2, 4, 6]
102120#[0, 1, 2, 3, 4, 5, 6]
20202#[0, 1, 2, 3, 4, 5, 6]
1040100#[0, 1, 3, 4, 5, 6]
12012#[0, 1, 2, 3, 4, 5, 6]
1210110#[0, 1, 2, 4, 5]
3000000#[0, 1, 2, 3, 4, 5, 6]
3000003#[0, 1, 2, 3, 4, 5, 6]
2021100#[0, 1, 2, 3, 4, 5, 6]
20211#[0, 1, 2, 3, 4, 5, 6]
3000030#[0, 1, 2, 3, 4, 5, 6]
1001211#[0, 3, 4, 5, 6]
12021#[0, 1, 2, 3, 4, 5, 6]
2103000#[0, 1, 2, 3, 4, 5, 6]
3000021#[0, 1, 2, 3, 4, 5, 6]
1300200#[0, 1, 2, 3, 4, 5, 6]
20220#[0, 1, 2, 3, 4, 5, 6]
1001202#[0, 1, 2, 3, 4, 5, 6]
12030#[0, 1, 2, 3, 4, 5, 6]
3000111#[0, 1, 2, 3, 4, 5, 6]
100101#[0, 1, 2, 3, 4, 5, 6]
1120020#[0, 1, 2, 3, 4, 5, 6]
100104#[0, 1, 2, 3, 4, 5]
1001220#[0, 1, 2, 3, 4, 5, 6]
3000102#[0, 1, 2, 3, 4, 5, 6]
100110#[0, 1, 2, 3, 4, 5, 6]
100113#[0, 1, 2, 3, 4, 5, 6]
10002#[0, 1, 2, 3, 4, 5, 6]
1120002#[0, 1, 2, 3, 4, 5, 6]
14100#[0, 1, 2, 4, 5, 6]
3000120#[0, 1, 2, 3, 4, 5, 6]
1120011#[0, 1, 2, 5, 6]
100122#[0, 1, 2, 3, 4, 5, 6]
10011#[0, 1, 2, 3, 4, 5, 6]
4020000#[1, 2, 3, 4, 5, 6]
10014#[0, 1, 2, 3, 4, 5]
100131#[0, 1, 2, 3, 4, 5, 6]
2400000#[0, 2, 3, 4, 5, 6]
10020#[0, 1, 2, 3, 4, 5, 6]
10023#[0, 1, 2, 3, 4, 5, 6]
2101002#[0, 1, 2, 3, 4, 5, 6]
100140#[0, 1, 2, 3, 4, 6]
10032#[0, 1, 2, 3, 4, 5, 6]
2101011#[0, 1, 3, 5, 6]
311100#[0, 1, 2, 3, 4, 5, 6]
102201#[0, 1, 2, 3, 4, 5, 6]
10041#[0, 1, 2, 3, 4, 6]
2101020#[0, 1, 2, 3, 4, 5, 6]
110400#[0, 1, 2, 3, 5, 6]
102210#[0, 1, 2, 3, 4, 5, 6]
1202001#[0, 1, 2, 3, 4, 5, 6]
12102#[0, 1, 2, 3, 4, 5, 6]
1202010#[0, 1, 2, 3, 4, 5, 6]
221001#[0, 1, 2, 3, 4, 5, 6]
1210200#[0, 1, 2, 3, 4, 5, 6]
20301#[0, 1, 2, 3, 4, 5, 6]
2101101#[0, 1, 3, 4, 6]
1032000#[0, 1, 2, 3, 4, 5, 6]
12111#[2, 3, 4, 5, 6]
221010#[0, 1, 2, 3, 4, 5, 6]
1001310#[0, 1, 2, 3, 4, 5, 6]
2310000#[0, 1, 2, 3, 4, 5, 6]
20310#[0, 1, 2, 3, 4, 5, 6]
2101110#[0, 1, 3, 4, 5]
2013000#[0, 1, 2, 3, 4, 5, 6]
12120#[0, 1, 2, 3, 4, 5, 6]
1001301#[0, 1, 2, 3, 4, 5, 6]
2011002#[0, 1, 2, 3, 4, 5, 6]
100200#[0, 1, 2, 3, 4, 5, 6]
100203#[0, 1, 2, 3, 4, 5, 6]
1030011#[0, 1, 2, 3, 4, 5, 6]
1120101#[0, 1, 2, 4, 6]
100212#[0, 1, 2, 3, 4, 5, 6]
10101#[0, 1, 2, 3, 4, 5, 6]
10104#[0, 1, 2, 3, 4, 5]
100221#[0, 1, 2, 3, 4, 5, 6]
1030002#[0, 1, 2, 3, 4, 5, 6]
10110#[0, 1, 2, 3, 4, 5, 6]
1120110#[0, 1, 2, 4, 5]
10113#[0, 1, 2, 3, 4, 5, 6]
1200021#[0, 1, 2, 3, 4, 5, 6]
100230#[0, 1, 2, 3, 4, 5, 6]
10122#[0, 1, 2, 3, 4, 5, 6]
1030020#[0, 1, 2, 3, 4, 5, 6]
1200030#[0, 1, 2, 3, 4, 5, 6]
1200003#[0, 1, 2, 3, 4, 5, 6]
1200000#[0, 1, 2, 3, 4, 5, 6]
2011020#[0, 1, 2, 3, 4, 5, 6]
10131#[0, 1, 2, 3, 4, 5, 6]
4100010#[1, 2, 3, 4, 5, 6]
303000#[0, 1, 2, 3, 4, 5, 6]
10140#[0, 1, 2, 3, 4, 6]
102300#[0, 1, 2, 3, 4, 5, 6]
2011011#[0, 2, 3, 5, 6]
1200012#[0, 1, 2, 3, 4, 5, 6]
4100001#[1, 2, 3, 4, 5, 6]
4002#[0, 1, 2, 4, 5, 6]
3000201#[0, 1, 2, 3, 4, 5, 6]
1202100#[0, 1, 2, 3, 4, 5, 6]
12201#[0, 1, 2, 3, 4, 5, 6]
4011#[0, 1, 2, 4, 5, 6]
221100#[0, 1, 2, 3, 4, 5, 6]
20400#[0, 1, 2, 3, 5, 6]
12210#[0, 1, 2, 3, 4, 5, 6]
4020#[0, 1, 2, 4, 5, 6]
1001400#[0, 1, 2, 3, 5, 6]
131001#[0, 1, 2, 3, 4, 5, 6]
3000210#[0, 1, 2, 3, 4, 5, 6]
2220000#[0, 1, 2, 3, 4, 5, 6]
3000300#[0, 1, 2, 3, 4, 5, 6]
131010#[0, 1, 2, 3, 4, 5, 6]
2011101#[0, 2, 3, 4, 6]
301002#[0, 1, 2, 3, 4, 5, 6]
100302#[0, 1, 2, 3, 4, 5, 6]
1030110#[0, 1, 2, 3, 4, 5, 6]
2001#[0, 1, 2, 3, 4, 5, 6]
1112001#[0, 1, 2, 3, 6]
2004#[0, 1, 2, 3, 4, 5]
100311#[0, 1, 2, 3, 4, 5, 6]
301011#[0, 1, 2, 3, 4, 5, 6]
3201000#[0, 1, 2, 3, 4, 5, 6]
301020#[0, 1, 2, 3, 4, 5, 6]
10200#[0, 1, 2, 3, 4, 5, 6]
1120200#[0, 1, 2, 3, 4, 5, 6]
1112010#[0, 1, 2, 3, 5]
1030101#[0, 1, 2, 3, 4, 5, 6]
2010#[0, 1, 2, 3, 4, 5, 6]
10203#[0, 1, 2, 3, 4, 5, 6]
2013#[0, 1, 2, 3, 4, 5, 6]
1110000#[0, 1, 2, 3, 4, 5, 6]
100320#[0, 1, 2, 3, 4, 5, 6]
1110003#[0, 1, 2, 3, 4, 5, 6]
10212#[0, 1, 2, 3, 4, 5, 6]
2022#[0, 1, 2, 3, 4, 5, 6]
1200120#[0, 1, 2, 3, 4, 5, 6]
1110012#[0, 1, 2, 5, 6]
10221#[0, 1, 2, 3, 4, 5, 6]
2031#[0, 1, 2, 3, 4, 5, 6]
2101200#[0, 1, 2, 3, 4, 5, 6]
1200102#[0, 1, 2, 3, 4, 5, 6]
10230#[0, 1, 2, 3, 4, 5, 6]
2011110#[0, 2, 3, 4, 5]
2040#[0, 1, 2, 3, 4, 6]
1200111#[0, 1, 4, 5, 6]
