10240#[2, 4]
1#[0, 1, 2, 3, 4, 5, 6]
102400#[1, 3]
4#[0, 1, 2, 3, 4, 5]
4102#[4, 6]
213001#[1, 2, 6]
10#[0, 1, 2, 3, 4, 5, 6]
1202200#[0, 1, 3, 4]
12301#[2, 3, 6]
13#[0, 1, 2, 3, 4, 5, 6]
1024000#[0, 2]
1200130#[0, 1, 4]
213010#[1, 2, 5]
2302000#[0, 1, 2, 3, 4, 5, 6]
221200#[1, 2, 3, 4]
2101300#[0, 1, 3]
22#[0, 1, 2, 3, 4, 5, 6]
12310#[2, 3, 5]
4120#[4, 5]
4010020#[2, 5]
31#[0, 1, 2, 3, 4, 5, 6]
34#[0, 1, 2, 3, 4, 5]
2003002#[0, 1, 2, 3, 4, 5, 6]
340000#[0, 1, 3, 4, 5, 6]
40#[0, 1, 2, 3, 4, 6]
301102#[3, 4, 6]
41002#[3, 6]
43#[0, 1, 2, 3, 4, 6]
4010002#[2, 6]
100402#[1, 6]
2101#[3, 4, 6]
1030201#[0, 4, 6]
2104#[3, 4]
211003#[1, 2, 3]
211000#[1, 2, 3]
10300#[0, 1, 2, 3, 4, 5, 6]
41020#[3, 5]
1321000#[0, 2, 3]
1022002#[0, 2, 3, 6]
1120300#[0, 1, 2]
2110#[3, 4, 5]
10303#[0, 1, 2, 3, 4, 5, 6]
2300002#[0, 1, 2, 3, 4, 5, 6]
2113#[3, 4, 5]
301120#[3, 4, 5]
100420#[1, 5]
10312#[2, 5, 6]
2300011#[0, 5, 6]
2122#[3, 4, 5, 6]
1022020#[0, 2, 3, 5]
1030210#[0, 4, 5]
1200220#[0, 1, 4, 5]
10321#[2, 5, 6]
2003020#[0, 1, 2, 3, 4, 5, 6]
2131#[3, 4, 6]
211030#[1, 2, 3]
4100200#[1, 4]
2300020#[0, 1, 2, 3, 4, 5, 6]
1200202#[0, 1, 4, 6]
10330#[0, 1, 2, 3, 4, 5, 6]
2140#[3, 4]
2003011#[0, 5, 6]
2001022#[0, 3, 5, 6]
1020013#[0, 2, 5]
100#[0, 1, 2, 3, 4, 5, 6]
1020010#[0, 2, 5]
2220100#[0, 1, 2, 4]
103#[0, 1, 2, 3, 4, 5, 6]
4201#[4, 6]
2001013#[0, 3, 5]
1020004#[0, 2]
2001010#[0, 3, 5]
1020001#[0, 2, 6]
213100#[1, 2, 4]
112#[4, 5, 6]
1020031#[0, 2, 6]
12400#[2, 3]
2130001#[0, 1, 6]
4210#[4, 5]
2001004#[0, 3]
2001001#[0, 3, 6]
123001#[1, 2, 6]
1020022#[0, 2, 5, 6]
121#[4, 5, 6]
2130010#[0, 1, 5]
3201100#[1, 3, 4]
124#[4, 5]
3000400#[0, 1, 2, 3, 5, 6]
2212000#[0, 1, 2, 3]
130#[0, 1, 2, 3, 4, 5, 6]
131200#[1, 3, 4]
2003101#[0, 4, 6]
123010#[1, 2, 5]
133#[0, 1, 2, 3, 4, 5, 6]
1020040#[0, 2]
1231000#[0, 1, 3]
142#[4, 6]
2001040#[0, 3]
1030300#[0, 1, 2, 3, 4, 5, 6]
2130100#[0, 1, 4]
301201#[3, 4, 6]
2200#[0, 1, 2, 3, 4, 5, 6]
2001031#[0, 3, 6]
2203#[0, 1, 2, 3, 4, 5, 6]
301210#[3, 4, 5]
1102000#[0, 1, 3]
10402#[2, 6]
1102003#[0, 1, 3]
2212#[3, 4, 5, 6]
1200310#[0, 1, 5]
420001#[2, 6]
121000#[1, 2, 3]
121003#[1, 2, 3]
420010#[2, 5]
2221#[3, 4, 5, 6]
10420#[2, 5]
2230#[0, 1, 2, 3, 4, 5, 6]
2003110#[0, 4, 5]
2011300#[0, 2, 3]
1200301#[0, 1, 6]
2210020#[0, 1, 2, 5]
121030#[1, 2, 3]
1020103#[0, 2, 4]
202#[0, 1, 2, 3, 4, 5, 6]
1020100#[0, 2, 4]
4300#[0, 1, 2, 4, 5, 6]
2001103#[0, 3, 4]
2001100#[0, 3, 4]
211#[4, 5, 6]
2040010#[0, 5]
214#[4, 5]
220#[0, 1, 2, 3, 4, 5, 6]
123100#[1, 2, 4]
2040001#[0, 6]
1102030#[0, 1, 3]
223#[0, 1, 2, 3, 4, 5, 6]
1100020#[0, 1, 5]
4010200#[2, 4]
2300101#[0, 4, 6]
4002010#[3, 5]
3021001#[2, 3, 6]
1100023#[0, 1, 5]
232#[0, 1, 2, 3, 4, 5, 6]
33001#[0, 1, 2, 3, 4, 5, 6]
4002001#[3, 6]
2300110#[0, 4, 5]
1020130#[0, 2, 4]
301300#[0, 1, 2, 3, 4, 5, 6]
41200#[3, 4]
241#[4, 6]
33010#[0, 1, 2, 3, 4, 5, 6]
1100002#[0, 1, 6]
2210002#[0, 1, 2, 6]
2001130#[0, 3, 4]
1022200#[0, 2, 3, 4]
203002#[0, 1, 2, 3, 4, 5, 6]
3021010#[2, 3, 5]
2302#[0, 1, 2, 3, 4, 5, 6]
203011#[1, 5, 6]
3021100#[2, 3, 4]
420100#[2, 4]
1200400#[0, 1]
2311#[3, 5, 6]
4002100#[3, 4]
2300200#[0, 1, 2, 3, 4, 5, 6]
203020#[0, 1, 2, 3, 4, 5, 6]
2320#[0, 1, 2, 3, 4, 5, 6]
1100032#[0, 1, 6]
330001#[0, 1, 2, 3, 4, 5, 6]
31000#[0, 1, 2, 3, 4, 5, 6]
31003#[0, 1, 2, 3, 4, 5, 6]
2003200#[0, 1, 2, 3, 4, 5, 6]
330010#[0, 1, 2, 3, 4, 5, 6]
4000030#[1, 2, 3, 4, 5, 6]
31012#[3, 5, 6]
1020202#[0, 2, 4, 6]
4000021#[5, 6]
201001#[1, 3, 6]
1012003#[0, 2, 3]
2001202#[0, 3, 4, 6]
301#[0, 1, 2, 3, 4, 5, 6]
31021#[3, 5, 6]
1012000#[0, 2, 3]
201004#[1, 3]
2122000#[0, 1, 2, 3]
304#[0, 1, 2, 3, 4, 5]
1012030#[0, 2, 3]
4000012#[5, 6]
201010#[1, 3, 5]
1020220#[0, 2, 4, 5]
31030#[0, 1, 2, 3, 4, 5, 6]
310#[0, 1, 2, 3, 4, 5, 6]
201013#[1, 3, 5]
3103000#[0, 1, 2, 3, 4, 5, 6]
313#[0, 1, 2, 3, 4, 5, 6]
2040100#[0, 4]
4000000#[1, 2, 3, 4, 5, 6]
201022#[1, 3, 5, 6]
4000003#[1, 2, 3, 4, 5, 6]
322#[0, 1, 2, 3, 4, 5, 6]
201031#[1, 3, 6]
4000120#[4, 5]
331#[0, 1, 2, 3, 4, 5, 6]
33100#[0, 1, 2, 3, 4, 5, 6]
201040#[1, 3]
340#[0, 1, 2, 3, 4, 6]
2001220#[0, 3, 4, 5]
4000102#[4, 6]
1010002#[0, 2, 6]
203101#[1, 4, 6]
2401#[3, 6]
2120002#[0, 1, 2, 6]
203110#[1, 4, 5]
3101002#[1, 3, 6]
412000#[2, 3]
211300#[1, 2, 3]
1010023#[0, 2, 5]
2410#[3, 5]
113002#[1, 2, 6]
1010020#[0, 2, 5]
330100#[0, 1, 2, 3, 4, 5, 6]
3400000#[0, 2, 3, 4, 5, 6]
3101020#[1, 3, 5]
2120020#[0, 1, 2, 5]
113020#[1, 2, 5]
31102#[3, 4, 6]
1010032#[0, 2, 6]
2001310#[0, 3, 5]
240001#[1, 6]
3310000#[0, 1, 2, 3, 4, 5, 6]
1020301#[0, 2, 6]
240010#[1, 5]
2001301#[0, 3, 6]
201103#[1, 3, 4]
201100#[1, 3, 4]
400#[0, 1, 2, 3, 5, 6]
31120#[3, 4, 5]
403#[0, 1, 2, 3, 5, 6]
410002#[2, 6]
3011002#[2, 3, 6]
1020310#[0, 2, 5]
412#[5, 6]
2032000#[0, 1, 2, 3, 4, 5, 6]
410020#[2, 5]
3013000#[0, 1, 2, 3, 4, 5, 6]
2030011#[0, 5, 6]
421#[5, 6]
201130#[1, 3, 4]
2030002#[0, 1, 2, 3, 4, 5, 6]
430#[0, 1, 2, 3, 5, 6]
2202001#[0, 1, 3, 6]
1100200#[0, 1, 4]
2210200#[0, 1, 2, 4]
2202010#[0, 1, 3, 5]
1100203#[0, 1, 4]
203200#[0, 1, 2, 3, 4, 5, 6]
1303000#[0, 1, 2, 3, 4, 5, 6]
1102300#[0, 1, 3]
322000#[0, 1, 2, 3, 4, 5, 6]
121300#[1, 2, 3]
2202100#[0, 1, 3, 4]
1100230#[0, 1, 4]
2030020#[0, 1, 2, 3, 4, 5, 6]
23002#[0, 1, 2, 3, 4, 5, 6]
2200000#[0, 1, 2, 3, 4, 5, 6]
3011020#[2, 3, 5]
31201#[3, 4, 6]
2200003#[0, 1, 2, 3, 4, 5, 6]
23011#[2, 5, 6]
2001400#[0, 3]
240100#[1, 4]
31210#[3, 4, 5]
23020#[0, 1, 2, 3, 4, 5, 6]
2200012#[0, 1, 5, 6]
1004002#[0, 6]
4000210#[4, 5]
201202#[1, 3, 4, 6]
2200021#[0, 1, 5, 6]
4000201#[4, 6]
1004020#[0, 5]
2200030#[0, 1, 2, 3, 4, 5, 6]
1020400#[0, 2]
2030110#[0, 4, 5]
320002#[0, 1, 2, 3, 4, 5, 6]
201220#[1, 3, 4, 5]
2200102#[0, 1, 4, 6]
21001#[2, 3, 6]
2030101#[0, 4, 6]
21004#[2, 3]
320011#[2, 5, 6]
1301020#[0, 3, 5]
320020#[0, 1, 2, 3, 4, 5, 6]
2110000#[0, 1, 2]
3220000#[0, 1, 2, 3, 4, 5, 6]
4000300#[1, 2, 3, 4, 5, 6]
21010#[2, 3, 5]
1002013#[0, 3, 5]
2110003#[0, 1, 2]
1010203#[0, 2, 4]
21013#[2, 3, 5]
1002010#[0, 3, 5]
1010200#[0, 2, 4]
2200120#[0, 1, 4, 5]
1301002#[0, 3, 6]
1002004#[0, 3]
1100302#[0, 1, 6]
21022#[2, 3, 5, 6]
1002001#[0, 3, 6]
1002031#[0, 3, 6]
21031#[2, 3, 6]
2120200#[0, 1, 2, 4]
1002022#[0, 3, 5, 6]
1100320#[0, 1, 5]
21040#[2, 3]
113200#[1, 2, 4]
1002040#[0, 3]
1010230#[0, 2, 4]
23101#[2, 4, 6]
3101200#[1, 3, 4]
232000#[0, 1, 2, 3, 4, 5, 6]
1012300#[0, 2, 3]
1000012#[0, 5, 6]
31300#[0, 1, 2, 3, 4, 5, 6]
23110#[2, 4, 5]
1000003#[0, 1, 2, 3, 4, 5, 6]
1000000#[0, 1, 2, 3, 4, 5, 6]
1000030#[0, 1, 2, 3, 4, 5, 6]
3003001#[0, 1, 2, 3, 4, 5, 6]
201301#[1, 3, 6]
402001#[3, 6]
1000024#[0, 5]
103000#[0, 1, 2, 3, 4, 5, 6]
103003#[0, 1, 2, 3, 4, 5, 6]
1213000#[0, 1, 2]
1000021#[0, 5, 6]
402010#[3, 5]
201310#[1, 3, 5]
410200#[2, 4]
320101#[2, 4, 6]
2022010#[0, 2, 3, 5]
103012#[1, 5, 6]
1000042#[0, 6]
2030200#[0, 1, 2, 3, 4, 5, 6]
4201000#[1, 3]
320110#[2, 4, 5]
103021#[1, 5, 6]
21100#[2, 3, 4]
2110030#[0, 1, 2]
1000033#[0, 1, 2, 3, 4, 5, 6]
21103#[2, 3, 4]
2022001#[0, 2, 3, 6]
230002#[0, 1, 2, 3, 4, 5, 6]
1010302#[0, 2, 6]
103030#[0, 1, 2, 3, 4, 5, 6]
230011#[1, 5, 6]
1002103#[0, 3, 4]
1002100#[0, 3, 4]
3001000#[0, 1, 2, 3, 4, 5, 6]
400003#[0, 2, 3, 4, 5, 6]
3001003#[0, 1, 2, 3, 4, 5, 6]
400000#[0, 2, 3, 4, 5, 6]
230020#[0, 1, 2, 3, 4, 5, 6]
21130#[2, 3, 4]
400012#[5, 6]
101002#[1, 3, 6]
3001021#[3, 5, 6]
3300001#[0, 1, 2, 3, 4, 5, 6]
400021#[5, 6]
3300010#[0, 1, 2, 3, 4, 5, 6]
400030#[0, 2, 3, 4, 5, 6]
3001012#[3, 5, 6]
101020#[1, 3, 5]
1002130#[0, 3, 4]
101023#[1, 3, 5]
1010320#[0, 2, 5]
23200#[0, 1, 2, 3, 4, 5, 6]
2020030#[0, 1, 2, 3, 4, 5, 6]
1004200#[0, 4]
2200201#[0, 1, 4, 6]
1123000#[0, 1, 2]
101032#[1, 3, 6]
1000102#[0, 4, 6]
2020021#[0, 2, 5, 6]
3011200#[2, 3, 4]
3003010#[0, 1, 2, 3, 4, 5, 6]
142000#[1, 3]
2020012#[0, 2, 5, 6]
402100#[3, 4]
2200210#[0, 1, 4, 5]
1000123#[0, 4, 5]
1000120#[0, 4, 5]
201400#[1, 3]
2020003#[0, 1, 2, 3, 4, 5, 6]
2020000#[0, 1, 2, 3, 4, 5, 6]
3130000#[0, 1, 2, 3, 4, 5, 6]
103102#[1, 4, 6]
1301200#[0, 3, 4]
312001#[2, 3, 6]
13000#[0, 1, 2, 3, 4, 5, 6]
2022100#[0, 2, 3, 4]
13003#[0, 1, 2, 3, 4, 5, 6]
1000132#[0, 4, 6]
320200#[0, 1, 2, 3, 4, 5, 6]
2401000#[0, 3]
2200300#[0, 1, 2, 3, 4, 5, 6]
312010#[2, 3, 5]
103120#[1, 4, 5]
2102002#[0, 1, 3, 6]
21202#[2, 3, 4, 6]
13012#[2, 5, 6]
1002202#[0, 3, 4, 6]
230101#[1, 4, 6]
230110#[1, 4, 5]
13021#[2, 5, 6]
2104000#[0, 1]
140002#[1, 6]
400102#[4, 6]
1002220#[0, 3, 4, 5]
21220#[2, 3, 4, 5]
13030#[0, 1, 2, 3, 4, 5, 6]
3001030#[0, 1, 2, 3, 4, 5, 6]
3003100#[0, 1, 2, 3, 4, 5, 6]
310000#[0, 1, 2, 3, 4, 5, 6]
1420000#[0, 2]
140020#[1, 5]
310003#[0, 1, 2, 3, 4, 5, 6]
310012#[2, 5, 6]
11002#[2, 3, 6]
400120#[4, 5]
2100001#[0, 1, 6]
310021#[2, 5, 6]
1000204#[0, 4]
2100004#[0, 1]
2020120#[0, 2, 4, 5]
1000201#[0, 4, 6]
310030#[0, 1, 2, 3, 4, 5, 6]
2100010#[0, 1, 5]
11020#[2, 3, 5]
2100013#[0, 1, 5]
3001120#[3, 4, 5]
11023#[2, 3, 5]
1000222#[0, 4, 5, 6]
2100022#[0, 1, 5, 6]
2020102#[0, 2, 4, 6]
11032#[2, 3, 6]
1000213#[0, 4, 5]
1000210#[0, 4, 5]
2100031#[0, 1, 6]
103201#[1, 4, 6]
312100#[2, 3, 4]
3210001#[1, 2, 6]
3001102#[3, 4, 6]
2102020#[0, 1, 3, 5]
1033000#[0, 1, 2, 3, 4, 5, 6]
1000231#[0, 4, 6]
3210010#[1, 2, 5]
103210#[1, 4, 5]
1203001#[0, 1, 6]
3040000#[0, 1, 3, 4, 5, 6]
13102#[2, 4, 6]
2014000#[0, 2]
222001#[1, 2, 3, 6]
1002301#[0, 3, 6]
4021000#[2, 3]
21301#[2, 3, 6]
3300100#[0, 1, 2, 3, 4, 5, 6]
222010#[1, 2, 3, 5]
230200#[0, 1, 2, 3, 4, 5, 6]
21310#[2, 3, 5]
1000240#[0, 4]
13120#[2, 4, 5]
1330000#[0, 1, 2, 3, 4, 5, 6]
3210100#[1, 2, 4]
1002310#[0, 3, 5]
400201#[4, 6]
1203010#[0, 1, 5]
101200#[1, 3, 4]
101203#[1, 3, 4]
310102#[2, 4, 6]
400210#[4, 5]
1031002#[0, 3, 6]
3001210#[3, 4, 5]
3001201#[3, 4, 6]
220003#[0, 1, 2, 3, 4, 5, 6]
1000303#[0, 1, 2, 3, 4, 5, 6]
220000#[0, 1, 2, 3, 4, 5, 6]
1000300#[0, 1, 2, 3, 4, 5, 6]
1031020#[0, 3, 5]
2100040#[0, 1]
2012020#[0, 2, 3, 5]
310120#[2, 4, 5]
2020210#[0, 2, 4, 5]
220012#[1, 2, 5, 6]
101230#[1, 3, 4]
220021#[1, 2, 5, 6]
2020201#[0, 2, 4, 6]
1000312#[0, 5, 6]
1201003#[0, 1, 3]
1201000#[0, 1, 3]
2311000#[0, 2, 3]
2110300#[0, 1, 2]
2012002#[0, 2, 3, 6]
220030#[0, 1, 2, 3, 4, 5, 6]
2100130#[0, 1, 4]
2010013#[0, 2, 5]
304000#[0, 1, 2, 4, 5, 6]
2010010#[0, 2, 5]
103300#[0, 1, 2, 3, 4, 5, 6]
1000330#[0, 1, 2, 3, 4, 5, 6]
2010004#[0, 2]
1203100#[0, 1, 4]
1000321#[0, 5, 6]
2010001#[0, 2, 6]
13201#[2, 4, 6]
1201030#[0, 1, 3]
222100#[1, 2, 3, 4]
2102200#[0, 1, 3, 4]
21400#[2, 3]
13210#[2, 4, 5]
132001#[1, 3, 6]
2100100#[0, 1, 4]
3120010#[1, 2, 5]
2010040#[0, 2]
2100103#[0, 1, 4]
132010#[1, 3, 5]
140200#[1, 4]
400300#[0, 2, 3, 4, 5, 6]
3120001#[1, 2, 6]
1002400#[0, 3]
2010031#[0, 2, 6]
302002#[0, 1, 2, 3, 4, 5, 6]
101302#[1, 3, 6]
2010022#[0, 2, 5, 6]
3001#[0, 1, 2, 3, 4, 5, 6]
3004#[0, 1, 2, 3, 4, 5]
310201#[2, 4, 6]
302011#[3, 5, 6]
302020#[0, 1, 2, 3, 4, 5, 6]
11200#[2, 3, 4]
3010#[0, 1, 2, 3, 4, 5, 6]
11203#[2, 3, 4]
220102#[1, 2, 4, 6]
3013#[0, 1, 2, 3, 4, 5, 6]
310210#[2, 4, 5]
101320#[1, 3, 5]
2100202#[0, 1, 4, 6]
3120100#[1, 2, 4]
3022#[0, 1, 2, 3, 4, 5, 6]
130000#[0, 1, 2, 3, 4, 5, 6]
2020300#[0, 1, 2, 3, 4, 5, 6]
130003#[0, 1, 2, 3, 4, 5, 6]
1240000#[0, 1]
3030010#[0, 1, 2, 3, 4, 5, 6]
3031#[0, 1, 2, 3, 4, 5, 6]
220120#[1, 2, 4, 5]
2100220#[0, 1, 4, 5]
130012#[1, 5, 6]
1000402#[0, 6]
11230#[2, 3, 4]
3030001#[0, 1, 2, 3, 4, 5, 6]
3202000#[0, 1, 2, 3, 4, 5, 6]
3040#[0, 1, 2, 3, 4, 6]
300004#[0, 1, 2, 3, 4, 5]
130021#[1, 5, 6]
300001#[0, 1, 2, 3, 4, 5, 6]
1000#[0, 1, 2, 3, 4, 5, 6]
2221000#[0, 1, 2, 3]
300013#[0, 1, 2, 3, 4, 5, 6]
2010103#[0, 2, 4]
2010100#[0, 2, 4]
1003#[0, 1, 2, 3, 4, 5, 6]
1000420#[0, 5]
300010#[0, 1, 2, 3, 4, 5, 6]
130030#[0, 1, 2, 3, 4, 5, 6]
300022#[0, 1, 2, 3, 4, 5, 6]
214000#[1, 2]
13300#[0, 1, 2, 3, 4, 5, 6]
1012#[3, 5, 6]
3001300#[0, 1, 2, 3, 4, 5, 6]
300031#[0, 1, 2, 3, 4, 5, 6]
1021#[3, 5, 6]
1024#[3, 5]
132100#[1, 3, 4]
1030#[0, 1, 2, 3, 4, 5, 6]
1033#[0, 1, 2, 3, 4, 5, 6]
300040#[0, 1, 2, 3, 4, 6]
2010130#[0, 2, 4]
302101#[3, 4, 6]
42001#[3, 6]
1042#[3, 6]
1023001#[0, 2, 6]
2131000#[0, 1, 3]
310300#[0, 1, 2, 3, 4, 5, 6]
302110#[3, 4, 5]
42010#[3, 5]
3100#[0, 1, 2, 3, 4, 5, 6]
3103#[0, 1, 2, 3, 4, 5, 6]
212002#[1, 2, 3, 6]
3200020#[0, 1, 2, 3, 4, 5, 6]
11302#[2, 3, 6]
3112#[4, 5, 6]
220201#[1, 2, 4, 6]
1023010#[0, 2, 5]
1031200#[0, 3, 4]
220210#[1, 2, 4, 5]
3121#[4, 5, 6]
3200002#[0, 1, 2, 3, 4, 5, 6]
2004010#[0, 5]
2012200#[0, 2, 3, 4]
212020#[1, 2, 3, 5]
130102#[1, 4, 6]
11320#[2, 3, 5]
3130#[0, 1, 2, 3, 4, 5, 6]
3200011#[1, 5, 6]
2004001#[0, 6]
300100#[0, 1, 2, 3, 4, 5, 6]
40000#[0, 1, 3, 4, 5, 6]
2002012#[0, 3, 5, 6]
300103#[0, 1, 2, 3, 4, 5, 6]
40003#[0, 1, 3, 4, 5, 6]
1021003#[0, 2, 3]
2010202#[0, 2, 4, 6]
1021000#[0, 2, 3]
130120#[1, 4, 5]
40012#[5, 6]
2002003#[0, 1, 2, 3, 4, 5, 6]
2002000#[0, 1, 2, 3, 4, 5, 6]
1102#[3, 4, 6]
210001#[1, 2, 6]
300112#[4, 5, 6]
3200101#[1, 4, 6]
1320001#[0, 2, 6]
40021#[5, 6]
210004#[1, 2]
210010#[1, 2, 5]
3110002#[1, 2, 6]
300121#[4, 5, 6]
40030#[0, 1, 3, 4, 5, 6]
210013#[1, 2, 5]
3200110#[1, 4, 5]
1320010#[0, 2, 5]
1120#[3, 4, 5]
124000#[1, 2]
1123#[3, 4, 5]
210022#[1, 2, 5, 6]
300130#[0, 1, 2, 3, 4, 5, 6]
1021030#[0, 2, 3]
2301001#[0, 3, 6]
1132#[3, 4, 6]
210031#[1, 2, 6]
2100301#[0, 1, 6]
3112000#[1, 2, 3]
2002030#[0, 1, 2, 3, 4, 5, 6]
2301010#[0, 3, 5]
2010220#[0, 2, 4, 5]
1023100#[0, 2, 4]
42100#[3, 4]
2100310#[0, 1, 5]
3030100#[0, 1, 2, 3, 4, 5, 6]
2002021#[0, 3, 5, 6]
210040#[1, 2]
302200#[0, 1, 2, 3, 4, 5, 6]
3202#[0, 1, 2, 3, 4, 5, 6]
1402000#[0, 3]
4003000#[1, 2, 3, 4, 5, 6]
1201300#[0, 1, 3]
2000023#[0, 1, 2, 3, 4, 5, 6]
2000020#[0, 1, 2, 3, 4, 5, 6]
1103002#[0, 1, 6]
3211#[4, 5, 6]
421000#[2, 3]
220300#[0, 1, 2, 3, 4, 5, 6]
2301100#[0, 3, 4]
2100400#[0, 1]
2000014#[0, 5]
122002#[1, 2, 3, 6]
3220#[0, 1, 2, 3, 4, 5, 6]
2000011#[0, 5, 6]
130201#[1, 4, 6]
2004100#[0, 4]
2000002#[0, 1, 2, 3, 4, 5, 6]
3022000#[0, 1, 2, 3, 4, 5, 6]
4300000#[1, 2, 3, 4, 5, 6]
130210#[1, 4, 5]
1230001#[0, 1, 6]
2010301#[0, 2, 6]
122020#[1, 2, 3, 5]
40102#[4, 6]
2002102#[0, 3, 4, 6]
1230010#[0, 1, 5]
3110020#[1, 2, 5]
300202#[0, 1, 2, 3, 4, 5, 6]
1320100#[0, 2, 4]
1201#[3, 4, 6]
1204#[3, 4]
210103#[1, 2, 4]
2041000#[0, 3]
210100#[1, 2, 4]
300211#[4, 5, 6]
2000041#[0, 6]
300220#[0, 1, 2, 3, 4, 5, 6]
40120#[4, 5]
1210#[3, 4, 5]
1103020#[0, 1, 5]
1213#[3, 4, 5]
2000032#[0, 1, 2, 3, 4, 5, 6]
120001#[1, 2, 6]
4001020#[3, 5]
1400020#[0, 5]
120004#[1, 2]
3020011#[2, 5, 6]
1222#[3, 4, 5, 6]
120010#[1, 2, 5]
3020002#[0, 1, 2, 3, 4, 5, 6]
120013#[1, 2, 5]
1231#[3, 4, 6]
34000#[0, 1, 2, 4, 5, 6]
210130#[1, 2, 4]
2002120#[0, 3, 4, 5]
4001002#[3, 6]
120022#[1, 2, 5, 6]
1400002#[0, 6]
1240#[3, 4]
2010310#[0, 2, 5]
3020020#[0, 1, 2, 3, 4, 5, 6]
120031#[1, 2, 6]
204001#[1, 6]
2000122#[0, 4, 5, 6]
3301#[0, 1, 2, 3, 4, 5, 6]
120040#[1, 2]
204010#[1, 5]
212200#[1, 2, 3, 4]
3310#[0, 1, 2, 3, 4, 5, 6]
2000113#[0, 4, 5]
2000110#[0, 4, 5]
2000104#[0, 4]
3200200#[0, 1, 2, 3, 4, 5, 6]
2000101#[0, 4, 6]
331000#[0, 1, 2, 3, 4, 5, 6]
130300#[0, 1, 2, 3, 4, 5, 6]
32002#[0, 1, 2, 3, 4, 5, 6]
1013002#[0, 2, 6]
1230100#[0, 1, 4]
2002201#[0, 3, 4, 6]
300301#[0, 1, 2, 3, 4, 5, 6]
40201#[4, 6]
32011#[3, 5, 6]
202003#[0, 1, 2, 3, 4, 5, 6]
4210000#[1, 2]
300310#[0, 1, 2, 3, 4, 5, 6]
40210#[4, 5]
2000140#[0, 4]
202000#[0, 1, 2, 3, 4, 5, 6]
1013020#[0, 2, 5]
1312000#[0, 2, 3]
32020#[0, 1, 2, 3, 4, 5, 6]
1300#[0, 1, 2, 3, 4, 5, 6]
3102010#[1, 3, 5]
1303#[0, 1, 2, 3, 4, 5, 6]
3110200#[1, 2, 4]
210202#[1, 2, 4, 6]
2000131#[0, 4, 6]
3102001#[1, 3, 6]
202012#[1, 3, 5, 6]
1312#[3, 5, 6]
1310002#[0, 2, 6]
120100#[1, 2, 4]
202021#[1, 3, 5, 6]
120103#[1, 2, 4]
1321#[3, 5, 6]
202030#[0, 1, 2, 3, 4, 5, 6]
210220#[1, 2, 4, 5]
30001#[0, 1, 2, 3, 4, 5, 6]
1330#[0, 1, 2, 3, 4, 5, 6]
30004#[0, 1, 2, 3, 4, 5]
30010#[0, 1, 2, 3, 4, 5, 6]
2002210#[0, 3, 4, 5]
30013#[0, 1, 2, 3, 4, 5, 6]
2010400#[0, 2]
200002#[0, 1, 2, 3, 4, 5, 6]
120130#[1, 2, 4]
3100012#[1, 5, 6]
2000221#[0, 4, 5, 6]
30022#[0, 1, 2, 3, 4, 5, 6]
204100#[1, 4]
3400#[0, 1, 2, 3, 5, 6]
200011#[1, 5, 6]
2000212#[0, 4, 5, 6]
3100003#[0, 1, 2, 3, 4, 5, 6]
200014#[1, 5]
30031#[0, 1, 2, 3, 4, 5, 6]
3100000#[0, 1, 2, 3, 4, 5, 6]
3100030#[0, 1, 2, 3, 4, 5, 6]
200023#[0, 1, 2, 3, 4, 5, 6]
2000203#[0, 1, 2, 3, 4, 5, 6]
2000200#[0, 1, 2, 3, 4, 5, 6]
200020#[0, 1, 2, 3, 4, 5, 6]
1310020#[0, 2, 5]
30040#[0, 1, 2, 3, 4, 6]
2203000#[0, 1, 2, 3, 4, 5, 6]
122200#[1, 2, 3, 4]
3100021#[1, 5, 6]
3020110#[2, 4, 5]
1222000#[0, 1, 2, 3]
2002300#[0, 1, 2, 3, 4, 5, 6]
200032#[0, 1, 2, 3, 4, 5, 6]
32101#[3, 4, 6]
200041#[1, 6]
241000#[1, 3]
3020101#[2, 4, 6]
40300#[0, 1, 3, 4, 5, 6]
32110#[3, 4, 5]
1103200#[0, 1, 4]
300400#[0, 1, 2, 3, 5, 6]
202102#[1, 3, 4, 6]
2000230#[0, 1, 2, 3, 4, 5, 6]
1402#[3, 6]
1021300#[0, 2, 3]
210301#[1, 2, 6]
112000#[1, 2, 3]
112003#[1, 2, 3]
210310#[1, 2, 5]
3020200#[0, 1, 2, 3, 4, 5, 6]
2031001#[0, 3, 6]
3012010#[2, 3, 5]
202120#[1, 3, 4, 5]
2201002#[0, 1, 3, 6]
120202#[1, 2, 4, 6]
1420#[3, 5]
3012001#[2, 3, 6]
4001200#[3, 4]
30100#[0, 1, 2, 3, 4, 5, 6]
30103#[0, 1, 2, 3, 4, 5, 6]
2201020#[0, 1, 3, 5]
120220#[1, 2, 4, 5]
1400200#[0, 4]
112030#[1, 2, 3]
30112#[4, 5, 6]
1220020#[0, 1, 2, 5]
200101#[1, 4, 6]
2000311#[0, 5, 6]
30121#[4, 5, 6]
200104#[1, 4]
200110#[1, 4, 5]
2000302#[0, 1, 2, 3, 4, 5, 6]
1220002#[0, 1, 2, 6]
30130#[0, 1, 2, 3, 4, 5, 6]
200113#[1, 4, 5]
110002#[1, 2, 6]
200122#[1, 4, 5, 6]
3102100#[1, 3, 4]
2031010#[0, 3, 5]
200131#[1, 4, 6]
24001#[2, 6]
3010030#[0, 1, 2, 3, 4, 5, 6]
110020#[1, 2, 5]
110023#[1, 2, 5]
2113000#[0, 1, 2]
32200#[0, 1, 2, 3, 4, 5, 6]
3010021#[2, 5, 6]
24010#[2, 5]
200140#[1, 4]
110032#[1, 2, 6]
202201#[1, 3, 4, 6]
2000320#[0, 1, 2, 3, 4, 5, 6]
1013200#[0, 2, 4]
202210#[1, 3, 4, 5]
1302001#[0, 3, 6]
2031100#[0, 3, 4]
210400#[1, 2]
1302010#[0, 3, 5]
3100102#[1, 4, 6]
1310200#[0, 2, 4]
120301#[1, 2, 6]
321001#[2, 3, 6]
22000#[0, 1, 2, 3, 4, 5, 6]
1132000#[0, 1, 3]
3010012#[2, 5, 6]
22003#[0, 1, 2, 3, 4, 5, 6]
1003003#[0, 1, 2, 3, 4, 5, 6]
321010#[2, 3, 5]
1003000#[0, 1, 2, 3, 4, 5, 6]
3100120#[1, 4, 5]
120310#[1, 2, 5]
30202#[0, 1, 2, 3, 4, 5, 6]
22012#[2, 3, 5, 6]
3010000#[0, 1, 2, 3, 4, 5, 6]
3010003#[0, 1, 2, 3, 4, 5, 6]
4120000#[1, 2]
4200001#[1, 6]
1003021#[0, 5, 6]
1130002#[0, 1, 6]
30211#[4, 5, 6]
2000410#[0, 5]
22021#[2, 3, 5, 6]
3100201#[1, 4, 6]
200203#[0, 1, 2, 3, 4, 5, 6]
4200010#[1, 5]
200200#[0, 1, 2, 3, 4, 5, 6]
1003012#[0, 5, 6]
30220#[0, 1, 2, 3, 4, 5, 6]
4030000#[1, 2, 3, 4, 5, 6]
22030#[0, 1, 2, 3, 4, 5, 6]
2000401#[0, 6]
200212#[1, 4, 5, 6]
1003030#[0, 1, 2, 3, 4, 5, 6]
3010102#[2, 4, 6]
3100210#[1, 4, 5]
200221#[1, 4, 5, 6]
20002#[0, 1, 2, 3, 4, 5, 6]
24100#[2, 4]
200230#[0, 1, 2, 3, 4, 5, 6]
1001002#[0, 3, 6]
1300021#[0, 5, 6]
3012100#[2, 3, 4]
20011#[2, 5, 6]
1300030#[0, 1, 2, 3, 4, 5, 6]
20014#[2, 5]
1300003#[0, 1, 2, 3, 4, 5, 6]
1001023#[0, 3, 5]
1300000#[0, 1, 2, 3, 4, 5, 6]
1001020#[0, 3, 5]
2410000#[0, 2]
20020#[0, 1, 2, 3, 4, 5, 6]
1130020#[0, 1, 5]
20023#[0, 1, 2, 3, 4, 5, 6]
403000#[0, 2, 3, 4, 5, 6]
1300012#[0, 5, 6]
202300#[0, 1, 2, 3, 4, 5, 6]
20032#[0, 1, 2, 3, 4, 5, 6]
104002#[1, 6]
2023000#[0, 1, 2, 3, 4, 5, 6]
1001032#[0, 3, 6]
1302100#[0, 3, 4]
321100#[2, 3, 4]
20041#[2, 6]
3004000#[0, 1, 2, 4, 5, 6]
2201200#[0, 1, 3, 4]
1003102#[0, 4, 6]
120400#[1, 2]
104020#[1, 5]
22102#[2, 3, 4, 6]
231001#[1, 3, 6]
30301#[0, 1, 2, 3, 4, 5, 6]
1042000#[0, 3]
231010#[1, 3, 5]
3010120#[2, 4, 5]
30310#[0, 1, 2, 3, 4, 5, 6]
22120#[2, 3, 4, 5]
401002#[3, 6]
200302#[0, 1, 2, 3, 4, 5, 6]
102001#[1, 3, 6]
200311#[1, 5, 6]
102004#[1, 3]
110200#[1, 2, 4]
1220200#[0, 1, 2, 4]
401020#[3, 5]
110203#[1, 2, 4]
102010#[1, 3, 5]
102013#[1, 3, 5]
1003120#[0, 4, 5]
1210003#[0, 1, 2]
1210000#[0, 1, 2]
2021020#[0, 2, 3, 5]
200320#[0, 1, 2, 3, 4, 5, 6]
20101#[2, 4, 6]
102022#[1, 3, 5, 6]
20104#[2, 4]
3002020#[0, 1, 2, 3, 4, 5, 6]
1300120#[0, 4, 5]
1040002#[0, 6]
102031#[1, 3, 6]
20110#[2, 4, 5]
3010210#[2, 4, 5]
20113#[2, 4, 5]
2021002#[0, 2, 3, 6]
1300102#[0, 4, 6]
110230#[1, 2, 4]
102040#[1, 3]
20122#[2, 4, 5, 6]
1040020#[0, 5]
100000#[0, 1, 2, 3, 4, 5, 6]
100003#[0, 1, 2, 3, 4, 5, 6]
2320000#[0, 1, 2, 3, 4, 5, 6]
3100300#[0, 1, 2, 3, 4, 5, 6]
20131#[2, 4, 6]
313000#[0, 1, 2, 3, 4, 5, 6]
20140#[2, 4]
112300#[1, 2, 3]
100012#[1, 5, 6]
14002#[2, 6]
100021#[1, 5, 6]
3010201#[2, 4, 6]
3002011#[3, 5, 6]
22201#[2, 3, 4, 6]
100024#[1, 5]
3301000#[0, 1, 2, 3, 4, 5, 6]
1210030#[0, 1, 2]
100030#[0, 1, 2, 3, 4, 5, 6]
3002002#[0, 1, 2, 3, 4, 5, 6]
231100#[1, 3, 4]
30400#[0, 1, 2, 3, 5, 6]
100033#[0, 1, 2, 3, 4, 5, 6]
2103010#[0, 1, 5]
22210#[2, 3, 4, 5]
14020#[2, 5]
1003210#[0, 4, 5]
3000040#[0, 1, 2, 3, 4, 6]
3211000#[1, 2, 3]
1130200#[0, 1, 4]
100042#[1, 6]
1003201#[0, 4, 6]
3010300#[0, 1, 2, 3, 4, 5, 6]
2230000#[0, 1, 2, 3, 4, 5, 6]
200401#[1, 6]
3002110#[3, 4, 5]
102100#[1, 3, 4]
102103#[1, 3, 4]
3002101#[3, 4, 6]
200410#[1, 5]
311002#[2, 3, 6]
110302#[1, 2, 6]
3000013#[0, 1, 2, 3, 4, 5, 6]
1300210#[0, 4, 5]
12001#[2, 3, 6]
12004#[2, 3]
4200100#[1, 4]
3000010#[0, 1, 2, 3, 4, 5, 6]
20200#[0, 1, 2, 3, 4, 5, 6]
311020#[2, 3, 5]
3000004#[0, 1, 2, 3, 4, 5]
12010#[2, 3, 5]
20203#[0, 1, 2, 3, 4, 5, 6]
3000001#[0, 1, 2, 3, 4, 5, 6]
12013#[2, 3, 5]
110320#[1, 2, 5]
3000031#[0, 1, 2, 3, 4, 5, 6]
102130#[1, 3, 4]
20212#[2, 4, 5, 6]
12022#[2, 3, 5, 6]
2103001#[0, 1, 6]
1300201#[0, 4, 6]
3000022#[0, 1, 2, 3, 4, 5, 6]
1001203#[0, 3, 4]
20221#[2, 4, 5, 6]
1001200#[0, 3, 4]
12031#[2, 3, 6]
1001230#[0, 3, 4]
2101030#[0, 1, 3]
20230#[0, 1, 2, 3, 4, 5, 6]
100102#[1, 4, 6]
12040#[2, 3]
3000100#[0, 1, 2, 3, 4, 5, 6]
104200#[1, 4]
3000103#[0, 1, 2, 3, 4, 5, 6]
1120030#[0, 1, 2]
10000#[0, 1, 2, 3, 4, 5, 6]
1120000#[0, 1, 2]
1120003#[0, 1, 2]
10003#[0, 1, 2, 3, 4, 5, 6]
3000121#[4, 5, 6]
4020010#[2, 5]
100120#[1, 4, 5]
100123#[1, 4, 5]
223000#[0, 1, 2, 3, 4, 5, 6]
2103100#[0, 1, 4]
22300#[0, 1, 2, 3, 4, 5, 6]
4020001#[2, 6]
10012#[2, 5, 6]
3000112#[4, 5, 6]
2400001#[0, 6]
100132#[1, 4, 6]
10021#[2, 5, 6]
2101000#[0, 1, 3]
10024#[2, 5]
2101003#[0, 1, 3]
1003300#[0, 1, 2, 3, 4, 5, 6]
10030#[0, 1, 2, 3, 4, 5, 6]
2400010#[0, 5]
10033#[0, 1, 2, 3, 4, 5, 6]
1204000#[0, 1]
401200#[3, 4]
10042#[2, 6]
102202#[1, 3, 4, 6]
2140000#[0, 1]
2400100#[0, 4]
1202002#[0, 1, 3, 6]
12100#[2, 3, 4]
1032010#[0, 3, 5]
1040200#[0, 4]
12103#[2, 3, 4]
3121000#[1, 2, 3]
221002#[1, 2, 3, 6]
2013010#[0, 2, 5]
102220#[1, 3, 4, 5]
20302#[0, 1, 2, 3, 4, 5, 6]
1032001#[0, 3, 6]
2021200#[0, 2, 3, 4]
4102000#[1, 3]
2310001#[0, 2, 6]
2013001#[0, 2, 6]
20311#[2, 5, 6]
2310010#[0, 2, 5]
1001302#[0, 3, 6]
1300300#[0, 1, 2, 3, 4, 5, 6]
221020#[1, 2, 3, 5]
20320#[0, 1, 2, 3, 4, 5, 6]
12130#[2, 3, 4]
2011003#[0, 2, 3]
2011000#[0, 2, 3]
1001320#[0, 3, 5]
100201#[1, 4, 6]
100204#[1, 4]
3000130#[0, 1, 2, 3, 4, 5, 6]
1030012#[0, 5, 6]
100210#[1, 4, 5]
100213#[1, 4, 5]
3002200#[0, 1, 2, 3, 4, 5, 6]
1202020#[0, 1, 3, 5]
10102#[2, 4, 6]
14200#[2, 4]
1030003#[0, 1, 2, 3, 4, 5, 6]
1030000#[0, 1, 2, 3, 4, 5, 6]
100222#[1, 4, 5, 6]
1030030#[0, 1, 2, 3, 4, 5, 6]
1200022#[0, 1, 5, 6]
100231#[1, 4, 6]
2011030#[0, 2, 3]
10120#[2, 4, 5]
133000#[0, 1, 2, 3, 4, 5, 6]
1030021#[0, 5, 6]
4100020#[1, 5]
10123#[2, 4, 5]
1200031#[0, 1, 6]
100240#[1, 4]
1200001#[0, 1, 6]
10132#[2, 4, 6]
1200004#[0, 1]
1200010#[0, 1, 5]
102301#[1, 3, 6]
4100002#[1, 6]
303001#[0, 1, 2, 3, 4, 5, 6]
1200013#[0, 1, 5]
4000#[0, 1, 2, 4, 5, 6]
4003#[0, 1, 2, 4, 5, 6]
311200#[2, 3, 4]
303010#[0, 1, 2, 3, 4, 5, 6]
3000202#[0, 1, 2, 3, 4, 5, 6]
102310#[1, 3, 5]
12202#[2, 3, 4, 6]
1032100#[0, 3, 4]
4012#[5, 6]
1210300#[0, 1, 2]
3000220#[0, 1, 2, 3, 4, 5, 6]
20401#[2, 6]
2013100#[0, 2, 4]
4021#[5, 6]
430000#[0, 2, 3, 4, 5, 6]
4020100#[2, 4]
1200040#[0, 1]
20410#[2, 5]
131002#[1, 3, 6]
12220#[2, 3, 4, 5]
4030#[0, 1, 2, 4, 5, 6]
3000211#[4, 5, 6]
3000301#[0, 1, 2, 3, 4, 5, 6]
2220001#[0, 1, 2, 6]
3201010#[1, 3, 5]
2220010#[0, 1, 2, 5]
301000#[0, 1, 2, 3, 4, 5, 6]
100300#[0, 1, 2, 3, 4, 5, 6]
131020#[1, 3, 5]
100303#[0, 1, 2, 3, 4, 5, 6]
301003#[0, 1, 2, 3, 4, 5, 6]
301012#[3, 5, 6]
2002#[0, 1, 2, 3, 4, 5, 6]
1030102#[0, 4, 6]
10201#[2, 4, 6]
301021#[3, 5, 6]
3201001#[1, 3, 6]
100312#[1, 5, 6]
3000310#[0, 1, 2, 3, 4, 5, 6]
2011#[3, 5, 6]
10204#[2, 4]
4012000#[2, 3]
2014#[3, 5]
100321#[1, 5, 6]
10210#[2, 4, 5]
301030#[0, 1, 2, 3, 4, 5, 6]
2020#[0, 1, 2, 3, 4, 5, 6]
10213#[2, 4, 5]
1030120#[0, 4, 5]
2023#[0, 1, 2, 3, 4, 5, 6]
100330#[0, 1, 2, 3, 4, 5, 6]
10222#[2, 4, 5, 6]
2032#[0, 1, 2, 3, 4, 5, 6]
1200103#[0, 1, 4]
3031000#[0, 1, 2, 3, 4, 5, 6]
1200100#[0, 1, 4]
2310100#[0, 2, 4]
10231#[2, 4, 6]
303100#[0, 1, 2, 3, 4, 5, 6]
43000#[0, 1, 3, 4, 5, 6]
2041#[3, 6]
