1#[0, 1, 2, 3, 4, 5, 6, 7, 8]
4#[0, 1, 2, 3, 4, 5, 6, 7]
210000001#[0, 1, 2, 3, 4, 5, 6, 7, 8]
1030#[0, 1, 2, 3, 4, 5, 6, 7, 8]
10#[0, 1, 2, 3, 4, 5, 6, 7, 8]
110100100#[0, 1, 2, 3, 4, 5, 6, 7, 8]
13#[0, 1, 2, 3, 4, 5, 6, 7, 8]
11001001#[0, 1, 2, 3, 4, 5, 6, 7, 8]
10110100#[0, 1, 2, 3, 4, 5, 6, 7, 8]
210000010#[0, 1, 2, 3, 4, 5, 6, 7, 8]
10021000#[0, 1, 2, 3, 4, 5, 6, 7, 8]
110010010#[0, 1, 2, 3, 4, 5, 6, 7, 8]
11001010#[0, 1, 2, 3, 4, 5, 6, 7, 8]
22#[0, 1, 2, 3, 4, 5, 6, 7, 8]
31000000#[0, 1, 2, 3, 4, 5, 6, 7, 8]
3100#[0, 1, 2, 3, 4, 5, 6, 7, 8]
110010001#[0, 1, 2, 3, 4, 5, 6, 7, 8]
31#[0, 1, 2, 3, 4, 5, 6, 7, 8]
20000020#[0, 1, 2, 3, 4, 5, 6, 7, 8]
100000210#[0, 1, 2, 3, 4, 5, 6, 7, 8]
40#[0, 1, 2, 3, 4, 5, 6, 8]
10020010#[0, 1, 2, 3, 4, 5, 6, 7, 8]
20000002#[0, 1, 2, 3, 4, 5, 6, 7, 8]
2101#[0, 1, 2, 3, 4, 5, 6, 7, 8]
100120000#[0, 1, 2, 3, 4, 5, 6, 7, 8]
11002000#[0, 1, 2, 3, 4, 5, 6, 7, 8]
10020001#[0, 1, 2, 3, 4, 5, 6, 7, 8]
20000011#[0, 1, 2, 3, 4, 5, 6, 7, 8]
211000#[0, 1, 2, 3, 4, 5, 6, 7, 8]
10300#[0, 1, 2, 3, 4, 5, 6, 7, 8]
100000201#[0, 1, 2, 3, 4, 5, 6, 7, 8]
101011000#[0, 1, 2, 3, 4, 5, 6, 7, 8]
2110#[0, 1, 2, 3, 4, 5, 6, 7, 8]
300100#[0, 1, 2, 3, 4, 5, 6, 7, 8]
40000#[0, 1, 2, 3, 5, 6, 7, 8]
101100100#[0, 1, 2, 3, 4, 5, 6, 7, 8]
300100000#[0, 1, 2, 3, 4, 5, 6, 7, 8]
1110100#[0, 1, 2, 3, 4, 5, 6, 7, 8]
100001200#[0, 1, 2, 3, 4, 5, 6, 7, 8]
1021000#[0, 1, 2, 3, 4, 5, 6, 7, 8]
2002000#[0, 1, 2, 3, 4, 5, 6, 7, 8]
1102#[0, 1, 2, 3, 4, 5, 6, 7, 8]
210001#[0, 1, 2, 3, 4, 5, 6, 7, 8]
101010001#[0, 1, 2, 3, 4, 5, 6, 7, 8]
20000101#[0, 1, 2, 3, 4, 5, 6, 7, 8]
1111#[0, 1, 2, 3, 4, 5, 6, 7, 8]
210010#[0, 1, 2, 3, 4, 5, 6, 7, 8]
200110000#[0, 1, 2, 3, 4, 5, 6, 7, 8]
101010010#[0, 1, 2, 3, 4, 5, 6, 7, 8]
20000110#[0, 1, 2, 3, 4, 5, 6, 7, 8]
210000100#[0, 1, 2, 3, 4, 5, 6, 7, 8]
1120#[0, 1, 2, 3, 4, 5, 6, 7, 8]
40000000#[0, 2, 3, 4, 5, 6, 7, 8]
100#[0, 1, 2, 3, 4, 5, 6, 7, 8]
11000002#[0, 1, 2, 3, 4, 5, 6, 7, 8]
1020010#[0, 1, 2, 3, 4, 5, 6, 7, 8]
103#[0, 1, 2, 3, 4, 5, 6, 7, 8]
10102000#[0, 1, 2, 3, 4, 5, 6, 7, 8]
2001010#[0, 1, 2, 3, 4, 5, 6, 7, 8]
11000011#[0, 1, 2, 3, 4, 5, 6, 7, 8]
1020001#[0, 1, 2, 3, 4, 5, 6, 7, 8]
112#[0, 1, 2, 3, 4, 5, 6, 7, 8]
11000020#[0, 1, 2, 3, 4, 5, 6, 7, 8]
2001001#[0, 1, 2, 3, 4, 5, 6, 7, 8]
121#[0, 1, 2, 3, 4, 5, 6, 7, 8]
110010100#[0, 1, 2, 3, 4, 5, 6, 7, 8]
20001100#[0, 1, 2, 3, 4, 5, 6, 7, 8]
130#[0, 1, 2, 3, 4, 5, 6, 7, 8]
10111000#[0, 1, 2, 3, 4, 5, 6, 7, 8]
2000020#[0, 1, 2, 3, 4, 5, 6, 7, 8]
100000120#[0, 1, 2, 3, 4, 5, 6, 7, 8]
100000102#[0, 1, 2, 3, 4, 5, 6, 7, 8]
2000011#[0, 1, 2, 3, 4, 5, 6, 7, 8]
2200#[0, 1, 2, 3, 4, 5, 6, 7, 8]
110101000#[0, 1, 2, 3, 4, 5, 6, 7, 8]
100000111#[0, 1, 2, 3, 4, 5, 6, 7, 8]
11010100#[0, 1, 2, 3, 4, 5, 6, 7, 8]
2000002#[0, 1, 2, 3, 4, 5, 6, 7, 8]
1102000#[0, 1, 2, 3, 4, 5, 6, 7, 8]
10110010#[0, 1, 2, 3, 4, 5, 6, 7, 8]
21100000#[0, 1, 2, 3, 4, 5, 6, 7, 8]
100001110#[0, 1, 2, 3, 4, 5, 6, 7, 8]
110100010#[0, 1, 2, 3, 4, 5, 6, 7, 8]
100210000#[0, 1, 2, 3, 4, 5, 6, 7, 8]
121000#[0, 1, 2, 3, 4, 5, 6, 7, 8]
201010000#[0, 1, 2, 3, 4, 5, 6, 7, 8]
10110001#[0, 1, 2, 3, 4, 5, 6, 7, 8]
110100001#[0, 1, 2, 3, 4, 5, 6, 7, 8]
200200000#[0, 1, 2, 3, 4, 5, 6, 7, 8]
301000000#[0, 1, 2, 3, 4, 5, 6, 7, 8]
1201#[0, 1, 2, 3, 4, 5, 6, 7, 8]
101010100#[0, 1, 2, 3, 4, 5, 6, 7, 8]
210100#[0, 1, 2, 3, 4, 5, 6, 7, 8]
100001101#[0, 1, 2, 3, 4, 5, 6, 7, 8]
111000100#[0, 1, 2, 3, 4, 5, 6, 7, 8]
1210#[0, 1, 2, 3, 4, 5, 6, 7, 8]
10200100#[0, 1, 2, 3, 4, 5, 6, 7, 8]
120001#[0, 1, 2, 3, 4, 5, 6, 7, 8]
100002100#[0, 1, 2, 3, 4, 5, 6, 7, 8]
1101010#[0, 1, 2, 3, 4, 5, 6, 7, 8]
202#[0, 1, 2, 3, 4, 5, 6, 7, 8]
120010#[0, 1, 2, 3, 4, 5, 6, 7, 8]
1020100#[0, 1, 2, 3, 4, 5, 6, 7, 8]
22000000#[0, 1, 2, 3, 4, 5, 6, 7, 8]
2001100#[0, 1, 2, 3, 4, 5, 6, 7, 8]
211#[0, 1, 2, 3, 4, 5, 6, 7, 8]
1101001#[0, 1, 2, 3, 4, 5, 6, 7, 8]
220#[0, 1, 2, 3, 4, 5, 6, 7, 8]
100000021#[0, 1, 2, 3, 4, 5, 6, 7, 8]
1100020#[0, 1, 2, 3, 4, 5, 6, 7, 8]
100000030#[0, 1, 2, 3, 4, 5, 6, 7, 8]
210001000#[0, 1, 2, 3, 4, 5, 6, 7, 8]
2000110#[0, 1, 2, 3, 4, 5, 6, 7, 8]
1100002#[0, 1, 2, 3, 4, 5, 6, 7, 8]
100000000#[0, 1, 2, 3, 4, 5, 6, 7, 8]
110011000#[0, 1, 2, 3, 4, 5, 6, 7, 8]
100000003#[0, 1, 2, 3, 4, 5, 6, 7, 8]
20000200#[0, 1, 2, 3, 4, 5, 6, 7, 8]
100000012#[0, 1, 2, 3, 4, 5, 6, 7, 8]
2000101#[0, 1, 2, 3, 4, 5, 6, 7, 8]
1100011#[0, 1, 2, 3, 4, 5, 6, 7, 8]
10010011#[0, 1, 2, 3, 4, 5, 6, 7, 8]
110000011#[0, 1, 2, 3, 4, 5, 6, 7, 8]
100001011#[0, 1, 2, 3, 4, 5, 6, 7, 8]
100001020#[0, 1, 2, 3, 4, 5, 6, 7, 8]
10010002#[0, 1, 2, 3, 4, 5, 6, 7, 8]
110000002#[0, 1, 2, 3, 4, 5, 6, 7, 8]
202000#[0, 1, 2, 3, 4, 5, 6, 7, 8]
10100110#[0, 1, 2, 3, 4, 5, 6, 7, 8]
1300#[0, 1, 2, 3, 4, 5, 6, 7, 8]
101002000#[0, 1, 2, 3, 4, 5, 6, 7, 8]
12100000#[0, 1, 2, 3, 4, 5, 6, 7, 8]
31000#[0, 1, 2, 3, 4, 5, 6, 7, 8]
10011010#[0, 1, 2, 3, 4, 5, 6, 7, 8]
110000020#[0, 1, 2, 3, 4, 5, 6, 7, 8]
100300000#[0, 1, 2, 3, 4, 5, 6, 7, 8]
201100000#[0, 1, 2, 3, 4, 5, 6, 7, 8]
10100101#[0, 1, 2, 3, 4, 5, 6, 7, 8]
100001002#[0, 1, 2, 3, 4, 5, 6, 7, 8]
20010001#[0, 1, 2, 3, 4, 5, 6, 7, 8]
200000200#[0, 1, 2, 3, 4, 5, 6, 7, 8]
100002001#[0, 1, 2, 3, 4, 5, 6, 7, 8]
120100#[0, 1, 2, 3, 4, 5, 6, 7, 8]
120000001#[0, 1, 2, 3, 4, 5, 6, 7, 8]
201001#[0, 1, 2, 3, 4, 5, 6, 7, 8]
20010010#[0, 1, 2, 3, 4, 5, 6, 7, 8]
101001001#[0, 1, 2, 3, 4, 5, 6, 7, 8]
301#[0, 1, 2, 3, 4, 5, 6, 7, 8]
120000010#[0, 1, 2, 3, 4, 5, 6, 7, 8]
100010200#[0, 1, 2, 3, 4, 5, 6, 7, 8]
11000200#[0, 1, 2, 3, 4, 5, 6, 7, 8]
1012000#[0, 1, 2, 3, 4, 5, 6, 7, 8]
100002010#[0, 1, 2, 3, 4, 5, 6, 7, 8]
201010#[0, 1, 2, 3, 4, 5, 6, 7, 8]
30001#[0, 1, 2, 3, 4, 5, 6, 7, 8]
1011001#[0, 1, 2, 3, 4, 5, 6, 7, 8]
310#[0, 1, 2, 3, 4, 5, 6, 7, 8]
20100100#[0, 1, 2, 3, 4, 5, 6, 7, 8]
101001010#[0, 1, 2, 3, 4, 5, 6, 7, 8]
30010#[0, 1, 2, 3, 4, 5, 6, 7, 8]
1101100#[0, 1, 2, 3, 4, 5, 6, 7, 8]
10010020#[0, 1, 2, 3, 4, 5, 6, 7, 8]
4000000#[0, 1, 3, 4, 5, 6, 7, 8]
200002#[0, 1, 2, 3, 4, 5, 6, 7, 8]
110001100#[0, 1, 2, 3, 4, 5, 6, 7, 8]
120000100#[0, 1, 2, 3, 4, 5, 6, 7, 8]
10011100#[0, 1, 2, 3, 4, 5, 6, 7, 8]
20010100#[0, 1, 2, 3, 4, 5, 6, 7, 8]
101000002#[0, 1, 2, 3, 4, 5, 6, 7, 8]
200011#[0, 1, 2, 3, 4, 5, 6, 7, 8]
1011010#[0, 1, 2, 3, 4, 5, 6, 7, 8]
100003000#[0, 1, 2, 3, 4, 5, 6, 7, 8]
101000011#[0, 1, 2, 3, 4, 5, 6, 7, 8]
3100000#[0, 1, 2, 3, 4, 5, 6, 7, 8]
101000020#[0, 1, 2, 3, 4, 5, 6, 7, 8]
1010011#[0, 1, 2, 3, 4, 5, 6, 7, 8]
1100101#[0, 1, 2, 3, 4, 5, 6, 7, 8]
2000200#[0, 1, 2, 3, 4, 5, 6, 7, 8]
200020#[0, 1, 2, 3, 4, 5, 6, 7, 8]
1010002#[0, 1, 2, 3, 4, 5, 6, 7, 8]
1100110#[0, 1, 2, 3, 4, 5, 6, 7, 8]
110000110#[0, 1, 2, 3, 4, 5, 6, 7, 8]
10010110#[0, 1, 2, 3, 4, 5, 6, 7, 8]
110000101#[0, 1, 2, 3, 4, 5, 6, 7, 8]
1010020#[0, 1, 2, 3, 4, 5, 6, 7, 8]
10010101#[0, 1, 2, 3, 4, 5, 6, 7, 8]
10100200#[0, 1, 2, 3, 4, 5, 6, 7, 8]
112000#[0, 1, 2, 3, 4, 5, 6, 7, 8]
11000101#[0, 1, 2, 3, 4, 5, 6, 7, 8]
100010101#[0, 1, 2, 3, 4, 5, 6, 7, 8]
200000110#[0, 1, 2, 3, 4, 5, 6, 7, 8]
13000000#[0, 1, 2, 3, 4, 5, 6, 7, 8]
100010110#[0, 1, 2, 3, 4, 5, 6, 7, 8]
10101010#[0, 1, 2, 3, 4, 5, 6, 7, 8]
101001100#[0, 1, 2, 3, 4, 5, 6, 7, 8]
11000110#[0, 1, 2, 3, 4, 5, 6, 7, 8]
200000101#[0, 1, 2, 3, 4, 5, 6, 7, 8]
201100#[0, 1, 2, 3, 4, 5, 6, 7, 8]
400#[0, 1, 2, 3, 4, 5, 7, 8]
10101001#[0, 1, 2, 3, 4, 5, 6, 7, 8]
1011100#[0, 1, 2, 3, 4, 5, 6, 7, 8]
30100#[0, 1, 2, 3, 4, 5, 6, 7, 8]
111001#[0, 1, 2, 3, 4, 5, 6, 7, 8]
10020100#[0, 1, 2, 3, 4, 5, 6, 7, 8]
100100200#[0, 1, 2, 3, 4, 5, 6, 7, 8]
101000101#[0, 1, 2, 3, 4, 5, 6, 7, 8]
111010#[0, 1, 2, 3, 4, 5, 6, 7, 8]
200101#[0, 1, 2, 3, 4, 5, 6, 7, 8]
200001100#[0, 1, 2, 3, 4, 5, 6, 7, 8]
100011100#[0, 1, 2, 3, 4, 5, 6, 7, 8]
11001100#[0, 1, 2, 3, 4, 5, 6, 7, 8]
101000110#[0, 1, 2, 3, 4, 5, 6, 7, 8]
200110#[0, 1, 2, 3, 4, 5, 6, 7, 8]
10100020#[0, 1, 2, 3, 4, 5, 6, 7, 8]
1010110#[0, 1, 2, 3, 4, 5, 6, 7, 8]
10100011#[0, 1, 2, 3, 4, 5, 6, 7, 8]
110002#[0, 1, 2, 3, 4, 5, 6, 7, 8]
1100200#[0, 1, 2, 3, 4, 5, 6, 7, 8]
10100002#[0, 1, 2, 3, 4, 5, 6, 7, 8]
1010101#[0, 1, 2, 3, 4, 5, 6, 7, 8]
110011#[0, 1, 2, 3, 4, 5, 6, 7, 8]
20001010#[0, 1, 2, 3, 4, 5, 6, 7, 8]
110020#[0, 1, 2, 3, 4, 5, 6, 7, 8]
100010020#[0, 1, 2, 3, 4, 5, 6, 7, 8]
20001001#[0, 1, 2, 3, 4, 5, 6, 7, 8]
110002000#[0, 1, 2, 3, 4, 5, 6, 7, 8]
200000011#[0, 1, 2, 3, 4, 5, 6, 7, 8]
10011001#[0, 1, 2, 3, 4, 5, 6, 7, 8]
2200000#[0, 1, 2, 3, 4, 5, 6, 7, 8]
20002000#[0, 1, 2, 3, 4, 5, 6, 7, 8]
103000000#[0, 1, 2, 3, 4, 5, 6, 7, 8]
100010002#[0, 1, 2, 3, 4, 5, 6, 7, 8]
110001001#[0, 1, 2, 3, 4, 5, 6, 7, 8]
200000002#[0, 1, 2, 3, 4, 5, 6, 7, 8]
100010011#[0, 1, 2, 3, 4, 5, 6, 7, 8]
22000#[0, 1, 2, 3, 4, 5, 6, 7, 8]
100100101#[0, 1, 2, 3, 4, 5, 6, 7, 8]
100011010#[0, 1, 2, 3, 4, 5, 6, 7, 8]
10101100#[0, 1, 2, 3, 4, 5, 6, 7, 8]
1003000#[0, 1, 2, 3, 4, 5, 6, 7, 8]
10012000#[0, 1, 2, 3, 4, 5, 6, 7, 8]
100100110#[0, 1, 2, 3, 4, 5, 6, 7, 8]
110001010#[0, 1, 2, 3, 4, 5, 6, 7, 8]
3010000#[0, 1, 2, 3, 4, 5, 6, 7, 8]
111100#[0, 1, 2, 3, 4, 5, 6, 7, 8]
200000020#[0, 1, 2, 3, 4, 5, 6, 7, 8]
21000001#[0, 1, 2, 3, 4, 5, 6, 7, 8]
200001001#[0, 1, 2, 3, 4, 5, 6, 7, 8]
10000030#[0, 1, 2, 3, 4, 5, 6, 7, 8]
21001#[0, 1, 2, 3, 4, 5, 6, 7, 8]
21000010#[0, 1, 2, 3, 4, 5, 6, 7, 8]
200200#[0, 1, 2, 3, 4, 5, 6, 7, 8]
101000200#[0, 1, 2, 3, 4, 5, 6, 7, 8]
10000021#[0, 1, 2, 3, 4, 5, 6, 7, 8]
100011001#[0, 1, 2, 3, 4, 5, 6, 7, 8]
2110000#[0, 1, 2, 3, 4, 5, 6, 7, 8]
20020000#[0, 1, 2, 3, 4, 5, 6, 7, 8]
21010#[0, 1, 2, 3, 4, 5, 6, 7, 8]
110101#[0, 1, 2, 3, 4, 5, 6, 7, 8]
10000012#[0, 1, 2, 3, 4, 5, 6, 7, 8]
1002010#[0, 1, 2, 3, 4, 5, 6, 7, 8]
100012000#[0, 1, 2, 3, 4, 5, 6, 7, 8]
1010200#[0, 1, 2, 3, 4, 5, 6, 7, 8]
10000000#[0, 1, 2, 3, 4, 5, 6, 7, 8]
200001010#[0, 1, 2, 3, 4, 5, 6, 7, 8]
100101100#[0, 1, 2, 3, 4, 5, 6, 7, 8]
10000003#[0, 1, 2, 3, 4, 5, 6, 7, 8]
220000000#[0, 1, 2, 3, 4, 5, 6, 7, 8]
1002001#[0, 1, 2, 3, 4, 5, 6, 7, 8]
110110#[0, 1, 2, 3, 4, 5, 6, 7, 8]
20002#[0, 1, 2, 3, 4, 5, 6, 7, 8]
1001002#[0, 1, 2, 3, 4, 5, 6, 7, 8]
20011#[0, 1, 2, 3, 4, 5, 6, 7, 8]
10002100#[0, 1, 2, 3, 4, 5, 6, 7, 8]
30000100#[0, 1, 2, 3, 4, 5, 6, 7, 8]
1300000#[0, 1, 2, 3, 4, 5, 6, 7, 8]
1001020#[0, 1, 2, 3, 4, 5, 6, 7, 8]
20020#[0, 1, 2, 3, 4, 5, 6, 7, 8]
102100000#[0, 1, 2, 3, 4, 5, 6, 7, 8]
120010000#[0, 1, 2, 3, 4, 5, 6, 7, 8]
200002000#[0, 1, 2, 3, 4, 5, 6, 7, 8]
1001011#[0, 1, 2, 3, 4, 5, 6, 7, 8]
30000010#[0, 1, 2, 3, 4, 5, 6, 7, 8]
1000012#[0, 1, 2, 3, 4, 5, 6, 7, 8]
100100020#[0, 1, 2, 3, 4, 5, 6, 7, 8]
30000001#[0, 1, 2, 3, 4, 5, 6, 7, 8]
11020000#[0, 1, 2, 3, 4, 5, 6, 7, 8]
10210000#[0, 1, 2, 3, 4, 5, 6, 7, 8]
1000003#[0, 1, 2, 3, 4, 5, 6, 7, 8]
111010000#[0, 1, 2, 3, 4, 5, 6, 7, 8]
10001110#[0, 1, 2, 3, 4, 5, 6, 7, 8]
1000000#[0, 1, 2, 3, 4, 5, 6, 7, 8]
1000030#[0, 1, 2, 3, 4, 5, 6, 7, 8]
110200000#[0, 1, 2, 3, 4, 5, 6, 7, 8]
211000000#[0, 1, 2, 3, 4, 5, 6, 7, 8]
10001101#[0, 1, 2, 3, 4, 5, 6, 7, 8]
100100002#[0, 1, 2, 3, 4, 5, 6, 7, 8]
103000#[0, 1, 2, 3, 4, 5, 6, 7, 8]
1000021#[0, 1, 2, 3, 4, 5, 6, 7, 8]
100100011#[0, 1, 2, 3, 4, 5, 6, 7, 8]
12001000#[0, 1, 2, 3, 4, 5, 6, 7, 8]
10000120#[0, 1, 2, 3, 4, 5, 6, 7, 8]
100101010#[0, 1, 2, 3, 4, 5, 6, 7, 8]
21001000#[0, 1, 2, 3, 4, 5, 6, 7, 8]
21100#[0, 1, 2, 3, 4, 5, 6, 7, 8]
102001#[0, 1, 2, 3, 4, 5, 6, 7, 8]
100020100#[0, 1, 2, 3, 4, 5, 6, 7, 8]
10000111#[0, 1, 2, 3, 4, 5, 6, 7, 8]
110200#[0, 1, 2, 3, 4, 5, 6, 7, 8]
1002100#[0, 1, 2, 3, 4, 5, 6, 7, 8]
102010#[0, 1, 2, 3, 4, 5, 6, 7, 8]
10000102#[0, 1, 2, 3, 4, 5, 6, 7, 8]
100101001#[0, 1, 2, 3, 4, 5, 6, 7, 8]
1001101#[0, 1, 2, 3, 4, 5, 6, 7, 8]
1210000#[0, 1, 2, 3, 4, 5, 6, 7, 8]
102010000#[0, 1, 2, 3, 4, 5, 6, 7, 8]
20101#[0, 1, 2, 3, 4, 5, 6, 7, 8]
3001000#[0, 1, 2, 3, 4, 5, 6, 7, 8]
300000100#[0, 1, 2, 3, 4, 5, 6, 7, 8]
400000#[0, 1, 2, 4, 5, 6, 7, 8]
100102000#[0, 1, 2, 3, 4, 5, 6, 7, 8]
101200000#[0, 1, 2, 3, 4, 5, 6, 7, 8]
202000000#[0, 1, 2, 3, 4, 5, 6, 7, 8]
101002#[0, 1, 2, 3, 4, 5, 6, 7, 8]
20110#[0, 1, 2, 3, 4, 5, 6, 7, 8]
101011#[0, 1, 2, 3, 4, 5, 6, 7, 8]
20100001#[0, 1, 2, 3, 4, 5, 6, 7, 8]
20100010#[0, 1, 2, 3, 4, 5, 6, 7, 8]
1001110#[0, 1, 2, 3, 4, 5, 6, 7, 8]
101020#[0, 1, 2, 3, 4, 5, 6, 7, 8]
200010100#[0, 1, 2, 3, 4, 5, 6, 7, 8]
10003000#[0, 1, 2, 3, 4, 5, 6, 7, 8]
1000111#[0, 1, 2, 3, 4, 5, 6, 7, 8]
30001000#[0, 1, 2, 3, 4, 5, 6, 7, 8]
100000#[0, 1, 2, 3, 4, 5, 6, 7, 8]
100003#[0, 1, 2, 3, 4, 5, 6, 7, 8]
12010000#[0, 1, 2, 3, 4, 5, 6, 7, 8]
1000102#[0, 1, 2, 3, 4, 5, 6, 7, 8]
11200000#[0, 1, 2, 3, 4, 5, 6, 7, 8]
112000000#[0, 1, 2, 3, 4, 5, 6, 7, 8]
100012#[0, 1, 2, 3, 4, 5, 6, 7, 8]
100021#[0, 1, 2, 3, 4, 5, 6, 7, 8]
1000120#[0, 1, 2, 3, 4, 5, 6, 7, 8]
20101000#[0, 1, 2, 3, 4, 5, 6, 7, 8]
2020000#[0, 1, 2, 3, 4, 5, 6, 7, 8]
100030#[0, 1, 2, 3, 4, 5, 6, 7, 8]
10010200#[0, 1, 2, 3, 4, 5, 6, 7, 8]
10002010#[0, 1, 2, 3, 4, 5, 6, 7, 8]
110000200#[0, 1, 2, 3, 4, 5, 6, 7, 8]
13000#[0, 1, 2, 3, 4, 5, 6, 7, 8]
10002001#[0, 1, 2, 3, 4, 5, 6, 7, 8]
20011000#[0, 1, 2, 3, 4, 5, 6, 7, 8]
120001000#[0, 1, 2, 3, 4, 5, 6, 7, 8]
102100#[0, 1, 2, 3, 4, 5, 6, 7, 8]
100020001#[0, 1, 2, 3, 4, 5, 6, 7, 8]
11110000#[0, 1, 2, 3, 4, 5, 6, 7, 8]
100020010#[0, 1, 2, 3, 4, 5, 6, 7, 8]
300000001#[0, 1, 2, 3, 4, 5, 6, 7, 8]
12001#[0, 1, 2, 3, 4, 5, 6, 7, 8]
100110100#[0, 1, 2, 3, 4, 5, 6, 7, 8]
21000100#[0, 1, 2, 3, 4, 5, 6, 7, 8]
10001020#[0, 1, 2, 3, 4, 5, 6, 7, 8]
3000010#[0, 1, 2, 3, 4, 5, 6, 7, 8]
20200#[0, 1, 2, 3, 4, 5, 6, 7, 8]
200100100#[0, 1, 2, 3, 4, 5, 6, 7, 8]
12010#[0, 1, 2, 3, 4, 5, 6, 7, 8]
300000010#[0, 1, 2, 3, 4, 5, 6, 7, 8]
10001011#[0, 1, 2, 3, 4, 5, 6, 7, 8]
3000001#[0, 1, 2, 3, 4, 5, 6, 7, 8]
101101#[0, 1, 2, 3, 4, 5, 6, 7, 8]
200010010#[0, 1, 2, 3, 4, 5, 6, 7, 8]
10001002#[0, 1, 2, 3, 4, 5, 6, 7, 8]
310000#[0, 1, 2, 3, 4, 5, 6, 7, 8]
101110000#[0, 1, 2, 3, 4, 5, 6, 7, 8]
101110#[0, 1, 2, 3, 4, 5, 6, 7, 8]
200010001#[0, 1, 2, 3, 4, 5, 6, 7, 8]
11002#[0, 1, 2, 3, 4, 5, 6, 7, 8]
10300000#[0, 1, 2, 3, 4, 5, 6, 7, 8]
100021000#[0, 1, 2, 3, 4, 5, 6, 7, 8]
1001200#[0, 1, 2, 3, 4, 5, 6, 7, 8]
111100000#[0, 1, 2, 3, 4, 5, 6, 7, 8]
2100001#[0, 1, 2, 3, 4, 5, 6, 7, 8]
11011#[0, 1, 2, 3, 4, 5, 6, 7, 8]
1000201#[0, 1, 2, 3, 4, 5, 6, 7, 8]
100102#[0, 1, 2, 3, 4, 5, 6, 7, 8]
300001000#[0, 1, 2, 3, 4, 5, 6, 7, 8]
3000100#[0, 1, 2, 3, 4, 5, 6, 7, 8]
2100010#[0, 1, 2, 3, 4, 5, 6, 7, 8]
11020#[0, 1, 2, 3, 4, 5, 6, 7, 8]
100111#[0, 1, 2, 3, 4, 5, 6, 7, 8]
21010000#[0, 1, 2, 3, 4, 5, 6, 7, 8]
10000#[0, 1, 2, 3, 4, 5, 6, 7, 8]
11011000#[0, 1, 2, 3, 4, 5, 6, 7, 8]
1120000#[0, 1, 2, 3, 4, 5, 6, 7, 8]
200011000#[0, 1, 2, 3, 4, 5, 6, 7, 8]
10003#[0, 1, 2, 3, 4, 5, 6, 7, 8]
210010000#[0, 1, 2, 3, 4, 5, 6, 7, 8]
100120#[0, 1, 2, 3, 4, 5, 6, 7, 8]
10012#[0, 1, 2, 3, 4, 5, 6, 7, 8]
1000210#[0, 1, 2, 3, 4, 5, 6, 7, 8]
10021#[0, 1, 2, 3, 4, 5, 6, 7, 8]
2101000#[0, 1, 2, 3, 4, 5, 6, 7, 8]
10030000#[0, 1, 2, 3, 4, 5, 6, 7, 8]
110020000#[0, 1, 2, 3, 4, 5, 6, 7, 8]
10030#[0, 1, 2, 3, 4, 5, 6, 7, 8]
10201000#[0, 1, 2, 3, 4, 5, 6, 7, 8]
10000300#[0, 1, 2, 3, 4, 5, 6, 7, 8]
111001000#[0, 1, 2, 3, 4, 5, 6, 7, 8]
130000000#[0, 1, 2, 3, 4, 5, 6, 7, 8]
12100#[0, 1, 2, 3, 4, 5, 6, 7, 8]
100110001#[0, 1, 2, 3, 4, 5, 6, 7, 8]
200100010#[0, 1, 2, 3, 4, 5, 6, 7, 8]
200100001#[0, 1, 2, 3, 4, 5, 6, 7, 8]
100110010#[0, 1, 2, 3, 4, 5, 6, 7, 8]
101200#[0, 1, 2, 3, 4, 5, 6, 7, 8]
10200010#[0, 1, 2, 3, 4, 5, 6, 7, 8]
111000010#[0, 1, 2, 3, 4, 5, 6, 7, 8]
30010000#[0, 1, 2, 3, 4, 5, 6, 7, 8]
10200001#[0, 1, 2, 3, 4, 5, 6, 7, 8]
100200100#[0, 1, 2, 3, 4, 5, 6, 7, 8]
111000001#[0, 1, 2, 3, 4, 5, 6, 7, 8]
11101#[0, 1, 2, 3, 4, 5, 6, 7, 8]
201000100#[0, 1, 2, 3, 4, 5, 6, 7, 8]
1000300#[0, 1, 2, 3, 4, 5, 6, 7, 8]
220000#[0, 1, 2, 3, 4, 5, 6, 7, 8]
200101000#[0, 1, 2, 3, 4, 5, 6, 7, 8]
101020000#[0, 1, 2, 3, 4, 5, 6, 7, 8]
11110#[0, 1, 2, 3, 4, 5, 6, 7, 8]
2011000#[0, 1, 2, 3, 4, 5, 6, 7, 8]
100201#[0, 1, 2, 3, 4, 5, 6, 7, 8]
11100100#[0, 1, 2, 3, 4, 5, 6, 7, 8]
100111000#[0, 1, 2, 3, 4, 5, 6, 7, 8]
100210#[0, 1, 2, 3, 4, 5, 6, 7, 8]
20200000#[0, 1, 2, 3, 4, 5, 6, 7, 8]
121000000#[0, 1, 2, 3, 4, 5, 6, 7, 8]
11010001#[0, 1, 2, 3, 4, 5, 6, 7, 8]
10102#[0, 1, 2, 3, 4, 5, 6, 7, 8]
1201000#[0, 1, 2, 3, 4, 5, 6, 7, 8]
102001000#[0, 1, 2, 3, 4, 5, 6, 7, 8]
11010010#[0, 1, 2, 3, 4, 5, 6, 7, 8]
1030000#[0, 1, 2, 3, 4, 5, 6, 7, 8]
10111#[0, 1, 2, 3, 4, 5, 6, 7, 8]
20110000#[0, 1, 2, 3, 4, 5, 6, 7, 8]
2010010#[0, 1, 2, 3, 4, 5, 6, 7, 8]
120100000#[0, 1, 2, 3, 4, 5, 6, 7, 8]
10120#[0, 1, 2, 3, 4, 5, 6, 7, 8]
2010001#[0, 1, 2, 3, 4, 5, 6, 7, 8]
1200001#[0, 1, 2, 3, 4, 5, 6, 7, 8]
102000001#[0, 1, 2, 3, 4, 5, 6, 7, 8]
1200010#[0, 1, 2, 3, 4, 5, 6, 7, 8]
102000010#[0, 1, 2, 3, 4, 5, 6, 7, 8]
4000#[0, 1, 2, 3, 4, 6, 7, 8]
110110000#[0, 1, 2, 3, 4, 5, 6, 7, 8]
2100100#[0, 1, 2, 3, 4, 5, 6, 7, 8]
210100000#[0, 1, 2, 3, 4, 5, 6, 7, 8]
10001200#[0, 1, 2, 3, 4, 5, 6, 7, 8]
201000010#[0, 1, 2, 3, 4, 5, 6, 7, 8]
100200010#[0, 1, 2, 3, 4, 5, 6, 7, 8]
12000001#[0, 1, 2, 3, 4, 5, 6, 7, 8]
100200001#[0, 1, 2, 3, 4, 5, 6, 7, 8]
3001#[0, 1, 2, 3, 4, 5, 6, 7, 8]
201000001#[0, 1, 2, 3, 4, 5, 6, 7, 8]
12000010#[0, 1, 2, 3, 4, 5, 6, 7, 8]
11200#[0, 1, 2, 3, 4, 5, 6, 7, 8]
3010#[0, 1, 2, 3, 4, 5, 6, 7, 8]
11100010#[0, 1, 2, 3, 4, 5, 6, 7, 8]
100030000#[0, 1, 2, 3, 4, 5, 6, 7, 8]
11100001#[0, 1, 2, 3, 4, 5, 6, 7, 8]
1111000#[0, 1, 2, 3, 4, 5, 6, 7, 8]
10000210#[0, 1, 2, 3, 4, 5, 6, 7, 8]
301000#[0, 1, 2, 3, 4, 5, 6, 7, 8]
200020000#[0, 1, 2, 3, 4, 5, 6, 7, 8]
100300#[0, 1, 2, 3, 4, 5, 6, 7, 8]
101101000#[0, 1, 2, 3, 4, 5, 6, 7, 8]
100201000#[0, 1, 2, 3, 4, 5, 6, 7, 8]
130000#[0, 1, 2, 3, 4, 5, 6, 7, 8]
10000201#[0, 1, 2, 3, 4, 5, 6, 7, 8]
2002#[0, 1, 2, 3, 4, 5, 6, 7, 8]
12000100#[0, 1, 2, 3, 4, 5, 6, 7, 8]
201001000#[0, 1, 2, 3, 4, 5, 6, 7, 8]
400000000#[1, 2, 3, 4, 5, 6, 7, 8]
10201#[0, 1, 2, 3, 4, 5, 6, 7, 8]
100000300#[0, 1, 2, 3, 4, 5, 6, 7, 8]
10120000#[0, 1, 2, 3, 4, 5, 6, 7, 8]
2011#[0, 1, 2, 3, 4, 5, 6, 7, 8]
1110001#[0, 1, 2, 3, 4, 5, 6, 7, 8]
11101000#[0, 1, 2, 3, 4, 5, 6, 7, 8]
10210#[0, 1, 2, 3, 4, 5, 6, 7, 8]
2020#[0, 1, 2, 3, 4, 5, 6, 7, 8]
300001#[0, 1, 2, 3, 4, 5, 6, 7, 8]
101100001#[0, 1, 2, 3, 4, 5, 6, 7, 8]
1000#[0, 1, 2, 3, 4, 5, 6, 7, 8]
1110010#[0, 1, 2, 3, 4, 5, 6, 7, 8]
2010100#[0, 1, 2, 3, 4, 5, 6, 7, 8]
30100000#[0, 1, 2, 3, 4, 5, 6, 7, 8]
1003#[0, 1, 2, 3, 4, 5, 6, 7, 8]
101100010#[0, 1, 2, 3, 4, 5, 6, 7, 8]
300010#[0, 1, 2, 3, 4, 5, 6, 7, 8]
102000100#[0, 1, 2, 3, 4, 5, 6, 7, 8]
300010000#[0, 1, 2, 3, 4, 5, 6, 7, 8]
1012#[0, 1, 2, 3, 4, 5, 6, 7, 8]
1200100#[0, 1, 2, 3, 4, 5, 6, 7, 8]
310000000#[0, 1, 2, 3, 4, 5, 6, 7, 8]
1021#[0, 1, 2, 3, 4, 5, 6, 7, 8]
