3203120
311300
2
303110
311303
1032203
3113003
303104
1032200
3113000
213002
2400302
11
303113
14
3031103
2302001
3031100
20
303122
2302004
23
2310203
2302010
2310200
213023
2302013
213020
303131
32
303140
4022300
2220032
311330
41000
1032230
41
3301400
213032
41003
44
3203102
3031040
2130020
41030
2130023
41033
2130032
1032302
2400320
303200
2302022
101
303203
303212
104
3113030
2302031
110
303221
113
2130002
221303
3031130
2310230
221300
303230
122
2302040
123002
3023021
131
134
4301000
2220200
4301003
2220203
3023012
3031202
140
123020
123023
1032320
143
2302130
221330
2310320
3023030
123032
3031220
4301030
3203201
2302103
3023003
3023000
2302100
3203210
2310302
303302
2040023
200
2040020
203
303311
213203
3023102
213200
3203300
212
2302202
303320
2040002
221
224
131303
230
131300
2220230
233
33002
213230
242
33011
33014
33020
2040032
33023
131330
2220320
33032
33041
2130230
3031310
3031301
303401
302
2220302
2302220
213302
303410
311
2130200
314
2130203
3023120
320
2204000
123200
2204003
123203
323
3023210
2302310
3031400
213320
332
33101
3023201
33104
41300
341
33110
41303
344
33113
3400040
2130302
2204030
123230
33122
3400022
33131
3400031
3400001
41330
33140
3400004
3400010
3113300
2302301
3400013
2032031
3310001
3310004
3310010
2032022
3310013
401
2032013
2040203
3400103
404
2032010
410003
410000
2040200
3400100
410
2032004
413
2032001
422
123302
410030
431
2130320
33200
434
33203
4301300
2032040
410033
440
2040230
123320
4203002
443
33212
33221
1303001
33230
1303004
2302400
1303031
3023300
3310040
1303010
2040302
3400130
3310022
1303013
2032103
2032100
1303022
3310031
3310130
320000
320003
3220022
320012
4031030
3220031
3220001
320021
1303040
3220004
33302
320030
3220010
3220013
320024
2032130
2040320
33311
4031000
320033
3310103
4031003
3310100
33320
1303103
320042
1303100
3400220
3400202
2024030
3302003
3302000
1000013
2032220
1000010
3400310
3310202
1303130
1000004
4203020
1000001
3302012
1000031
402002
2032202
1000022
2024003
2024000
3400301
402023
402020
320102
1000043
1000040
1000034
230003
230000
402032
3220040
33401
320120
443000
230012
320123
4203200
3130031
320132
33410
230021
3130022
230024
230030
230033
3220130
3130040
230042
1303220
1000103
2032310
1000100
2204300
1303202
2032301
3130013
3220100
3130010
3220103
3302021
410303
410300
3130004
3302030
3130001
3310220
312002
320204
1000133
1000130
3220220
320201
3212030
312020
4023020
3212000
320213
3212003
312023
3310310
230102
320210
3130103
320222
3302120
3130100
3220202
410330
140003
140000
3400400
320231
312032
3302102
4023002
230123
230120
3310301
320240
230132
140030
140033
1000202
3040040
3302201
2032400
1000223
1000220
1303301
1303310
402203
402200
1033004
3040013
3040010
1033001
1000232
320300
3040004
320303
3040001
402230
1033022
222002
3040031
3040022
1033013
230201
320312
1033010
3130130
230204
3122030
230210
3130220
222023
320321
230213
222020
1033031
3040103
3040100
230222
320330
222032
230231
1033040
1000301
230240
3220310
3302210
2024300
3310400
3130202
1000313
402302
4031300
1000310
1303400
3122003
3220301
1000304
3122000
1033103
304004
1000334
3220400
1033100
1000331
3204020
304001
304013
312200
1000322
304010
312203
3130301
3204002
304022
402320
320402
1000343
1000340
304031
230303
4023200
230300
132002
320420
312230
1033130
230312
3040130
304040
3302300
4310000
4310003
230321
132023
132020
230330
4400003
132032
4400000
1000403
4400030
1000400
304100
1000430
3032012
304103
3040202
3130310
1001
312302
1004
3032003
3032000
3032030
3040220
1010
1013
222203
222200
3032021
1033202
1000433
1022
230402
3040301
312320
304130
2303012
1031
3032102
1034
1033220
140303
2303021
140300
3130400
1040
42002
1043
2303030
222230
3032120
230420
3040310
4220000
4220003
42020
42023
140330
42032
2303003
2303000
3212300
4220030
1320020
1320023
1100
304202
4310030
1103
1033310
3122300
1320002
3204200
304220
1033301
2303102
222302
132203
132200
1130
1133
222320
1320032
2000030
132230
4302020
2000024
2213030
2000021
2000012
2000003
2000000
1230002
3032201
2213000
304301
2213003
3024002
304310
1202
2303120
2000042
1033400
3024020
3032210
3040400
2000033
3032300
1230032
2303201
1220
1223
2303210
132302
1232
4130030
34001
34004
1230023
1230020
2123000
42200
34010
2123003
42203
34013
132320
2000123
2000120
34022
4130003
4400300
4130000
34031
4302002
42230
2000102
34040
304400
1301
3401003
1304
2000132
3401000
1320200
1310
1320203
1313
1322
1320230
1331
34100
2123030
1334
34103
4302200
1340
42302
1343
2000222
2000213
2000210
42320
2000204
34130
2000201
4310300
2033021
4040030
3024200
2303300
1230203
1230200
2033012
2000243
2000240
2033003
2000234
3401030
2033000
1400
2000231
1320302
1403
4040000
4040003
1230230
3311030
1320320
2213300
1430
2033030
1433
34202
2000312
3311003
3311000
34220
2000303
2000300
4130300
2000342
4220300
1230302
1304030
1304003
2033102
2000333
1304000
2000330
2000324
2000321
1230320
321002
321020
321023
34301
2033120
2123300
34310
2000402
321032
3221030
1001003
2033210
1001000
4032020
2033201
2000432
2000423
3221000
2000420
3221003
403004
4032002
403001
403013
403010
1001033
403022
1001030
4040300
403031
3303011
3131003
3131000
231002
3303020
34400
403040
3401300
3303002
231023
231020
231032
2033300
2320040
3303101
403103
403100
100001
2320001
100004
2320004
313004
2320010
100010
100013
313001
2320013
313013
321200
2320022
313010
100022
321203
3131030
313022
2320031
403130
100031
3000044
100034
313031
2320103
3000041
3041003
3041000
2320100
100040
2402030
100043
321230
3000032
2230001
313040
2230004
2230010
2230013
3000014
3000011
3213020
3000002
2402000
3303110
4032200
3311300
2402003
3000020
3000023
3213002
1304300
3000110
403202
3221300
100100
3000104
100103
313100
3000101
313103
10001
3303200
403220
321302
10004
3123002
3000122
223001
10010
1034003
3000113
10013
1034000
223004
231203
2320130
1034030
223010
231200
100130
2230022
100133
223013
10022
3041030
321320
2230031
223022
313130
10031
10034
223031
10040
2230040
10043
231230
223040
2230130
1001303
1001300
2312003
3000140
3000143
2312000
3123020
403301
403310
2320202
100202
3000134
3000131
10100
2230103
2230100
313202
10103
1001333
223103
2312030
1001330
100220
100223
2320220
223100
313220
3033002
3000233
231302
100232
3000230
3131300
133001
3000224
2320301
133004
133010
2222000
3033020
2222003
10130
2320310
10133
133013
2230202
223130
231320
133022
3033011
3000242
3213200
3000200
133031
3000203
3000221
133040
3000212
3000302
100301
403400
2000
100304
313301
2003
100310
3000314
2402300
100313
313310
10202
3000311
2012
223202
100322
2021
2024
100331
10220
133103
2230220
2030
133100
2222030
100334
10223
2033
100340
100343
223220
10232
43001
2042
43004
2132000
43010
2132003
2230310
43013
133130
43022
43031
2132030
43040
3000332
2304002
3033101
3000320
3000323
3123200
100400
100403
2320400
1034300
2102
2304020
3033110
3000341
3041300
313400
10301
2230301
10304
3000431
223301
10310
2120
10313
2123
3000422
223310
2312300
100430
133202
100433
10322
2132
3000440
3410030
10331
43100
3033200
10334
43103
2001023
2001020
3410000
10340
133220
3410003
10343
1403000
1403003
3000413
2001002
3000410
3000404
43130
3000401
1403030
2042003
2042000
2001032
2201
2204
10400
2230400
2210
10403
420002
2213
223400
2222
2042030
420023
420020
133301
2231
2234
133310
4303100
10430
2240
10433
43202
2243
420032
43220
4303001
4303010
3320021
2304200
3320030
1100030
1100000
3320003
3320000
1100003
1313000
2300
2222300
3320012
1313003
2303
3230000
3230003
2312
3320120
3230012
1100033
2321
1313030
3320102
2324
4000040
4000043
330002
3402020
2330
133400
330014
2333
330011
4000034
330020
3402002
4000031
330023
43301
2342
4000022
2001203
2001200
43310
4000013
330032
4000010
4000004
4000001
330041
3410300
1223003
1223000
2034002
2001233
2001230
4000100
4000103
1010003
1010000
1010030
2402
1223030
2132300
420203
420200
330101
3230021
2420
2423
2034020
330110
330104
1010033
3230030
420230
2432
240002
330113
2001302
43400
3140003
3140000
330122
3140030
240023
330131
240020
3230120
330140
3320210
2042300
240032
3312020
3230102
2001332
3312002
1403300
2001323
2001320
4000133
3320201
4000130
3222002
3230201
420302
4033010
322004
4033001
4000232
322001
1133000
322013
1133003
330200
3320300
330203
322010
4000220
330212
4000223
322022
420320
330221
3402200
322031
330230
4000202
1133030
322040
1313300
4000313
2034200
4000310
4000304
4000301
1100300
1002002
1100303
404003
404000
1002023
1002020
322100
3230210
322103
1043003
3222020
1043000
404030
1100330
330302
1100333
1002032
232001
330311
232004
2321003
240203
232010
2321000
240200
3132002
232013
330320
232022
322130
1043030
3132020
232031
240230
4000340
232040
3230300
1010303
4033100
1010300
3304001
4000331
3304010
3312200
4000322
3001004
3001001
3222200
101000
101003
1010333
4000430
3001022
314000
1010330
1223300
3304100
314003
3001013
2403002
322202
3001010
232103
330401
2321030
232100
101030
101033
322220
314030
4000400
240302
4000403
330410
232130
240320
3042020
2231030
1002203
1002200
3140300
1133300
3001034
2403020
3001031
1002233
11000
2231003
1002230
322301
2231000
11003
3042002
3001040
3001043
224003
3001133
2100002
322310
224000
3132200
3001130
2313002
232202
2100020
11030
2100023
11033
224030
2313020
232220
3001100
3001103
1002302
4230002
1330004
4320002
1330001
1330013
404300
1330010
1002332
4320020
1002323
1002320
3001202
2100032
322400
1043300
1330040
232301
134003
1330022
134000
232310
1330031
4320200
2010002
134030
2223020
1330100
1330103
2403200
3001220
3001223
2010032
3034010
101300
101303
3042200
2321300
314300
2010023
2010020
3002
2223002
3001232
3034001
3011
4230020
1330130
3014
3001322
2100200
2100203
3020
3001313
3023
3001340
2313200
232400
101330
101333
3032
3034100
3001331
44000
3041
44003
3044
3001310
3001304
3001301
44030
1322000
1322003
1330202
3001400
3001403
3101
3104
11300
2231300
2100230
3110
11303
2100233
3113
2133002
224300
3122
1330220
1322030
3131
2133020
3134
2100320
2223200
11330
2100323
2002013
2002010
3140
2010203
11333
2010200
3143
2002004
2100332
2002001
2043002
2002043
2002040
2010233
2010230
1330301
2002034
2100302
2002031
4230200
2002022
3001430
3200
3203
1232030
3212
3321020
1232003
1232000
1330310
2043020
3221
3321002
3224
3230
134300
2010302
3233
2002103
2002100
3242
4304000
2010332
3403001
2002133
2002130
2010323
2010320
4001000
4001003
3302
3311
2133200
3314
1330400
3320
331004
3323
331001
331013
2420000
3332
2002202
2420003
331010
331022
44300
3341
331031
2420030
3231020
331040
2002232
1322300
3231002
2002223
3403010
2002220
4001033
4001030
200003
3313010
3100013
3321200
200000
3100010
3401
3100004
3404
413003
3100001
413000
200012
3100031
3410
3413
200021
3100022
331100
331103
200024
3313001
200030
3422
2043200
413030
200033
2002301
3431
200042
3403100
3440
331130
2002331
2330021
2002322
2330030
2002313
2002310
2002304
3100043
200102
3100040
3100034
2330003
110000
110003
2330000
200123
2002340
200120
323000
1232300
323003
2330012
323012
3010031
200132
331202
323021
3100133
3010022
3100130
110030
110033
3231200
331220
323030
3223010
2330102
3010040
3010043
3010034
2002430
3223001
3100103
3100100
4034000
3010013
1003004
1003001
3010010
3010004
3010001
2002403
2002400
3313100
1003022
3100202
1003013
200201
1003010
3223100
4001330
200204
3100223
200210
3100220
1003034
200213
1003031
3010100
3010103
323102
200222
20000
331301
2240003
2240000
20003
200231
233003
4001300
200234
4001303
233000
2330120
331310
1003043
20012
1003040
200243
200240
323120
20021
233012
20024
2240030
20030
233021
2330210
20033
233030
2322020
20042
1003103
1003100
3133001
3100232
2420300
200303
200300
2322002
1003133
413300
102002
1003130
3010133
2330201
200312
3133010
3010130
3010220
200321
3010223
3002030
3133100
3100331
102020
323201
3002024
102023
20102
200324
3002021
200330
3100322
233102
331400
200333
323210
102032
200342
3010232
3043001
3002042
20120
143003
143000
3100340
20123
3002033
2330300
3100301
233120
20132
3002012
143030
3100313
3010202
3100310
3002000
3002003
3100304
1003202
3010301
200402
1003223
1003220
3002102
3100403
110300
110303
3100400
323300
2232002
12002
200423
200420
20201
3043010
20204
1003232
233201
20210
200432
12020
20213
2232020
12023
233210
110330
110333
20222
12032
20231
3010340
20234
2240300
20240
20243
1003310
3100430
3010313
3002120
3002123
1003304
1003301
3010310
1331000
3010304
1331003
3043100
1003322
3010331
102200
3002132
102203
2322200
1003313
3010322
3420020
1331030
1003340
3002222
3002213
20300
1003331
3010400
3010403
20303
3002210
3010430
3420002
233300
102230
102233
20312
3002231
20321
20324
20330
20333
3002204
3002201
20342
4403000
4100030
1003403
1200023
1200020
1003400
1200002
3002300
3002303
4100003
4100000
102302
4001
4004
12200
1003430
2232200
4010
12203
3002240
4013
102320
1200032
430004
102323
20402
4022
430001
430013
430010
102332
4031
430022
4034
20420
143300
12230
20423
4040
430031
12233
4043
20432
3330020
430040
3330002
3002312
4313000
3330011
1323002
3002330
3002321
4100033
4100
4103
3330101
4010033
3330110
12302
3002402
430103
430100
4010030
1323020
3002420
3420200
12320
340004
4130
12323
340001
2003003
4133
2003000
340013
12332
4010000
4010003
340010
340022
430130
340031
2003033
2003030
340040
2003024
2003021
4223000
1200203
1200200
2003012
3240020
4202
1020002
1233020
1331300
3240002
1200230
422003
422000
1233002
1020023
1200233
1020020
2003042
430202
4220
4223
2003102
340100
340103
422030
4232
430220
1020032
2003132
3322001
340130
3322010
3330200
2003123
2003120
4133000
1200302
4043000
3322100
4002032
4301
4304
1200323
1200320
3404000
4100330
1323200
4310
4002020
4313
4002023
430301
1200332
430310
4322
332000
332003
332012
4331
4002002
340202
332021
4100303
4100300
4340
340220
332030
4010300
2003231
4010303
2003222
2003213
2003210
2003204
2003201
1233200
1020203
1020200
201002
3232001
4400
4403
2003240
3240200
3232010
201023
201020
332102
1020233
3101033
430400
340301
1020230
3101030
201032
4430
242003
242000
340310
3232100
2331002
332120
3314000
3101003
4010330
2003321
3101000
242030
2003312
2003303
2003300
1020302
4002230
3011000
3011003
422300
2003330
1020332
4002200
4002203
324002
1020323
332201
2331020
1020320
324020
340400
332210
2003420
4002302
2200034
2200040
2200043
2003402
2200001
1430000
2200004
1430003
2200010
2200013
1004003
1004000
201203
1004030
3224000
201200
3011033
2200022
3011030
2200031
2200100
2200103
332300
21002
201230
1004033
234002
201233
2323001
1430030
21020
3134000
21023
234020
21032
4002320
4330100
4330001
201302
3003002
4330010
3101303
103001
3101300
103004
2323010
2331200
2200130
103010
2200133
103013
201323
1340030
201320
324200
103022
1340000
103031
1340003
201332
103034
242300
103040
103043
2200232
2233001
3003041
3044000
2233010
4322000
3003020
2020031
3003023
2020022
2200202
3003014
3003011
2020013
2020010
3003032
2020004
2200220
3101330
103100
2200223
103103
2323100
2020001
3003113
3011300
13001
3011303
3003110
2200301
13004
3003104
2102000
21200
2200304
13010
2102003
21203
2020043
13013
2020040
3003131
2200310
2200313
234200
103130
2020034
103133
13022
3003122
13031
13034
21230
13040
3003101
21233
13043
4232000
1004303
1004300
1430300
2020103
2020100
1332020
2200322
103202
1004330
3003140
2200331
13100
2233100
2102030
3011330
13103
2102033
2200340
103220
1332002
103223
21302
2020133
2020130
103232
21320
13130
21323
13133
2200430
21332
2012030
2020223
3003212
2020220
3003200
3003203
2200400
2200403
3003230
2020202
3003221
2012003
2012000
3003311
103301
103304
3003302
3331001
103310
103313
13202
3003320
2020232
1340300
103322
431003
431000
2012033
103331
13220
13223
103340
431030
13232
2020313
2020310
2020304
2020301
300002
103400
2020340
103403
300014
300011
300020
3331010
300023
2020331
13301
13304
1332200
2020322
13310
13313
300032
103430
300044
13322
341000
300041
341003
3200033
13331
2430002
2102330
3200042
13340
341030
3003401
3200021
3200024
2004023
2004020
2020403
3200030
2020400
3331100
3200000
3200003
2102300
2004002
3413000
3200012
2102303
3003410
300101
3200120
3323000
300110
3200123
300104
2020430
210002
300113
3200102
13400
13403
3110003
423002
2004032
300122
3110000
2430020
300134
210023
210020
300131
300140
423020
300143
210032
13430
4003004
2340002
4003001
1103000
1103003
2012303
2012300
2340020
3110030
1103030
1103033
300200
300203
300212
2012330
3200132
300221
3110033
3200240
300230
431300
3020012
120002
300224
3020003
300233
3020000
333002
3020030
120020
120023
3020024
300242
333011
3200231
3233000
333020
3020021
4003040
2430200
120032
3200210
3200213
4003031
3200222
4003022
2004203
2004200
4003013
3200201
3200204
4003010
1013003
4003130
1013000
3200312
300302
202001
300311
202004
2004230
210203
202010
210200
3200300
3102002
202013
300314
3200303
4003100
4003103
300320
3020042
202022
1013033
423200
300323
300332
333101
1013030
202031
3020033
202034
341300
300341
30002
333110
210230
202043
243002
210233
202040
30011
30014
2332001
30020
30023
2332010
3020132
2340200
243020
30032
2004302
30041
30044
3102023
3020102
3102020
300404
3200321
202103
3020123
300401
3020120
3143000
202100
300413
3200330
210302
2004320
300410
3102032
3020204
300422
3020201
2201000
120200
2201003
120203
300431
3012002
210323
3020222
202130
210320
3200420
333200
3110330
30101
202133
30104
3012020
3012023
3020213
3020210
300440
30110
210332
30113
3200402
120230
120233
4003220
30122
3110303
3110300
30131
30134
4331000
30140
4003202
30143
4003310
1103300
3102203
1103303
3102200
4003301
202202
2332100
2201030
2201033
3020231
202223
3012032
120302
202220
22001
1103330
22004
30200
22010
30203
202232
22013
3020240
120320
4200002
120323
2324000
243200
3020330
30212
22022
120332
30221
3020321
22031
30224
22034
4200020
30230
4200023
22040
30233
22043
4200032
3020303
3020300
30242
1300022
1300031
1300001
3020312
1300004
1013303
1300010
3102230
1013300
1300013
202301
3004013
104000
104003
202304
3430001
202310
3012200
3012203
3004010
3004004
202313
3004001
3430010
1300034
202322
3004031
22100
22103
1300043
202331
1300040
3004022
3020402
1013330
30302
3102320
104030
104033
202340
30311
30314
30320
3102302
22130
30323
4003400
22133
30332
30341
1300103
2021003
2021000
1300100
202403
202400
3004040
3020420
3012230
14000
1300130
2234000
14003
1300133
2021033
2021030
22202
202430
30401
30404
440003
440000
30410
2103020
22220
3012320
30413
14030
2103023
22223
3004130
14033
2201330
3340001
30422
2103032
440030
3340010
22232
30431
3430100
3012302
30440
3004100
3004103
1300223
1300220
2201300
2201303
1300202
2103002
3422000
1333010
3004202
4020020
4020023
3004220
1300232
1333001
22301
4020002
22304
22310
22313
4200302
22322
22331
1202003
2013023
1202000
2013020
1300304
22340
1300310
4200200
1300313
4200203
2013002
1300301
1202033
4200230
1300340
104300
104303
1300322
1030013
1030010
2013032
3340100
1333100
1300331
1030004
1202030
4020032
1030001
2103200
1030031
22400
2103203
22403
432002
1030022
104330
3332000
432020
1030043
1030040
1030034
2103230
22430
1300403
3004301
1300400
2021303
2021300
3004310
4200320
301004
2021330
3201020
301001
3201023
301013
4020200
4020203
301010
1030103
3201002
301022
1030100
14300
1300430
3004400
14303
301031
440300
301034
301040
342002
301043
1030133
14330
1030130
342020
2013203
2013200
3242000
2103302
301100
301103
2013230
1030202
2103320
3201032
4020230
1022003
1022000
2300003
1030223
1022030
2300000
1030220
301133
432200
301130
2300012
2300021
1030232
2300024
2300030
4020320
1022033
2013302
1202303
1202300
4020302
3201200
4004030
3201203
1202330
1030301
2013320
301202
4004000
4004003
301220
2300033
301223
1030313
2300042
1030310
1030304
1030331
334001
301232
1030322
342200
334010
3021032
2300132
1030340
2210030
2210033
3021002
2300102
2210000
3021023
301301
2210003
3021020
4430000
203003
2300123
301310
203000
2300120
2423000
301304
3201230
3103022
301313
203012
2300201
3103013
1030403
3103010
203021
301322
2300204
1030400
2300210
1030430
334100
203024
203030
2300213
301331
3201320
3103031
301340
31001
203033
31004
2300222
203042
31010
31013
3201302
31022
3103004
3103001
31031
31034
31040
2120033
31043
1022303
3103103
1022300
3103100
301400
203102
301403
2120000
4340000
2120003
2300231
113000
113003
2333000
3103040
203123
301430
2300240
203120
1022330
31100
2120030
203132
31103
3021230
2300321
2202020
2202023
113030
113033
2300330
3013031
2202032
2243000
31130
3013040
31133
3013004
2030012
3013001
2300303
2030003
2030000
2300300
2202002
3013022
3103130
3013013
2300312
3021203
3021200
3013010
3013100
203201
3013103
2030042
203204
203210
3103202
203213
2030033
2030030
2300402
203222
2030024
23000
3021302
23003
2030021
3103220
203231
2210300
2210303
31202
23012
203240
23021
23024
4004300
31220
23030
31223
23033
31232
23042
2030102
1301003
1301000
203303
3021320
203300
2300420
3013130
2030132
203312
1301030
2030123
2030120
1301033
203321
2210330
23102
203330
31301
31304
3013220
2120300
31310
2120303
23120
31313
23123
2202230
31322
23132
3103310
2030204
31331
2030201
3103301
2022002
3431000
31340
2202200
2202203
3013202
400004
3300023
3300020
3103400
400001
2030231
203402
400013
400010
2022032
3300002
2030222
400022
3013310
113300
113303
3013301
2022023
400031
3300011
2022020
2030213
2030210
3300014
2202302
203420
23201
400034
23204
31400
2120330
23210
31403
400043
23213
400040
113330
23222
2030240
23231
2030303
2030300
31430
23240
400103
400100
2030330
1334000
2030321
310004
2202320
3300032
310001
2030312
310013
3341000
3300041
310010
3210032
310022
400133
23300
400130
23303
310031
23312
3300131
3210020
310034
3210023
23321
310040
3300140
310043
23330
3210002
3300113
1301303
2022203
2022200
1301300
1203002
3300122
3013400
3300101
3300104
3300110
1301330
3300212
4103030
2022230
1203032
2030420
400202
3300221
310100
310103
1031003
1031000
3300203
400223
3300200
400220
2030402
1203023
1203020
220001
4103003
4103000
220004
220010
23402
400232
220013
433001
310133
433010
220022
1031033
310130
1031030
220031
23420
2022302
220034
220043
220040
3120032
400301
3120002
2022320
400310
3300230
302000
400304
302003
3120023
302012
3120020
310202
400313
302021
400322
220103
3210230
220100
3202040
310220
302030
433100
310223
302024
400331
130001
3030014
3300320
400340
302033
130004
3030011
3202022
4013030
130010
3030002
130013
343001
310232
302042
3202031
3202001
220130
3202004
3300311
220133
130022
343010
3210200
3202010
3210203
3202013
130031
130034
4013000
4013003
130040
130043
3300302
3300401
3202100
3202103
3300410
1203230
3210302
1203203
1203200
302102
1023002
400403
400400
310301
1023023
212003
310310
1023020
212000
310304
2432000
400430
3030023
220202
3030020
302120
310313
302123
302132
130100
130103
310322
1023032
3030041
343100
220223
212030
3030032
220220
310331
310340
40001
212033
40004
3030122
3120230
40010
2301032
220232
40013
3030113
3030140
2342000
130130
130133
40022
3030131
40031
3210320
3202130
40034
3120203
3120200
40040
2301002
1203320
40043
3030110
1203302
3030104
302204
3030101
2301023
302201
2301020
3120302
302213
310400
302210
310403
1031303
302222
1031300
220301
122000
122003
220304
3022013
302231
3022010
3030203
220310
3030200
220313
3022004
310430
130202
3202220
3022001
4300001
220322
40100
302240
4300004
40103
220331
3202202
4300010
4300013
1031330
130220
130223
122030
122033
4300022
220340
130232
4103300
4300031
40130
40133
4013300
1400030
3202301
1400000
1400003
302300
302303
204002
3022031
3030221
3022022
3030212
1023203
302312
1023200
3120320
220403
1023230
220400
1400033
204023
302321
3022040
204020
3030230
130301
302330
32000
130304
32003
204032
4300100
4300103
130310
130313
3030311
40202
32012
2301230
220430
130322
32021
32024
130331
3022130
40220
3030320
32030
40223
1310003
32033
4300130
1310000
130340
40232
32042
3104003
3104000
3030302
2301203
3104030
2301200
3202310
3022103
3022100
1310033
302402
4300040
1023302
212303
212300
3202400
302420
3022202
2301302
1023320
2203001
1310030
2203004
3014000
3014003
130400
130403
32102
212330
40301
40304
40310
32120
40313
32123
130430
2203040
40322
2031002
32132
40331
40340
3022220
2203010
3014030
2203013
3030410
2031032
204203
2301320
204200
1220030
2203022
3030401
1220003
2031023
1220000
2031020
3440000
2203031
1433000
122300
122303
24002
204230
3022310
32201
32204
40400
32210
1220033
40403
24020
32213
24023
2203130
122330
32222
24032
1302002
32231
4300202
40430
32240
3022301
1400300
1400303
4300220
2203100
2203103
4030013
1130000
1130003
1302032
3104300
4030010
4030004
4030001
1343000
204302
1302023
1302020
1400330
1130033
204320
32300
32303
4300400
32312
1130030
32321
2023004
2023001
32330
4300301
1310303
1310300
4202000
4202003
4300310
2031230
2203202
4030040
1310330
2023031
401003
4202030
401000
3022400
2023022
4030031
2203220
4030022
2023013
2023010
2031203
2031200
401030
3301040
2203301
24200
24203
1040003
4030130
2203310
1040000
401033
1040030
32402
3301031
2023040
3301010
2023103
2023100
32420
24230
3301013
1302203
4030100
4030103
1302200
3301022
1040033
3014300
3301001
3301004
2023130
1302230
2031320
4030202
4022000
4022003
2031302
311000
1220303
3301103
1220300
3301100
311003
24302
311030
1220330
311033
24320
2400032
1302302
1302320
2400002
2203400
2023220
1130300
1130303
2400020
4030220
4022030
2400023
3301130
2023202
221003
1130330
221000
1032002
2310002
434000
3301220
1032023
4030310
1032020
4030301
3301202
221030
221033
1032032
4202300
3301301
3203000
3203003
3301310
2023310
401303
401300
2023301
303002
1040303
303014
1040300
2310023
2310020
303011
303020
303023
2310032
401330
131000
131003
303032
3031022
2400230
2220002
1040330
344000
303041
3031013
3031010
2220020
2220023
131030
131033
3031031
3203030
2400200
2400203
3031004
3203012
2023400
3031001
303101
4030400
3203021
