3
2400300
213003
213000
43020
12300
12
3002400
12303
2302002
303120
21
24
30
33
2003004
2304000
2103300
213030
3000330
2003001
340002
12330
42
3203100
3000321
340020
1030203
2100
3201030
1030200
2103
10302
2300001
2300004
2300010
2003031
3000420
2130030
2300013
2003022
10320
133200
2130
10323
2300022
2133
1030230
2003013
2300031
2003010
10332
1032300
303201
102
2302020
4200
2013300
4203
1020003
303210
1020000
2130000
4020300
3240000
1020030
2130003
2001003
2001000
120
123000
1233000
123003
123
2003040
430200
3000402
2003103
2003100
132
4230
3023010
3031200
1020033
1030302
301200
2001033
123030
301203
2001030
2202
2003130
420003
420000
301230
2300040
2220
2223
3023001
420030
2232
1200303
1200300
2310300
1030320
303300
43200
2300130
2040030
3021030
201
204
4302
3023100
210
4002030
213
1200330
2302200
2040003
222
2040000
4320
2300103
332001
3021003
3021000
2300100
231
33000
234
33003
4002000
340200
4002003
332010
240
301302
3320001
243
33012
3320010
203001
33021
2301
203004
3230001
2304
203010
3103020
33030
203013
2310
2300202
2313
2003220
3230010
301320
203022
2322
203031
330000
3320100
330003
330012
31002
2331
2003202
4000032
2300220
330021
3402000
203040
3201300
2340
201003
4000020
4000023
330030
201000
300
31020
2220300
303
31023
3103002
213300
31032
312
4000002
332100
321
324
201030
330
201033
333
33102
2034000
342
2331000
2130300
203103
203100
33120
2400
2403
3400020
2003310
3400002
330102
203130
2003301
2430
3310002
1020303
240003
1020300
240000
2001303
2001300
2032020
330120
2202030
402
2032002
240030
2030013
2030010
324000
420
3230100
1020330
123300
3013002
423
2030004
2001330
2300301
2030001
432
2202000
3013020
33201
3312000
2202003
2300310
4203000
33210
4002300
3222000
2200032
203202
2030040
1303002
420300
3103200
2030031
2300400
2003400
322002
203220
2030022
23001
3021300
4000230
330201
23004
322020
31200
23010
2200002
31203
23013
330210
23022
2040300
4000200
2200020
4000203
3310020
2200023
23031
31230
1303020
320004
23040
3220020
320001
21000
2030103
320013
2030100
21003
320010
320022
4000302
3220002
234000
33300
320031
1002003
1002000
1002030
203301
21030
21033
2030130
320040
203310
330300
3400200
23100
1002033
23103
232002
3302001
31302
3302010
3310200
1000002
3132000
201303
3003000
402003
3003003
402000
2032200
232020
201300
1000023
31320
23130
1000020
103002
320100
320103
2030202
402030
2022003
103020
2022000
103023
1000032
201330
230001
230004
230010
103032
4000320
3013200
230013
400002
230022
320130
2200230
3300021
3001002
3130020
203400
3300030
230031
2022030
3300003
3001020
400023
3300000
2030220
3001023
400020
230040
2403000
322200
2202300
3300012
3003021
23202
400032
2200200
2020023
3003012
2200203
2020020
240300
1303200
23220
3003030
2020002
3130002
2030301
312000
312003
13002
320202
2200302
230103
230100
320220
3220200
312030
13020
3003120
2020032
13023
4023000
3001032
3302100
13032
230130
3003102
310002
2030310
3042000
2100000
310020
2100003
310023
1000203
23301
1000200
2313000
232200
23310
310032
3210030
2100030
3210000
2200320
103200
103203
3210003
1033002
1000233
1203003
1000230
320301
1203000
3300120
3040002
4230000
1002303
222003
320310
1033020
1002300
222000
1332000
3300102
21300
21303
230202
3040020
103230
3300210
4320000
1203030
1330002
400203
222030
400200
230220
21330
1002330
3300201
3001200
2030400
3001203
400230
2100033
1000302
220002
3003210
23400
3003201
1330020
220023
2020203
2020200
3130200
220020
402300
2022300
1000332
220032
304002
103302
3003300
1000323
2010003
2010000
1000320
3204000
304020
13200
13203
320400
2020230
103320
230301
132003
132000
3001230
230310
400302
3120003
13230
3120000
2010033
2010030
302004
3120030
302001
3000
2223000
302013
3003
132030
310200
302010
310203
302022
3012
3001320
400320
302031
3021
2020302
3024
3030012
310230
130002
3202020
3030
3033
302040
3030003
3030000
3202002
3042
300000
3032010
130020
3040200
130023
300003
312300
300012
1002
3032001
130032
300021
13302
300030
3001302
300024
1020
3300300
2020320
1033200
1023
2303010
230400
300033
13320
1032
3032100
1330200
3210300
300042
302100
42000
302103
42003
1023003
2430000
1023000
3200040
310302
3102
3030030
2004030
3200022
2133000
220203
3030021
220200
42030
3200031
3120
3200001
3123
3200004
310320
302130
1023030
2303001
3200010
3132
3200013
2004003
2004000
300102
40002
2301030
220230
3030120
1320030
2100330
2002002
304200
210003
210000
1320000
3200100
40020
1320003
3200103
40023
300120
423000
2303100
222300
300123
300132
40032
2043000
2301003
2301000
2100300
210030
2002032
2100303
210033
1203300
3030102
2002023
2002020
302202
2000031
3201
2340000
3120300
3204
4003002
2000022
302220
3210
220302
3213
2000013
2000010
3222
3030201
130200
3321000
2000004
130203
3022002
2000001
3231
1230003
2010303
1230000
2010300
4300002
220320
3202200
300204
3240
300201
3024000
1200
300213
3200130
1203
4300020
2000043
2000040
300210
130230
300222
2000034
120000
120003
3020013
300231
2010330
3020010
3020004
333000
132300
1230
3020001
3020031
1233
34002
300240
3020022
302301
1230030
120030
120033
204003
302310
204000
3300
34020
3303
3022020
3200220
3030210
3312
4302000
4003020
2000103
3321
3200202
2000100
204030
331002
130302
32001
3330
32004
2002203
3200310
2002200
300300
40200
331020
32010
300303
40203
32013
130320
202002
32022
1302
2000133
3102003
2000130
300312
3200301
3102000
32031
202023
300321
3020040
40230
202020
2002230
32040
1320
3231000
1323
300330
30000
3030300
30003
202032
1332
243000
42300
30012
2000223
2000220
200001
302400
30021
200004
30024
200010
3402
1023300
3020130
3100002
30030
200013
30033
2004300
2000202
200022
3022200
2301300
3100023
30042
2203002
3100020
200031
3420
2002302
3102030
200034
32100
32103
200043
3020103
3020100
200040
2033010
40302
2033001
2000232
300402
1320300
210303
210300
300420
40320
32130
3020202
2031003
2031000
3012000
3012003
2002320
3020220
3012030
30102
34200
210330
3200400
200103
2000313
200100
2031030
2000310
30120
30123
2203020
2000304
3100032
2330001
2000301
30132
2330010
4003200
323001
24000
200130
24003
331200
323010
200133
3010020
3010023
2000340
32202
1230300
2033100
2000331
2330100
202203
202200
2000322
32220
3010032
24030
1302003
1302000
4300200
321000
120300
120303
321003
22002
1003002
202230
30201
30204
3010002
4200000
1003023
321030
30210
4200003
1003020
3100203
22020
30213
3100200
22023
200202
120330
2000403
2000400
30222
4030002
204300
22032
1003032
30231
323100
200223
1302030
4200030
200220
30240
20001
3020301
1300023
20004
1300020
233001
20010
200232
32301
20013
2000430
1300002
233010
32310
20022
3020310
403002
4032000
202302
20031
20034
2023002
20040
403020
20043
3004002
1300032
202320
231003
3004020
231000
30300
3020400
30303
2203200
30312
3100230
3303000
200301
102000
30321
2023020
102003
2322000
3102300
200304
231030
200310
4030020
30330
200313
200322
3002031
20100
20103
200331
3002022
3100320
233100
102030
102033
32400
3002040
200340
3010230
2320002
3100302
20130
100002
20133
3301020
313002
3002013
3010200
100020
3010203
100023
2320020
3002010
3301002
313020
22200
3002004
22203
3002001
100032
30402
4030200
3000042
3000033
1003203
1003200
2230002
200403
1003230
3010302
200400
30420
2103030
22230
3002100
2031300
3002103
12000
3012300
3000012
2232000
12003
20202
24300
3000000
200430
3000003
3000030
3000024
2103000
1300203
3000021
3213000
2103003
1300200
20220
12030
20223
12033
4020030
3004200
403200
20232
3000102
1302300
321300
10002
1300230
3000120
3000123
3123000
223002
4020000
4020003
22302
2400000
10020
2230020
2400003
10023
1003302
4200300
223020
22320
10032
1003320
2400030
3010320
2023200
3002130
3002220
1032003
20301
1032000
2310003
20304
1032030
2310000
3420000
2013003
2013000
20310
20313
1300302
3301200
20322
3000132
100200
100203
2320200
20331
1300320
313200
20340
3002202
2013030
1030002
3033000
432000
231300
100230
1030023
133002
100233
3203001
3000231
1030020
1200030
3002301
1200003
1200000
2230200
303000
3000240
102300
133020
102303
303003
1030032
303012
3000204
4002
3000201
303021
2310030
20400
303030
1200033
3000222
20403
430002
4020
4023
3000213
102330
3000210
4032
3000300
2220000
3000303
2220003
3031020
430020
301002
20430
100302
2001
2004
3000312
3201000
301020
10200
2010
3201003
301023
10203
2013
2220030
100320
3330000
100323
223200
2022
3002310
1323000
301032
100332
2031
3203010
2034
3031002
342000
10230
2040
10233
303102
43002
2043
