2
4100
1031
11
14
1040
20
1110020
23
3101
32
212000
11300
2003000
3110
301100
41000
41
4010000
3200000
100400
130100
2102
211001
10301
1022000
2111
300101
40001
211010
2300000
2002010
2010200
1021001
10310
2120
300110
40010
1100
2002001
1103
210002
210011
1112
1200200
1021010
3110000
1121
2001020
1020011
101
210020
104
1130
1020002
2001011
110
113
2001002
122
1020020
2000030
3200
131
1103000
2000021
140
122000
2000012
2201
2000003
2000000
211100
10400
1102001
2210
1021100
40100
1110200
121001
2002100
1102010
300200
1202
121010
210101
1211
210110
1020110
120002
1220
200
2001110
1020101
120011
203
1101020
3020000
2001101
212
1400000
4001000
120020
1101002
221
1100021
230
2000120
1100030
1100000
2210000
2000111
1100003
2000102
203000
2300
1100012
32000
1102100
1013000
121100
202001
1301
202010
31001
210200
1310
31010
1310000
120101
1012010
1020200
201002
2001200
302
1012001
120110
201011
30002
1011002
4000010
311
30011
4000001
201020
200003
320
200000
1011020
30020
3100010
1100120
2000210
3100001
200012
1010012
1100102
200021
2000201
4000100
1010003
200030
1010000
2120000
1010030
3101000
113000
1010021
202100
1400
31100
1101200
112001
2201000
120200
1012100
112010
201101
401
3011000
30101
201110
410000
410
111002
30110
1100210
200102
200111
111020
2030000
110000
1220000
2000300
110003
1100201
1010102
200120
110012
110021
1010120
110030
23000
2200001
112100
3100100
2200010
1004000
22001
201200
1003001
3010010
30200
22010
3010001
1130000
320000
2200100
200201
21002
1003010
1011200
2110001
200210
21011
1002011
1010201
110102
3010100
2110010
1301000
1100300
21020
1002002
20000
20003
1001003
1001000
110120
1002020
20012
1010210
1300001
1001021
20021
2111000
1300010
1001012
20030
104000
1000013
1000010
1001030
1000004
1000001
1000031
1003100
22100
103001
1000022
111200
103010
1000040
1211000
21101
401000
200300
1002110
230000
1010300
102002
21110
110201
1002101
102011
1001102
1210001
110210
3001001
102020
20102
400001
1210010
101000
101003
400010
1040000
20111
101012
2021000
1300100
20120
101021
3001010
100001
100004
101030
1000103
1000100
100010
100013
1001120
14000
2020010
2110100
1000121
100022
3002000
103100
100031
2020001
1000112
100040
13001
1000130
2102000
21200
13010
102101
1002200
311000
110300
102110
400100
140000
12002
3000011
1210100
20201
12011
3000002
101102
20210
12020
310001
1001210
11000
3000020
1121000
11003
310010
1001201
101120
2100002
3000110
11012
1000202
100100
100103
3000101
2100011
11021
1120001
10001
100112
1000220
2100020
10004
11030
100121
2020100
10010
1120010
1000211
10013
3001100
100130
10022
2101001
13100
10031
2101010
10040
102200
1202000
12101
221000
20300
2101100
12110
310100
101201
1031000
1001300
101210
11102
1201010
1000301
220001
2011001
220010
100202
11120
100211
10100
1030010
1120100
10103
1000310
1201001
100220
2012000
1030001
10112
2010011
1200020
10121
2010002
1200002
10130
1200011
2011010
4100000
4001
3000200
2100101
12200
4010
2100110
302000
101300
131000
2010020
3002
11201
2011100
3011
220100
2100200
11210
3020
100301
301001
2000
1112000
130001
2003
301010
100310
10202
1030100
130010
2012
1201100
1000400
2010110
1110002
10211
2021
300002
1001
2010101
10220
1004
2030
300011
300020
1010
1013
1200101
1200110
1022
