1
311302
4
1032202
3113002
2400301
10
213001
1024003
303112
13
1024000
213004
2302003
221203
3031102
1024030
213010
2400310
2302000
1032220
3113020
221200
3211300
303121
22
3203110
213013
2310202
311320
213022
303130
2302012
31
34
213031
40
2220040
41002
43
3203101
221230
213040
41020
41023
2220130
2130022
41032
2130031
2130040
1204300
1032301
100
2220100
2220103
303202
2302021
103
213103
2302030
2310220
213100
303211
303220
112
2130001
2130004
221302
123001
1032310
121
2130010
124
2130013
123004
3031120
2212000
131203
3023020
2212003
130
131200
123010
123013
3031210
2310310
133
213130
4301002
2220202
2302120
221320
3023011
142
123022
3031201
2130100
123031
2130103
131230
4301020
2220220
2212030
123040
3203200
3023002
2400400
2302102
3121300
2310301
2040031
303301
2040022
303310
202
213202
2040013
3023101
211
2040010
214
2302201
2040004
220
123100
2040001
123103
1032400
223
3113200
131302
213220
232
33001
33004
41200
241
2130130
33010
41203
244
33013
2040040
131320
123130
33022
33031
2130220
2122030
41230
33040
2302210
2310400
1024300
3023110
3031300
2220301
303400
301
2122000
304
2122003
310
213301
2220310
2040103
313
2130202
2040100
213310
322
2204002
123202
331
33100
3023200
334
33103
2220400
340
2204020
123220
41302
343
33112
2130301
2040130
33121
3400021
41320
33130
3400030
3400003
3400000
2302300
3400012
3310003
2032030
3310000
2040220
2032021
3400120
3310012
400
2032012
403
410002
2040202
3400102
213400
2032003
412
2032000
410023
410020
123301
421
2130310
424
430
123310
433
33202
410032
4203001
442
33211
2130400
33220
1303003
1303000
4301200
1303030
2032120
2040310
2212300
2040301
1303012
3310021
2032102
3310030
1303021
3220021
320002
2204200
123400
320014
3220030
320011
320020
3220000
4031020
3220003
320023
33301
3310120
4203100
2122300
3220012
33310
3400210
320032
3310102
4031002
1303102
320041
3400201
3302002
4203010
1303120
1000012
3302011
2024020
3310201
1000003
2032210
1000000
2040400
1000030
402004
2032201
1000024
402001
1213003
1213000
1000021
402013
2024002
402010
410203
410200
3400300
402022
320101
1000042
402031
320110
320104
1000033
410230
230002
1213030
320113
33400
230011
230014
402040
320122
3130030
230023
230020
320131
320140
3130021
230032
230041
1123000
1000102
3220120
1123003
3310210
402103
1303201
402100
2032300
3130012
1000123
3302020
1000120
3220102
410302
1303210
3130003
3130000
312004
3220210
3212020
312001
1123030
312013
1000132
2401000
320200
312010
2401003
320203
320212
312022
3212002
402130
410320
230101
3220201
3130102
320221
230104
312031
4031200
230110
4023010
140002
320230
230113
4023001
3302101
230122
312040
3302110
3310300
230131
140023
140020
230140
4023100
140032
1000204
1000201
3302200
1000222
2024200
1303300
1000213
402202
1000210
312100
2401030
3040012
312103
1033003
1000234
1033000
3130120
1000231
320302
402220
3040003
3040000
3040030
1033021
222001
320311
222004
230203
222010
230200
1033012
3040021
1000243
222013
1000240
320320
222022
312130
230212
3040102
1033030
3122020
222031
3130210
230221
2311030
230230
3040120
222040
1000303
1000300
1213300
3130201
1000312
2311003
2311000
402301
3220300
3122002
402310
1033102
1000333
304000
1000330
304003
304012
1000324
1000321
312202
3204001
304021
3130300
222103
320401
222100
312220
1000342
3212200
304030
3204010
230302
320410
132001
230311
132004
132010
140203
140200
1033120
132013
222130
4310002
230320
132022
132031
4400002
140230
2221030
132040
4400020
1000402
304102
3032011
402400
3040201
1000
1000423
2221000
312301
2221003
1003
1000420
3032002
214003
312310
214000
1012
1123300
1033210
222202
3032020
3040210
304120
1021
1033201
1000432
2303011
3032110
1024
3040300
230401
132103
1030
132100
1033
230410
4400200
3032101
140302
214030
2303020
222220
42001
1042
42004
2131000
42010
2131003
42013
132130
4220002
140320
42022
42031
2401300
4220020
3204100
3122200
42040
2303002
1320022
4310020
1320031
304201
1102
1320004
312400
1320001
304210
1320013
1033300
1320010
2303101
222301
1120
124000
124003
1123
222310
132202
1132
42100
2131030
42103
1320040
132220
124030
1402000
1402003
2000023
2000020
2000014
42130
2000011
2000002
1230001
3024010
2303110
3032200
1230004
2311300
1230010
304300
2213002
1230013
3024001
1320100
1201
2000044
1320103
2041003
1204
2041000
2000041
1210
1402030
2213020
1213
2000032
2303200
222400
1222
1230040
3024100
132301
1231
34000
1234
34003
1230022
132310
2221300
1320130
1240
2041030
2123002
42202
4130020
1243
34012
1230031
2000122
34021
42220
4130002
34030
2000113
4302001
2000110
2000104
4310200
4302010
2000101
1230103
1230100
1320220
1312030
3401020
2000143
2000140
1312000
1300
1312003
1303
2000134
3401002
2000131
1320202
214300
1230130
1312
1321
2123020
1324
1330
132400
1333
34102
42301
1342
2000221
2131300
42310
34120
2000212
4302100
2000203
2000200
1222003
1222000
1320310
2033020
4220200
1230202
4040020
2033011
2000242
2213200
2033002
2000233
2000230
1320301
1402
2000224
4040002
1420
124300
1423
1432
34201
1222030
1230220
3311020
4204000
42400
34210
2000314
4130200
3311002
1402300
2000311
2000302
3401200
1320400
1304020
2033110
2041300
2000341
1230301
1304002
2000332
2033101
2000323
2000320
2123200
321004
321001
1132030
1132000
321013
1132003
1230310
321010
321022
34300
2000413
321031
2000410
2410030
2000404
2000401
321040
1001002
2000440
3221020
2033200
1001023
2000431
1001020
2410000
4040200
4032010
2410003
1312300
2000422
3221002
4032001
403003
403000
403012
1001032
321100
403021
321103
3303010
403030
1230400
3311200
3131002
4032100
231001
1042003
1042000
231004
1042030
231010
231013
3303001
231022
321130
231031
231040
3303100
1222300
403102
1304200
2320003
100000
100003
2320000
3131020
313000
100012
313003
2320012
313012
100021
2320021
403120
321202
100024
313021
231103
2320030
100030
231100
2402020
100033
321220
313030
3041002
3000040
2320102
3000043
100042
3000034
2230003
2230000
3041020
231130
2320120
2230012
3000013
3221200
3213010
3000010
3000004
3000001
3000031
2402002
3213001
3000022
1001203
4024000
1001200
1001230
403201
100102
3000100
3000103
313102
403210
10000
321301
3000124
10003
3000121
3123001
2410300
223003
100120
100123
321310
223000
10012
1132300
1034002
3213100
3000112
1001233
231202
313120
100132
10021
2230021
223012
10024
1034020
2230030
10030
223021
10033
223030
231220
10042
2140000
2140003
2230120
1001302
2140030
2312002
403300
3000142
1001323
1001320
3000133
100201
2320201
3123010
100204
3000130
3131200
2320210
1042300
100210
2230102
100213
313201
10102
2312020
1001332
321400
223102
313210
100222
3000232
231301
100231
3033001
10120
133003
133000
100234
10123
231310
2320300
100240
100243
2222002
223120
10132
133012
2230201
3033010
3000241
3041200
133021
133030
3000202
3000220
3000223
3123100
3000214
2402200
3000211
3000301
100300
100303
313300
2002
3000313
1034200
100312
10201
3000310
2011
10204
3000304
2014
2230210
100321
223201
10210
2020
2222020
100324
10213
2023
223210
100330
231400
100333
133102
10222
2032
100342
10231
43000
2041
10234
43003
2044
10240
2132002
133120
10243
43012
43021
2132020
43030
3033100
2304001
3000331
2304010
2312200
3000322
100402
2101
2104
3000340
1321000
10300
2230300
2110
1321003
10303
2113
3000430
100420
100423
223300
2304100
10312
3000421
2122
3410020
100432
10321
1321030
133201
2131
10324
2134
133210
2222200
10330
2140
10333
43102
2143
2001022
3410002
10342
2001013
2001010
1403002
43120
3000412
2001004
2001001
3000400
3000403
1231003
1231000
2042002
2001043
2001040
2001034
2200
1403020
2001031
2203
420004
10402
1231030
2212
420001
420013
2140300
420010
2221
420022
2224
10420
133300
2230
10423
2233
420031
2042020
10432
43201
2242
2132200
43210
420040
2001103
2001100
4303000
1100020
3320020
1100023
1313020
3320002
1100002
2001133
2001130
3320011
1313002
2302
420103
420100
3230002
2311
3230011
2314
1100032
2320
330004
2323
330001
4000042
3320101
330013
4000033
2332
3320110
330010
3402001
4000030
330022
43300
420130
4000024
2341
4000021
3402010
330031
2001202
3410200
4000012
4000000
330040
4000003
1321300
4000120
2034010
4123000
4000123
2042200
3402100
4213000
1223002
2034001
2001232
1403200
2001223
2001220
4000102
1010002
2401
2404
412003
412000
1010023
2410
1010020
420202
2413
330100
330103
3230020
2422
412030
420220
1223020
1010032
2431
2001310
240001
330112
2001304
240004
2440
240010
2001301
330121
3140002
240013
240022
330130
3140020
240031
2001340
1313200
3230101
2034100
240040
2001331
3230110
3312001
2001322
1100200
3312010
4000132
3320200
1100203
2001313
3222001
3230200
3222010
420301
4000240
1133020
420310
322000
4033000
1231300
1100230
3312100
322003
322012
1100233
4000231
1133002
330202
322021
4000222
240103
2001403
2001400
330211
240100
4000213
330220
322030
4000210
4000204
4000201
240130
4000312
2001430
4000300
4000303
1002013
1010203
1002010
1010200
1002004
1100302
1002001
1002031
404002
1002022
1100320
1223200
404020
322102
1100323
1002043
1043002
1010233
420400
1002040
330301
1010230
1100332
1002034
232003
232000
330310
1043020
3132010
3140200
2321002
240202
322120
3132001
232012
232021
232030
2321020
240220
3222100
1010302
3304000
4000330
1002103
1002100
4000321
1133200
3214000
3001000
3001003
412300
101002
3001021
1010332
314002
4000420
3001012
1002133
1010323
2403001
1002130
101020
322201
101023
1010320
314020
330400
232102
322210
101032
240301
4000402
142003
142000
240310
232120
142030
2231020
1002202
1002223
1002220
3001033
2403010
3001030
1420030
3132100
3001024
404200
3042010
1420000
1420003
1002232
322300
2231002
11002
3042001
3001042
2100001
224002
3001132
2100004
2313001
2100010
232201
11020
2100013
3001120
3001123
1043200
3124000
11023
2313010
232210
4402000
2321200
240400
2100022
224020
11032
3042100
2100031
3001102
4320100
4230001
1002301
2403100
4230010
4320001
1330000
1002313
1330003
1330012
1002310
4320010
1002304
3001213
101200
101203
1002331
3001210
3001204
314200
3001201
1002322
2100034
2100040
2100043
1002340
232300
101230
134002
101233
1330021
1330030
4312000
2231200
2100130
2223010
2010013
2010010
2100133
134020
2010004
2010001
4230100
1330102
3001231
2100100
2010043
2010040
2100103
3001222
2010034
1002403
2313100
1002400
2010031
1002430
3001240
101302
2223001
2010022
3001
3004
3034000
11200
3010
11203
3001321
3013
101320
2100202
101323
224200
1240030
3001312
3022
1240003
1240000
101332
3031
3034
1330120
2100220
2223100
142300
11230
3001330
2100223
3040
11233
44002
3043
2010103
2010100
44020
3001300
3001303
1322002
2010133
2010130
1330201
3001402
1420300
3100
3103
11302
2100232
3112
2133001
1322020
3121
2133010
3124
1330210
11320
3130
134200
11323
3133
2100322
2002012
2010202
11332
3142
2100331
2133100
2002003
2002000
2100340
3001420
2002042
2043001
2010232
1330300
2100301
2002033
4222000
2002030
2100304
2010223
2010220
2100310
2002024
2100313
2002021
3321010
3202
1232020
3211
421003
421000
3214
1232002
2100400
2100403
3220
3223
3321001
2043010
4132000
3232
421030
2010301
2002102
44200
3241
4001020
4001023
2043100
2010331
2002132
3403000
1322200
2010322
2002123
2002120
4001002
2010313
2010310
2010304
3301
3304
2100430
3310
3313
2010340
3322
331000
1240300
331003
331012
2002204
3331
2420002
2002201
331021
3340
2420020
331030
3231010
2010430
3231001
2002231
4042000
2002222
4001032
2002213
2002210
2010403
2010400
3321100
200002
3100012
3400
200011
3403
3100003
413002
3231100
200014
3100000
3100030
200023
3412
200020
3100024
3313000
1232200
3100021
413020
331102
3421
2002240
2002303
2002300
200032
3430
241003
200041
241000
200044
331120
2002330
241030
2330020
4001200
4001203
2002321
2002312
3100042
200101
200104
200110
3100033
2330002
421300
200113
110002
2330011
200122
323002
200131
3010030
331201
110020
200134
3010024
110023
323011
323020
3010021
3100132
2420200
200143
200140
331210
110032
2330101
3010042
3010033
2330110
3223000
3100102
2002420
3010012
4001230
1003003
3100123
1003000
3100120
2002402
3010000
3010003
1003021
3100204
3100201
200203
200200
1003012
3100222
4001320
1003033
413200
200212
1003030
323101
3100213
3010102
3100210
200221
1003024
2240002
331300
20002
323110
200224
200230
233002
200233
4001302
20011
1003042
20014
233011
200242
20020
2240020
20023
233020
20032
20041
20044
1003102
3010120
3010123
3133000
3100231
200302
102001
2322001
1003132
200311
102004
2322010
110200
200314
3010132
110203
2330200
102010
1003123
102013
1003120
3100240
200323
200320
3010222
2404000
323200
3100330
20101
102022
3010213
20104
3002020
3002023
3100321
233101
102031
20110
200332
3010210
20113
102034
3002041
233110
3043000
200341
2322100
241300
110230
143002
110233
102040
102043
3010231
20122
3002032
3100303
3100300
20131
20134
4321000
20140
143020
20143
3010204
3002014
3010201
3002011
3100312
3002002
1003213
1003210
1003204
1003201
1003231
3010300
3010303
200401
3002110
102100
3002104
102103
200404
3002101
1003222
200410
3100402
200413
110302
12001
2232001
12004
200422
1003240
2232010
20200
2240200
12010
20203
200431
3010240
12013
110320
110323
233200
102130
102133
20212
12022
200440
110332
20221
12031
20224
12034
2232100
2101030
20230
12040
2101033
20233
12043
20242
4231000
3010312
3002122
1003303
2101000
1003300
2101003
3100420
3002113
1331002
3002140
2314000
1003321
3010330
102202
3010321
3002131
1003312
3002221
12100
12103
3002212
1003330
102220
20302
102223
3010402
3420001
20311
1331020
102232
3010420
20314
3002230
3420010
20320
143200
12130
20323
2011003
12133
2011000
20332
3002200
20341
3002203
1200022
1003402
2011033
2011030
4100023
4100020
1200031
3002302
1200001
1003420
1200004
1200010
4100002
102301
1200013
4000
2224000
102304
4003
102310
102313
12202
4012
1200034
20401
102322
20404
430003
4021
430000
4024
1200043
1200040
430012
102331
20410
12220
20413
4030
12223
4033
430021
102340
20422
430030
12232
4042
20431
2134000
20440
3330001
3330010
3002311
1323001
3420100
1200103
1200100
3002320
4100032
102400
102403
3330100
4102
3002410
3002401
4010032
12301
1200130
430102
12304
1331200
2101300
3412000
1323010
12310
2101303
1200133
4120
4010020
12313
4010023
4123
102430
12322
2003002
4132
340000
340003
340012
12331
430120
4010002
340021
12340
340030
2003032
1323100
1200223
1200220
2003023
2003020
4100203
4100200
1200202
2003014
2003011
1233010
1020013
1020010
4201
1020004
4204
1020001
1020031
3240001
12400
2101330
4210
12403
422002
4213
1020022
1200232
1233001
3240010
4222
2044000
2003041
430201
422020
2003101
340102
1020043
430210
1020040
4231
1020034
12430
4240
3240100
340120
1102000
3322000
1200304
1102003
1200310
2003131
1200313
2003122
2003113
4100230
2003110
2011303
2011300
2003104
1200301
1102033
4002040
1200340
1020103
4010230
1020100
4300
4303
1200322
4002031
4312
1200331
430300
2003140
4002022
2011330
4100320
1233100
1102030
4002013
4321
4010200
4010203
4002010
332002
4002004
1020133
4330
4002001
340201
1020130
332011
4100302
332020
340210
2003230
1200403
1200400
4010302
4002100
4002103
2003221
2003212
2003203
2003200
1020202
201001
1012003
1012000
201004
1020223
3232000
1012030
201010
4402
1020220
201013
1200430
201022
422200
332101
201031
4420
1020232
3101032
340300
201034
332110
1012033
201043
242002
201040
2331001
3142000
3101002
2003320
242020
4010320
4002130
3101023
2003311
3101020
2003302
1020301
201103
201100
4002220
1020313
3011002
1020310
1020304
2331010
1020331
324001
4002202
201130
332200
1020322
201133
324010
1020340
2200033
4002301
2200042
1102300
2003410
1102303
2003401
2200000
3011020
2200003
3011023
4420000
1430002
1102330
2413000
2200012
1004002
201202
2200021
3011032
1004023
2200024
1004020
1020403
2200030
2331100
1020400
324100
1020430
3101230
201223
2200102
201220
21001
21004
1004032
2110000
1430020
234001
21010
2110003
201232
21013
2200120
234010
2200123
2323000
242200
21022
21031
21034
21040
21043
4002310
3101203
3101200
1012303
1012300
3003004
4330000
3003001
201301
103000
3101302
103003
201304
4002400
201310
1340020
201313
2200132
1012330
103012
201322
103021
21100
2110030
21103
201331
2110033
103024
1340002
103030
234100
103033
201340
103042
2200231
2233000
21130
3003040
21133
2200240
2020030
3003022
1004203
2020024
1004200
3101320
3003013
2200201
2020021
1430200
2200204
3011200
3011203
3003010
2020012
2200210
3011230
2200213
201403
3003031
201400
2020003
2020000
2200222
103102
4240000
3003112
13000
1004230
13003
3011302
2200300
2200303
103120
2102002
103123
21202
2020042
13012
201430
3011320
3003130
2200312
3003121
103132
13021
2020033
13024
21220
13030
21223
13033
21232
3003100
3003103
13042
1004302
2020123
2020120
2020102
2200321
103201
2102020
103204
2102023
2200330
103210
103213
13102
1004320
2102032
1332001
21301
103222
2143000
21304
2020132
1340200
1332010
103231
21310
13120
21313
13123
2200420
103240
21322
13132
21331
2110330
21340
2020222
3003211
2012023
2012020
2020213
2020210
3003202
2020204
2200402
2020201
3003220
1201003
1201000
2110300
2012002
3421000
2110303
3003310
103300
103303
3003301
3331000
2020240
1332100
103312
13201
1201030
13204
2102200
103321
21400
2020231
13210
2102203
1201033
21403
431002
13213
2012032
103330
13222
431020
13231
21430
13240
2020312
2020303
2020300
300004
300001
300013
103402
300010
300022
2020330
1324000
13300
2102230
13303
300031
103420
2020321
13312
300034
13321
300040
300043
341002
3200032
2102320
13330
2430001
3241000
3200041
341020
2430010
2004031
3200020
3003400
3200023
2004022
2020402
3200002
2004013
2004010
2012203
2012200
2004004
3200011
2102302
3200014
2004001
300100
3200113
1234000
300103
1021003
1021000
3200122
210001
300112
3200101
2004040
210004
2012230
3200104
300124
210010
2020420
13402
3110002
300121
3200110
210013
423001
300133
423010
210022
300130
1021033
431200
1021030
300142
210031
13420
210034
210043
210040
2340001
4003000
1201303
4003003
1201300
2340010
1103002
2012302
2004103
2004100
1201330
1103032
3110023
3110020
300202
2430100
300214
3200131
210103
210100
300211
300220
423100
300223
1103020
2004130
3200140
2012320
1103023
3110032
120001
3020014
120004
3020011
120010
3020002
333001
300232
120013
210130
2422000
341200
300241
3200230
210133
333010
120022
3020023
3020020
120031
2004220
120034
3200212
120040
120043
4003030
3200221
4003021
2004202
3200200
4003012
3200203
1013002
3200311
300301
4003120
202003
1013023
300310
3102013
202000
1013020
300304
3110203
3102010
3110200
210202
3102004
300313
3200302
3102001
202012
4003102
120100
300322
120103
202021
2340100
1013032
3020041
333100
202024
210223
202030
3020032
300331
210220
300340
30001
202033
30004
202042
30010
243001
210232
30013
243010
3020140
2332000
120130
120133
30022
2004310
3020131
30031
30034
2004301
30040
30043
3102031
3020110
3020104
3102022
3020101
1103230
3200320
1103200
1103203
300400
3020122
202102
300403
3102040
1021303
300412
3110230
1021300
210301
3020113
3012013
112000
300421
112003
210304
3020203
210310
3020200
3012010
202123
3012004
300430
210313
2201002
120202
202120
3012001
210322
3012031
3020221
30100
30103
202132
210331
3020212
3012022
2201020
1021330
3102130
120220
2201023
120223
3110320
243100
112030
112033
30112
3200401
210340
120232
30121
3200410
30124
2004400
3110302
30130
30133
4003210
3102103
3102100
4003201
30142
1103320
3102202
1103302
4003300
202201
1013203
1013200
202204
210403
1013230
202210
210400
3012040
202213
3020230
2201032
120301
202222
22000
120304
2242000
22003
202231
120310
120313
30202
22012
210430
4200001
120322
202240
30211
4200004
22021
30214
22024
4200010
120331
30220
4200013
3020320
22030
30223
3012130
22033
120340
4200022
30232
22042
4200031
3020302
30241
3102220
1300021
4200040
3012100
3012103
1300024
1300030
1300003
1300000
1013302
3020311
202303
202300
1300012
3004012
104002
3430000
1013320
3012202
3102310
202312
3004000
3004003
2201200
120400
3012220
1300033
2201203
120403
202321
3004030
3020410
104020
104023
22102
3004021
202330
1300042
30301
3020401
30304
104032
30310
22120
30313
22123
120430
30322
3102301
22132
30331
1210003
2021023
4200130
1210000
2021020
30340
1300123
1300120
1423000
2021002
1300102
202402
1210033
112300
112303
2201230
14002
2021032
1300132
202420
22201
1210030
22204
30400
2103010
22210
30403
440002
14020
2103013
22213
14023
2201320
112330
30412
2103022
22222
14032
3340000
440020
30421
2103031
22231
30430
3012301
22240
1300210
4200100
1300213
4200103
3004102
1300222
3102400
3004120
2201302
2103001
1300201
3012310
2103004
1300204
4020031
1300240
3004201
104200
104203
4020022
1120030
4020013
1120000
1120003
1300231
4020010
4020004
1333000
4020001
2103100
22300
3012400
2103103
22303
3004210
2103040
104230
22312
4200301
1120033
22321
4200310
22330
1202002
2013022
4200202
1300312
2013013
2013010
4102003
2021203
4102000
2021200
2013004
2013001
4200220
1300303
1300300
1202032
1243000
2013040
104302
2021230
1300321
1030012
4020040
1202023
1202020
14200
1300330
2013031
2103130
14203
1030003
1030000
1030030
104320
2103202
22402
1030024
432001
1030021
432010
440200
4200400
2103220
22420
1030042
14230
1030033
4020130
3004300
1300402
2021302
1210303
1210300
4102030
2013103
2013100
4020100
4020103
4020220
3201010
4012030
3201013
1210330
301000
3201022
301003
301012
2013130
2021320
4020202
1300420
1030102
3201001
301021
3201004
4012000
4012003
14302
301030
432100
1030123
301024
1030120
301033
14320
342001
301042
1030132
342010
1202203
1202200
2013202
3201040
1202230
2103301
301102
2103310
1030204
1030201
3201031
211003
2013220
211000
2431000
1120300
1022002
1120303
2300002
1030222
301120
424000
301123
2103400
2300011
1022023
301132
1030213
1022020
2300014
1030210
342100
2300023
211030
2300020
1030231
3201130
211033
1120330
1022032
2013310
4020310
2013301
1202302
1030240
4020301
3201100
3201103
1202320
3201202
4004020
4020400
1030303
301204
1030300
301201
301213
301210
4004002
4102300
301222
2300032
1030312
121000
2300041
121003
2341000
301231
1030330
334000
301240
1030321
2300131
2210020
2210023
2013400
121030
121033
3021031
2300140
2210032
3021040
3021004
2300101
3021001
2300104
2300110
301300
3021022
2300113
2210002
301303
1022203
3201220
1022200
203002
2300122
3021013
3021010
203011
3021103
3103021
3021100
301312
203014
2300203
2300200
3103012
203023
1030402
301321
203020
301330
2300212
31000
3103030
1022230
203032
31003
1030420
2300221
203041
244000
31012
3201301
31021
3201310
31024
4012300
3103003
31030
3103000
31033
2120032
31042
3201400
1022302
3103102
4004200
203101
301402
2120002
203104
211303
3021130
2300230
203110
211300
301420
203113
113002
203122
2120020
2120023
203131
113020
113023
31102
1022320
211330
2300320
2202022
203140
113032
3021220
3013030
2202031
31120
31123
2210230
2202040
31132
2030014
3013000
2030011
3013003
2030002
2300302
2202001
3013021
2300311
2202004
2210200
3013012
2210203
2202010
2202013
3021202
3103120
203203
203200
3013102
3103210
2030041
2030032
3103201
203212
3021310
2300401
1432000
2202100
121300
2202103
121303
203221
2030023
2300410
2030020
23002
3021301
203230
2210302
31201
23011
31204
23014
31210
23020
31213
23023
121330
31222
23032
31231
2030110
23041
4201030
2120230
2030104
31240
2030101
1301023
1301020
1301002
2030140
1342000
203302
2120200
2120203
203311
2030131
3013120
2210320
113200
113203
2202130
2030122
203320
1301032
23101
2030113
23104
31300
23110
31303
23113
2202220
2120302
113230
31312
23122
31321
23131
31330
2022013
2022010
23140
2030203
2030200
4201000
2022004
3103300
4201003
2022001
3021400
3013210
2202202
3013201
3300022
400003
400000
2022040
2030230
400012
203401
3300031
2022031
203410
3300001
2030221
400021
3300004
113302
3300010
400030
2022022
3013300
2030212
2202301
400024
3300013
2120320
23200
23203
400033
113320
31402
400042
23212
23221
31420
23230
2030302
1301203
1301200
2022103
2022100
2104000
400102
2104003
2202310
2022130
2030320
310000
310003
310012
2030311
3300040
1301230
400123
2104030
400120
2202400
310021
400132
23302
3210040
310030
310024
23311
3300130
4201300
310033
3210022
23320
4021030
310042
3210031
3210001
3300112
2022202
3210004
1301302
3210010
1203001
3300121
2014003
3210013
1203004
2014000
3300103
4021000
3300100
4021003
3300211
3210100
1203031
3210103
400204
3300220
400201
1203010
2014030
4103020
2022220
310102
400213
2030410
400210
1031002
1203013
3300202
400222
1301320
1203022
2030401
220003
1031023
400231
220000
1031020
4103002
2440000
23401
310120
433000
220012
310123
310132
1203040
23410
400240
220021
1031032
220024
220030
220033
2022301
3120040
220042
1203103
1203100
3210130
3120013
3120010
1203130
400303
400300
3120004
3120001
3120031
302002
2022310
310204
3120022
302014
310201
400312
302011
302020
310213
302023
220102
310210
400321
3120103
310222
3120100
400330
2104300
130000
130003
3030013
310231
3030010
302032
3202021
220123
3030004
220120
3210220
343000
130012
302041
3202030
3030001
3202000
4013020
3202003
3300310
130021
310240
220132
130024
3210202
3202012
130030
130033
4013002
130042
3300301
3300400
1203220
3202102
4021300
3210301
1203202
302101
1023004
400402
1023001
310300
302110
310303
302104
4103200
2022400
3030031
1023022
212002
400420
302113
3030022
1023013
220201
1031203
310312
1023010
3120130
302122
1031200
220204
1031230
220210
212023
310321
3030040
220213
212020
130102
302131
1023031
302140
220222
310330
40000
2014300
40003
212032
2301031
220231
3030121
130120
130123
40012
3030112
1023040
2301040
220240
130132
40021
40024
3030130
40030
40033
3120202
2301001
40042
3112003
2301004
3112000
1023103
2301010
3112030
1023100
3120220
2301013
3210310
1203301
3202120
3030103
3030100
302200
1203310
2301022
302203
302212
3120301
310402
1031302
302221
220303
2301103
220300
2301100
3210400
310420
302230
3202210
3022012
122002
3030202
1023130
1031320
130201
3120310
220312
3022003
130204
3022000
4300000
4300003
220321
130210
130213
122020
122023
40102
220330
3202201
4300012
4013200
130222
122032
4300021
130231
40120
40123
4300030
1400020
130240
1400023
40132
3202300
1400002
1203400
302302
3022030
3030220
204001
302311
204004
212203
2301130
204010
212200
3022021
1023202
3030211
204013
220402
302320
1400032
204022
1023220
204031
130300
130303
32002
212230
3022120
4300102
2301220
220420
3030310
130312
40201
204040
32011
40204
32014
4210000
130321
40210
4210003
32020
40213
32023
4300120
130330
40222
32032
1310002
40231
32041
3104002
4210030
40240
2301202
3030301
3022102
3104020
3120400
1023310
1310032
3112300
204103
302401
204100
1023301
212302
302410
1310023
2301301
1310020
3022201
2203000
122200
2203003
122203
2301310
3014002
204130
212320
130402
32101
32104
40300
32110
40303
32113
130420
122230
40312
32122
40321
2031004
32131
2031001
40330
32140
1400200
1400203
1220023
2203012
1220020
1023400
2031031
204202
3014020
2203021
3022210
3030400
1220002
2031022
1400230
2203030
2031013
2031010
122302
204220
24001
24004
2113000
32200
24010
2113003
32203
24013
2203120
122320
1220032
40402
32212
24022
32221
2031040
24031
4120030
2031103
1302001
2031100
40420
32230
1302004
3104200
4300201
1310203
24040
1302010
1310200
1302013
3022300
4300210
1400302
2301400
4120003
4120000
2203102
4030012
1130002
2031130
1310230
1302040
4030000
4030003
204301
1400320
1302022
204310
3014200
1302031
1130032
24100
2113030
24103
32302
1130020
1130023
32311
4210300
32320
24130
1302103
2023003
2023000
1302100
4300300
1310302
4202002
2203201
1302130
1310320
4202020
2023030
2031220
2203210
401002
4030030
2023021
204400
4030021
1220203
401023
1220200
2023012
401020
2031202
2203300
24202
1040002
401032
32401
3301030
1220230
4030120
442000
4202200
1040023
32410
1040020
24220
2023102
3301012
1302202
4030102
1040032
3301021
3301003
3301000
4030201
3211000
1130200
1130203
3211003
2023120
4022002
2031310
4120300
2031301
1220302
3301102
311002
1302220
1130230
311020
311023
24301
1220320
24310
311032
2400040
1302301
2400004
2400001
3211030
2400013
1204030
2400010
1130302
1204003
2400022
1204000
3301120
2113300
2023210
1302310
401203
2031400
401200
4022020
2400031
4030210
2023201
2400100
1130320
1032013
2400103
1040203
3121003
1032010
1040200
3121000
401230
221002
1032004
1032001
1032031
24400
2310001
2310004
2310010
1032022
221023
2310013
221020
4030300
3301201
1032040
3301210
1040230
221032
4022200
3301300
3203002
401302
1302400
303004
2023300
303001
303013
1040302
311200
2310022
2400130
303010
311203
1032103
3121030
303022
1032100
2310031
401320
303031
311230
2310040
131002
2220001
3031021
303040
2220004
3031012
2220010
2220013
1032130
131020
131023
1040320
2310130
2220022
3031030
131032
2220031
2400202
3203011
2310103
3031003
3031000
2310100
2400220
303100
303103
3203020
