1
4
3330100
10
13
2302003
2302000
43030
22
303130
31
3033100
34
2003002
340000
3000331
340003
40
43
3000322
3000340
340030
10300
2230300
10303
2300002
3000430
2003032
223300
2003023
2003020
2300023
2300020
10330
10333
100
303202
103
2302030
303220
3000400
3000403
3023020
130
133
1030303
1030300
2200
2203
3322000
2300032
3203200
3023002
1030330
334000
133300
2230
2233
303301
303310
202
4300
4303
4303000
430300
220
223
3320020
332002
232
33001
4330
33004
3320002
301300
332020
33010
301303
33013
203002
33022
2302
2003230
3230002
33031
2300203
2300200
203023
203020
33040
2320
330004
2323
330001
301330
330013
31000
3103030
203032
31003
4000033
2332
2003203
2003200
330010
4000030
330022
43300
3031300
330031
303400
301
304
3232000
3103003
31030
310
3103000
31033
313
4000000
330040
4000003
322
340300
331
33100
3023200
334
33103
340
343
2300230
2003320
33130
3400030
3400003
330100
330103
3400000
3230020
2003302
2302300
3310003
2032030
3310000
2300320
3013030
400
403
330130
2032003
2032000
3013000
3013003
2030002
2300302
332200
430
433
33202
3320200
2200033
203203
203200
33220
1303003
3230200
1303000
2030032
322000
4033000
322003
2030023
2030020
23002
203230
330202
2200000
2200003
1303030
330220
322030
23020
23023
23032
3310030
2200030
320002
3220030
320020
4000300
3220000
4000303
3220003
320023
33301
2323000
33310
320032
203302
330301
203320
3302002
232003
232000
330310
31300
31303
1000003
1000000
3003004
1000030
4330000
3003001
103000
103003
232030
3400300
31330
2030203
2030200
3103300
1000033
230002
3304000
4000330
103030
103033
33400
3130030
3300022
230023
3001000
400003
3001003
400000
230020
2030230
2233000
3300031
3003040
3300001
230032
3300004
3300010
400030
3013300
3300013
2020030
23200
3003022
23203
330400
400033
3003013
3003010
2032300
3302020
3003031
3130003
2020003
2020000
23230
3130000
2030302
13000
13003
320200
2200300
2200303
320203
3003130
2020033
320230
3001033
13030
13033
3001030
3310300
2030320
3003100
3003103
310000
310003
322300
3300040
23302
3302200
310030
3300130
310033
1303300
23320
1033003
1033000
320302
2200330
3040003
3040000
3040030
3300103
3300100
230203
230200
1330000
320320
1330003
1033030
3300220
230230
3300202
1000303
220003
1000300
220000
433000
3003202
232300
3003220
1330030
3220300
220030
1000333
220033
3003310
304000
1000330
103300
103303
304003
3003301
3331000
3130300
304030
230302
103330
400303
400300
230320
302002
3001
3004
3034000
302020
3010
302023
3013
400330
3022
2020303
130000
2020300
130003
3030013
3030010
302032
3031
3030004
3034
343000
3202030
3030001
3001330
3202000
300004
3040
3202003
3043
3300310
300001
1000
300013
1003
3032002
300010
130030
130033
300022
2020330
13300
13303
3001300
3032020
3001303
300031
3300301
3300400
3040300
300034
1030
1033
300040
2303020
300043
3200032
13330
310300
310303
3100
3103
3030031
3200020
3003400
3200023
3030022
3200002
3030040
2303002
3130
3133
310330
300100
40000
300103
40003
2002003
2002000
1033300
3030130
40030
300133
40033
300130
1330300
2002033
2002030
3030103
3030100
302200
302203
3202
4003000
4003003
2000023
2000020
220303
220300
302230
3030202
3220
3223
2000002
3022003
3022000
3232
4300000
4300003
3032200
304300
220330
300202
300220
300223
2000032
4300030
2303200
3403000
3202300
3020002
333001
300232
34000
34003
3200230
333010
3020023
3020020
302302
3022030
3030220
3301
3304
4003030
34030
3310
3313
302320
3200200
3322
3200203
331000
130300
331003
130303
32002
3331
3030310
300301
3340
202003
300310
331030
202000
300304
32020
1300
32023
1303
130330
300313
3200302
32032
300322
333100
202030
3020032
300331
300340
30001
202033
1330
3030301
30004
1333
30010
30013
200002
2332000
30022
3400
3403
3100003
3100000
30031
3100030
30034
200023
2000203
2000200
200020
30040
2203000
3313000
2203003
30043
2002303
2002300
2033020
200032
3430
40300
40303
3200320
300400
2033002
2000233
300403
2000230
2002330
3020203
3020200
2330020
300430
40330
30100
30103
3100033
3030400
2000302
2330002
30130
30133
2203030
323002
3010030
323020
32200
32203
2000332
4003300
3010033
2000323
2000320
32230
3020230
3223000
22000
3022300
22003
1003003
1003000
30202
34300
3010000
3010003
200203
200200
30220
4030000
4030003
3020320
22030
30223
22033
1003033
30232
1003030
3020302
331300
20002
200230
233002
200233
1300030
32302
2033200
1300003
1300000
20020
20023
202303
403003
403000
233020
202300
32320
20032
3430000
2023003
2023000
4300300
3004000
3004003
3303010
403030
1300033
3004030
202330
30301
30304
30310
3133000
2023030
30313
3303001
200302
30322
4030030
2330200
30331
200323
200320
323200
30340
2203300
3100330
3002020
3002023
3303100
200332
3301030
3043000
3002032
2320003
3100303
100000
100003
2320000
3100300
313000
313003
3301003
3301000
2320030
3002002
100030
100033
30400
313030
30403
3000040
3000043
3000034
2230003
3010300
2230000
3340000
3010303
30430
3000013
3000010
20200
3000004
20203
3000001
3000031
233200
3000022
20230
3000100
20233
3000103
10000
10003
223003
223000
1333000
22300
22303
1003303
1003300
2230030
10030
10033
223030
3010330
22330
1003330
20302
3002230
1300303
1300300
20320
4030300
403300
20323
3000133
20332
3000130
3002200
3002203
1300330
1030003
1030000
1030030
3000232
3301300
3033001
133003
3203002
133000
2320300
3002302
303004
2023300
3033010
303001
1030033
4000
3004300
303013
4003
133030
303010
3000202
303022
3000220
3000223
303031
430003
430000
4030
3000301
4033
303040
430030
301000
100300
100303
301003
313300
2002
3000313
3031030
3000310
3000304
301030
3330001
2020
2023
3330010
100330
100333
301033
2032
3031003
3031000
303100
43000
303103
43003
3203020
3002320
