2
300032
3200033
20
2303030
23
2303033
32
3000332
2003003
2003000
3030023
3030020
3000320
3200030
3000323
3200000
3200003
2303003
2303000
3030032
2300003
2300000
2003033
2003030
3323003
3323000
2300030
3033203
3033200
3333200
303200
303203
303230
2000030
3200
3203
3330230
303233
3030203
3030200
3023033
3023030
2000003
2000000
3230
3033230
3233
2300033
3323030
3330203
3330200
300200
300203
3023003
3023000
2000033
3032303
3032300
300230
303302
3033320
200
203
3330302
3020003
300233
3020000
333002
3020030
3320033
3203300
3203303
302300
3233000
333020
3233003
333023
302303
303320
303323
303332
332000
332003
230
3302
233
33002
3320030
333032
3320003
3320000
3030233
203003
3030230
3320
3033302
302333
203000
332030
3323
2300
33020
3332300
302330
2303
33023
32000
3230000
3230003
32003
332033
3332
33032
300302
3030332
203030
330002
203033
2330
3200300
2333
3030323
32030
3030320
3200303
32033
330020
3330320
330023
3032330
300320
300323
300332
302
3020033
3030302
3203330
30002
330032
3233030
200003
320
2303330
200000
323
30020
2333030
30023
332
30032
200030
3230033
200033
2303303
2303300
2333003
2333000
2033003
2033000
2003303
2003300
3200330
3200333
3230030
2300330
2330030
2300333
2330033
333200
2033033
3323300
333203
2033030
2003333
2003330
333230
2300303
2030003
2030000
2300300
2330003
33200
2000303
2000300
2330000
33203
323000
323003
3023330
33230
2030033
2030030
33233
323030
2000333
2000330
23000
23003
3320303
323033
330200
3320300
330203
3023303
3023300
330230
333302
23030
30200
23033
30203
330233
3020333
3020330
320000
320003
332300
332303
333320
30230
33302
30233
320030
20000
3020303
3020300
20003
203303
3233300
320033
203300
233003
33320
233000
33323
32300
332330
32303
33332
3320330
330302
20030
203330
20033
3302003
3302000
233030
203333
233033
32330
3303032
3230330
32333
330320
330323
2333300
3003002
330332
3303023
3303020
30302
3303002
200303
3230300
3230303
200300
230003
30320
230000
30323
30332
3002030
3300023
3300020
2033303
200330
2033300
230030
200333
3300002
230033
2330303
3002033
2330300
3003020
3003023
3302033
2033330
3003032
3302030
3002000
3002003
2030303
2030300
3000032
323300
2030333
323303
2030330
3000002
3300032
2330330
3000020
3000023
23300
323330
23303
3303230
3303203
3303200
23330
23333
320300
320303
320333
20300
3003233
320330
20303
233303
233300
3300203
3300200
20330
20333
3003200
3003203
233330
3003230
3000233
3033002
3203000
3302330
3203003
3000230
3003302
3332030
3332003
3002300
3033023
3332000
3002303
3033020
3003320
3003323
230303
303002
230300
3000200
3000203
303020
3303320
303023
3302303
3302300
3333020
302000
3300230
3303302
302003
3333002
230330
3002
3300233
303032
230333
3330032
3000302
302030
3020
3032033
3023
2000
3300323
3300320
2003
302033
3330023
3330020
3032
3030002
3300332
3330002
3203030
3033032
300002
3203033
3003332
3032003
3032000
2030
3032030
3002333
300020
2033
300023
3002330
3300302
