1122321
1110033
11223210
303111
11100330
3
411003003
11100333
411003000
4141110
311100033
3330111
1114140
303114
4110
41403000
3301410
1114113
4113
112232100
13431000
114030300
414030000
311322
11133111
30
1110030
12210330
2220033
344100
303141
33
12321
312210111
12324
11100300
11100303
111122103
111122100
4140
4143
11104410
30114300
111003300
111003303
112113300
222031110
311100111
411011130
3031140
2220141
1421400
111122130
1110111
11211003
12210411
11100411
11211000
42210000
12321000
43320000
42210003
11100414
12321003
311100114
111003330
411011103
303002220
411011100
311100141
311141100
3031113
3031110
300233100
42210030
41411100
30122400
311400
1110141
322311000
2220111
311403
111
134310000
303222
1110114
114
2220114
1114221
330114000
4221
4224
311430
12243000
11403300
41100
41100030
141
41103
142113000
41100003
1110144
144
12432
41100000
12210222
30032220
112121400
11100222
411003111
111003141
311112210
111044100
3031221
412121100
141003003
41104110
300114300
141003000
2220222
11141130
1413300
330011400
33014100
114112110
22422000
13320300
41130
41133
3412110
303300
300122400
144001110
303303
303330000
12210303
12210300
312210003
114001410
1143000
1143003
312210000
111003222
3330300
330003300
11133030
22311300
422103
422100
114030111
111011400
111011403
330122100
141011130
1110222
222
302220003
41112210
11133000
11133003
302220000
311104110
303330
1143030
311100003
33000
411003030
311100000
33003
313320000
4332
111302220
33141000
11141211
411011211
30114111
142121100
422130
311100030
312210030
412113000
141011103
141011100
41211
111011430
302220030
41214
141003111
111032220
311100303
33030
311100300
33033
22200411
2220330
330003111
14103003
1110300
22311000
33022200
14103000
1110303
22311003
222002220
30114003
41241
30003411
322200111
30114000
31224000
41100141
41141100
311100330
41100114
14103030
22311030
30114030
30331110
30122211
1233210
1110330
3113220
300
1110333
2220300
23421000
2220303
11211141
303
411122100
414003
414000
411011400
303411
122214000
4410
1114410
41100111
14111211
4413
300032220
122103300
422211
414030
303031110
330
30003330
11244000
123210
302220111
123213
14111130
333
1143111
33111
4440
22200330
2331003
30122130
33114
2220411
2331000
300114111
3441000
3031410
122222100
114014100
33030300
123240
3322200
41322
141011211
311100411
141003030
41100033
311211000
312321000
33141
311211003
42210300
11211222
111122400
300331110
300122211
111331110
114141000
3314100
111114003
300114030
31113300
111003411
111114000
330003003
330003000
22311111
331113000
414111
1221003
111000
111003
1221000
1110411
411
1110414
414
144030000
14111103
333030000
341100030
14111100
30003300
30003303
141011400
300114003
112224000
11100441
441003000
111114030
300003411
11141400
11211033
300114000
341100000
301224000
1221030
342210000
311100222
2331030
341100003
111030
31232100
41400
111033
123321
332220
1110441
441
12321030
41133000
42210111
41403
1221033
30122103
444
111122211
11211030
30122100
30011400
11211114
30302220
30011403
311133000
2331111
33222
11211111
41100222
222330000
441011100
41430
33112110
322200300
411003300
11133300
30003222
330011211
3023310
111114111
300003330
1221111
312210300
1221114
12321111
30011430
300122130
3142110
114022200
330003030
222003003
122103111
11322030
222003000
31110111
422400
111111
1221141
300033003
300033000
111114
3011133
114001113
303030300
4121130
33300
1143300
111314100
3011130
33303
300041211
341100111
114001110
114300111
300303300
32220111
111141
30311400
30000111
31110141
111144
301143000
4121103
3011100
3011103
4121100
33330
30004221
31110114
11211411
30000114
300422100
301110222
11322000
12432000
33031110
300000222
114001140
11322003
111142110
141003300
113231100
41214000
22201110
4121211
30004110
300041130
30000000
30303111
30000003
31110033
22201113
333001110
111023310
330011130
433200000
11322111
31110030
3003000
4113003
3003003
4113000
30000030
30004113
414300
11412210
141122100
223113000
30004140
23311110
22201140
30000033
30012321
300000141
300041103
222003030
300041100
331121100
222011211
300000144
330011103
1221222
330011100
303022200
111222
14111400
144003
144000
33411
3011241
23340000
2331300
32220003
32220000
11211303
300311400
300000111
301110141
11211300
301110114
14103111
411114000
300000114
32220030
303141000
30012240
111113220
300004221
144030
222003111
22230003
3011214
22230000
31114110
1221303
3011211
1221300
12321300
31110003
31110000
33330000
301110111
114300030
114300000
114300003
3003033
4113030
3003030
300000033
300012321
1221330
111300
111303
3003114
3003111
111441000
300004140
30303003
30303000
31413000
3011322
22201221
303014100
300000000
300303111
234210
300000003
301110033
111330
111333
30311211
4113111
11211330
322200030
111031410
144111
300004110
122111400
300004113
322200000
323310000
322200003
30303030
31122210
141114000
111322200
30012210
301110030
30012213
333300000
300000030
301110003
301110000
11400111
111003033
114030030
4121400
111003030
301114110
11322300
11101113
311411100
111011214
12211113
30311130
111011211
33002220
12211110
11400114
11101110
3003141
112113030
114411000
3044100
1332030
341211000
222003
300012240
1221411
111411
222000
111011241
123221100
1332000
2442000
111414
1332003
122111103
122111100
3011430
300311211
222030
300303030
301122210
111441
222033
300012210
300012213
341100300
114300300
13321110
11400141
11441100
3011400
3011403
111011322
30311103
30311100
31421100
311403000
111003114
411311100
114030003
112113111
111003111
114030000
3003222
233103000
300303003
11101140
300303000
3302220
11101143
12211140
301413000
223121100
111011100
111011103
112121130
3003300
33301110
3003303
114001221
123213000
312213
312210
1422210
3122103
3122100
1332111
122103003
222111
122103000
111011133
112121103
222114
112121100
111011130
14214000
4113300
122111211
330031110
144300
122103030
312240
300311130
222141
30233100
222011130
11113320
1410000
112113003
1410003
112113000
133203000
1414110
11400033
14222100
14103300
112121211
233111100
300311103
300311100
301421100
122111130
11404110
303301110
4232100
300000
1410033
222011103
111003000
111003003
300003
113223000
222011100
1123320
304110
11400000
11400003
3003330
11400030
304113
300030
1410030
3122130
300111330
413220000
3114030
330000303
300033
312321
330000300
11130030
304140
13320
13323
33003003
3122211
411012210
222222
33003000
141311100
3331110
2221110
11130033
2221113
331110300
311400111
412110000
412110003
300111303
12240030
222030111
300111300
11400330
1410111
22222200
133211100
311101113
11134110
12240003
11130000
222001410
11130003
12240000
3114003
312211110
311101110
30111222
11101332
3003411
3114000
301221300
4224000
30111114
111002331
303011400
1410141
114111111
300111
11101410
30111111
111330030
11101413
33011130
22230300
3114111
222112110
12240111
300114
11130111
1111110
1110
1410114
1332300
304221
1111113
1113
222303
412110030
30033300
311101140
222300
330000330
300144000
422100300
41322000
33011103
12211410
341100
300141
341103
33011100
30111141
111330003
111330000
112440000
300144
1111140
1140
2221140
11400411
1111143
1143
13431
222330
11101224
2221221
11433000
22214100
11101221
341130
111133200
422211000
300111222
141012210
111014400
411000033
330041100
411000030
303122100
1111221
330000141
1111224
41400030
303003300
31221111
1443000
12211221
411004110
3032220
11400222
141303000
41400003
111301140
41400000
300222
1410222
411000003
411000000
11400300
11400303
330033000
1221
300111141
111301221
222411
1224
311400003
333000
333003
311400000
3122400
30111003
114000411
311400030
31110411
30000411
30111000
31221000
114111000
114111003
30000414
31221003
411303000
22341000
341211
42210
333030
300111111
42213
222030300
11142210
300111114
1410300
1410303
30000441
111002220
30041400
30111033
111002223
112112220
330000222
300033300
31221030
114111030
30111030
42240
303114000
30123210
301221111
30000330
30000333
14112210
141000033
422100000
300300
330000033
422100003
300303
22230111
1410330
22201410
3114300
32331000
11130300
422100030
11130303
12240300
11212221
311130003
311130000
312240000
30033111
304410
322201110
141000003
330004110
311130030
41101140
141000000
330000003
423210000
141004110
300333
111412110
330000000
111031221
423210
300330
1140030
30000
1140000
331110030
411000141
333111
1140003
411041100
30003
1111332
1332
330000030
302221110
142110030
141000030
34110
1144110
34113
2221410
330000111
31110303
41101110
31110300
142110000
41101113
142110003
412110300
30033030
411000114
30030
411000111
1140033
30033
42321
301221030
300111030
300000441
41400111
330000114
300041400
300111033
34140
22230030
111330300
30414000
31110330
1111410
331110111
14403000
30000300
1111413
30000303
32220300
341111100
311101410
30004410
11130330
311130111
300111003
301110411
300000411
300414
300111000
301221000
122430000
3233100
411003
114222000
1410411
411000
222001221
300000414
301221003
300411
111301410
1111440
1410
12322110
31143000
1140114
30422100
1413
14411100
222030003
114111300
30303300
222030000
412110111
411000303
411030
411000300
31110222
30000222
330012210
112141110
41400300
341400
111330111
300441
1140111
411033
30111
1440
30033003
124320
30033000
42211110
30114
1443
141041100
422100111
330303000
300123210
143220000
11101440
141000141
300000330
11130114
300000333
332220000
34221
311101221
4421100
30041211
11130141
300033111
222411000
1140141
30141
30144
322230000
30000141
30041103
30041100
11130222
11212140
301110330
141000111
341103000
331110000
222300300
1222110
300000300
3311103
300000303
3311100
331110003
141000114
41101221
300414000
411033000
111031113
111031110
30000144
300004410
30041130
411000222
411111
122131110
311400300
300033030
11212110
142110111
411114
223140000
301110303
2332110
301110300
1222140
1140222
112110
112113
333300
1222113
222030030
233130000
111031140
11212113
22312110
300042210
30300111
411141
141000303
41100411
111022230
301410300
141000300
4413000
330311100
41211000
112140
30222
112143
302220300
41211003
30001113
30222300
31111113
111141003
111030411
111141000
30300114
31111110
122401110
30001110
30341100
30300141
411000411
300001221
142110300
114000111
3311130
300001224
14100222
300333000
11122311
114000114
111141030
11114130
11241111
30001140
30001143
31111140
22202220
30013320
3303030
114004110
14100114
111112410
411111111
301111221
114000003
111014100
111014103
11114211
11323110
114000000
30300033
141033000
411222
114000030
300300222
3012213
14100111
41100330
3311211
4122210
30300
112221
44111100
32221110
1140300
1140303
3012210
30303
1222221
314103000
31410111
112224
444000
111141111
33114000
3303003
3303000
114000033
34410
112124100
111014130
414011100
411000330
141000222
111022311
14100141
30330
14141100
1140330
41100303
302331000
30333
41100300
4114110
11241003
111030303
111030300
11130411
111112221
11241000
300341100
300300141
122102220
31410003
4110003
4110000
31410000
41211111
300001140
300001143
301111140
14100033
311211030
141111030
11122230
30304110
411303
411300
112140300
111030330
300300111
1140411
30300003
30300000
30300030
31410030
141111000
11122200
141111003
142221000
11122203
12232200
300300114
301111110
300001110
300001113
22200
300222300
1132200
1132203
2242200
301111113
22203
141000411
3012240
111411300
3004140
314111100
411330
112132200
301410111
114303000
141003
141000
30411
3000033
3012321
33122100
112332
30414
11212410
30222111
33003300
2234100
22230
1132230
412221000
411111000
22233
411111003
30312210
11114100
11114103
12224100
41211030
3004110
141030
111022203
111022200
300300033
300013320
14100030
30441
311211111
141033
141000330
42321000
3000000
11241030
3000003
4110033
4110030
3000030
14100003
3303111
222301110
411111030
14100000
14104110
114012210
3004113
114000330
3000111
30222030
4110141
222022200
300300003
411111300
300300000
1132311
300304110
11114400
14211030
303011103
3004221
303011100
14100
411411
1124100
1124103
14103
300300030
1222410
301410030
11401140
3311400
112410
11233200
4110114
112413
311322000
3000114
4110111
301410003
301410000
22311
22314
111141300
304121100
144003000
141111111
14130
1124130
11401113
303011130
141111
14133
141114
112440
11401110
33011400
3041130
22341
12212220
304113000
111301110
112411110
141141
111301113
3000141
14211000
3041103
3041100
1124211
1333110
14211003
114000303
114000300
14100411
411222000
122114100
303003003
300312210
222141000
303003000
30111411
300222111
30222000
3000144
30222003
31332000
14211
303011211
34121100
3033003
223110
3033000
14214
223113
30111303
30111300
33003111
414003000
3041211
114000222
22422
14100303
303003030
14100300
3422100
14241
114033000
141222
4143000
223140
311211300
30111330
300222030
222014100
4110222
3000222
3303300
14100330
114041100
3000300
3000303
3414000
4110330
114000141
144011100
30144000
300111411
41211300
301332000
300222000
300222003
3004410
111014211
14133000
34113000
33003030
4110303
4110300
111223110
303003111
31221300
3033030
313320
14322
141303
141300
223221
44103000
33011211
11241300
314211000
412410000
300141030
33012210
4221000
4221003
222111030
112410300
141330
30030303
111001224
30030300
30112221
31140300
330030003
111001221
311401110
141222000
330030000
331140000
303000111
411300003
3000333
11430030
222000411
1124400
344100000
330300300
411300000
33303000
3123210
222111000
4221030
222111003
3000330
300141003
300030411
111333000
300141000
30030330
301110
1411110
300022230
34110000
3033111
34110003
122130300
14211300
1411113
111042210
303000114
411300030
301113
304110111
11131113
14400
303000141
300411300
14403
30030222
34110030
223221000
122212110
30112140
111300330
330411000
112140003
112140000
11131110
301140
1411140
112140030
133203
1243200
133200
301143
3000441
3041400
3111033
300022200
3111030
300022203
301132200
303041100
14430
111034110
141411
330030030
111001332
44100300
12241110
133230
141111300
111300303
111030003
111300300
111030000
11401410
11430111
3000414
3111003
4110411
3000411
3111000
422130000
33311100
1411221
31222110
111001113
112111140
111001110
1112220
111341100
111300141
1112223
303000222
34110111
300030330
122122200
301221
122241000
30112110
11102220
11102223
303033000
112111113
11401221
112111110
111001140
111001143
301224
2220
111300111
2222220
44100111
2223
111300114
223410
30411111
30112113
222111111
300030303
111222300
133311
300030300
300112221
301140300
30411030
342210
3111141
30001410
30001413
11102331
31140111
30030111
112111221
111300222
11430003
11430000
303000303
303000300
3111114
30030114
3111111
30001440
300030222
330001221
300112140
314100300
30030141
4221111
3033300
304110300
14211111
300411111
30030030
111411111
303000330
1440030
300112110
11213220
301332
300112113
122130003
330000
1440000
22231110
330003
1440003
122130000
123240000
3111222
30030033
334110
1112331
2331
2334
30411000
31111410
122130030
301222110
30411003
330030
422400000
111112113
112222110
222041100
111112110
11430300
4221300
330033
30300411
222000141
43320
300030114
300001440
30300303
30300300
1411410
303111000
303111003
411001140
141300000
411300300
141300003
111030222
141300030
222033000
111112140
303000411
34110300
11422200
422101110
330001140
300030141
330300111
41401110
301413
300001410
300001413
30300330
31140030
222000222
411001113
301410
303111030
122400300
1141110
1141113
411001110
304221000
114311100
311131110
142410000
3144000
412140000
300411030
330001113
30034110
31140003
30030003
331111110
30030000
1440111
330111
31140000
301140111
330001110
300030111
30001332
301111410
30001224
301440
1141140
30333000
31110
311102220
330114
41430000
31113
14322000
2442
411300111
411030003
30001221
3111330
411030000
111030033
331410000
111030030
222000303
412111110
222000300
330141
111411003
111300411
44211000
111411000
300411003
112111410
300300411
233211000
300411000
4332000
31410300
31140
31143
30042210
3111303
3111300
300030030
11131140
300030033
3222000
111030111
34221000
3222003
412110
330300003
300300330
301140030
330300000
301140003
223110300
330300030
300030003
300030000
301140000
141001140
300001332
303111111
412113
111001413
300034110
3111411
111001410
311430000
112140111
141300111
111030141
122101410
233100300
300300303
300300300
412140
330222
244200
31111221
30300222
141001110
222000330
1141221
111411030
31221
31224
122130111
411001221
111030114
11131221
111001440
141001113
142111110
41102220
223410000
441000000
30014400
441000003
41130111
33111030
41101410
141030003
12221103
11111100
11111103
12221100
441000030
141030000
142140000
111111303
30301140
22211400
30133200
111111300
330222000
411030111
141300300
222300000
33111000
33111003
222300003
122400111
1223220
33000411
411112110
122101110
14101221
13323000
311130300
330300
1440300
330303
412221
411001410
111111330
222300030
122101113
123211110
3222030
133230000
300301221
14101140
113220
113223
122400003
122400000
300002220
300002223
111222000
111222003
112332000
122400030
13331100
41130030
330330
41130003
3312210
141001221
41130000
31332
442110000
114003111
111111411
301112220
3222111
12221130
411030030
11111130
11111133
30301113
30301110
31411110
33000330
114011211
42240000
223111110
3300030
222300111
3300003
3300000
33000303
33000300
3304110
322200
114003030
1432200
322203
300014400
14101110
122101221
141001410
111111222
441003
14101113
330411
441000
300301140
322230
31410
113331
300133200
1141410
14400111
31413
141030111
41212110
11131410
4410111
411411000
30141300
441030
311212110
112221300
14400030
11123310
30014211
30223110
222001140
300301110
33033000
4410003
31440
301411110
233101110
4410000
122101140
141411000
11242110
14400003
14400000
300301113
111144000
22322100
222001113
3013320
441000111
303311100
330111300
33000222
141030030
4410030
222001110
1133310
114003003
314100
1424100
3300033
114003000
314103
22203300
11414100
412410
44100000
111300003
111300000
44100003
322311
411022200
411141000
23313000
111304110
11103141
11144100
23310
441111
23313
314130
300141300
3001140
3001143
4111140
122322000
111300030
142110
114114000
112410030
2231103
44100030
3341100
2231100
3300141
3300114
112410003
333003000
112410000
142113
11103114
441000300
133201110
233400000
22203003
330111111
22203000
23340
414000000
3222300
414000003
11103111
414000030
11111322
33041100
3001113
314100111
4111113
4111110
33000141
3001110
3300111
142140
11402220
11111400
414000111
11111403
333011100
33000114
141112110
113221110
4111221
303303000
3300222
112410111
22211103
22211100
41130300
30112410
111013320
33000111
11100
30014100
1121100
30014103
31124100
1121103
11103222
11103
300014211
12221400
411030300
300223110
111300033
314211
14130111
22211130
30022311
23321100
14101410
2231130
222111300
11130
30014130
1121130
30141111
1121133
303012210
11133
23421
30141003
30030411
11111211
30141000
14130003
314100030
41114100
14130000
11111214
2231211
3042210
222222000
142221
304110000
11103033
441111000
304110003
311122200
33000033
2223030
314100000
330111030
314100003
30022230
12213030
141022200
11103030
12221211
311241000
3001224
3001221
33000030
1121211
411014100
30141030
114003300
111222030
1121214
330000411
12213003
11103000
11103003
12213000
33000003
330111000
22203111
330111003
331221000
33000000
3000
1113000
33004110
14130030
114122100
2223000
3333000
2223003
3003
1113003
303004110
4140030
114011400
22203030
300022311
1121241
11211
303000003
12213111
11214
303000000
3034110
303000030
441300
300014130
300141111
3030
1113030
3300330
3001332
3033
1113033
22211211
4140003
41241000
3030003
3030000
4140000
224220
11111241
11241
41122200
11244
303000033
304110030
111312210
30022203
30022200
31132200
30411300
300014100
300014103
301124100
14400300
300112410
141030300
3300303
3300300
111222111
311114100
4410300
414000300
111000222
1113111
3300411
1113114
311103111
42213000
3411000
4111410
30113220
3411003
14122200
300314100
303001113
11214003
303001110
11103411
11214000
303300111
12324000
34410000
330330000
3030030
112110222
314400
111041211
1113141
304111110
111303300
2223111
3111
41111130
3114
111422100
14241000
141014100
111033003
433200
111033000
112143000
11322
303001140
1121322
302231100
3030033
300441000
44100
3141
44103
142410
3144
2231400
41111103
3030114
3001440
41111100
300031410
3030141
111414000
112110330
111033030
141141000
3411030
44130
311111400
11214030
111004410
3001413
11431110
11222211
1412220
1121400
1121403
3001410
122211111
4140111
44130000
3030111
112110303
111000300
30330300
111000303
112110300
113220300
411301110
300322200
3112110
330002220
1121430
302220
11400
303001221
33222000
111311400
144000030
302223
11403
112110114
34111110
12213300
311103003
311103000
312213000
3411111
112110141
144000000
144000003
1113222
3222
302223000
30412110
3112113
311111211
111004221
134310
11430
300113220
42221100
11433
14130300
122211300
11111430
111000114
113220111
112110111
111000111
44211
311103030
30031221
304140000
30031113
1113300
41103030
1113303
11103330
30031110
114031110
111000144
244200000
111000141
111041103
111041100
14212110
41111211
11222130
300330300
4222110
303300300
3030222
1113330
3112140
3300
2223300
3303
41103003
314130000
41103000
11103300
30031140
11103303
111041130
1232103
122100
122103
1232100
2342100
12332100
144000111
303030003
11222103
33111300
303030000
302331
11222100
303030030
333111000
3330
3333
112221111
122100303
122100300
144111000
1232130
411002220
2334000
122130
3030330
114011103
122133
300031221
114011100
330301110
141301110
41111400
300412110
11222400
30301410
303411000
31141110
122100330
30330111
3030303
114011130
3030300
3112221
4140300
222011400
311214000
11333100
1232211
1441110
22314000
300031140
222122100
111033300
1224030
303001410
122133000
303030111
3411300
1224003
114000
30002331
114003
1224000
1113411
3411
411330000
3022203
111111114
3022200
3414
4132200
111111111
30330003
30330000
31440000
222003300
30330030
122211
331110
300031110
123210300
122214
34140000
300031113
331113
114030
44400
114033
3441
41103111
444000000
11214300
111111141
122241
331140
300301410
301141110
3141030
111033111
141002220
111000333
11132220
111123210
111000330
341400000
300330111
122211030
41222100
3141003
3030411
3141000
11214111
333000300
414111000
41103300
3022230
144000300
1224111
33111111
114111
303112110
114114
111000414
111111003
31112220
111000411
111111000
300330030
3022311
311103300
331221
122322
112221030
311222100
3141111
32220
114141
1142220
3014130
32223
14114100
111000441
30002220
112110411
30002223
111041400
111111033
111111030
133311000
30301221
222114000
122211000
123321000
122211003
300330003
3112410
300330000
301440000
112221000
3014100
113331000
300002331
3014103
4124100
112221003
122100411
1232400
300003300
300003303
122100033
222012210
30003141
30044100
301232100
300122103
11411130
41131110
300122100
14102220
22241100
22200141
122400
31121400
413220
122403
301113300
123210111
322211100
33030111
114222
11411103
11411100
33001410
411031110
141330000
223110000
224220000
330014100
122430
223110003
33411000
300011430
123210000
32331
123210003
322203000
31113111
422111100
11403000
11403003
222303000
133200300
111311103
111311100
112421100
22200114
341101110
30003114
122100003
114301110
122100000
124320000
1343100
300011400
122104110
300302220
300011403
441300000
30003111
3014211
30011322
333000111
123210030
300003222
3223110
33030030
122100030
23310111
114300
22200111
114303
1224300
30011211
33030003
333000030
33030000
30011214
301121400
233103
14401110
233100
30003033
330022200
223110111
303111300
331410
333000000
333000003
222000033
3141300
114330
31113030
30003030
30011241
141031110
111114300
300003141
4411110
222000030
300044100
233130
233100111
33300300
222004110
222000003
122100222
222000000
22200303
22200300
23310300
223110030
3301110
300003111
122100111
222000114
300003114
3301113
22200222
222000111
122100114
334110000
300011322
441001110
31121211
303222000
330141000
301113111
323310
114411
122100141
122141100
111233100
422103000
30003000
31113003
33001221
30003003
31113000
32223000
442110
233211
22233000
113220030
233100000
12210111
233100003
300011241
111012240
112114110
31121103
30011100
30011103
31121100
122411100
233100030
113220003
112110003
112110000
133200111
113220000
22212210
44400000
11104140
234210000
3301140
11100033
11112321
300011211
3014400
300011214
312221100
31121130
30011130
301113030
311111103
30011133
300003030
311111100
300003033
311100
441030000
1421100
1421103
311103
3133200
114330000
3002220
3002223
33001140
111000030
30023310
11100141
341130000
11141100
11141103
301121211
111004113
311111130
111004110
30142110
44101110
32231100
3301221
300003000
301113003
311133
11100144
300003003
301113000
111000000
311130
111000003
1421130
112110030
33001110
4112220
13320111
24420
111303111
11411400
11100111
12210141
33001113
133200030
133200000
14131110
111004140
33300111
133200003
11104221
143220
330030300
12210114
144300000
414001110
11100114
111000033
111012321
112110033
4440000
13320003
13320000
22200030
1421211
22200003
22200000
13320030
122112210
301121130
11112240
300011130
300011133
303000
22204110
1413000
1413003
303003
11411211
330001410
311214
303300030
23310030
311211
303300003
2232210
303030
12210
303300000
1413030
22200033
1122210
330030111
304410000
1122213
12213
111311130
12222210
30314100
11403030
233400
11112210
11112213
314400000
301121103
300011100
303033
300011103
301121100
2220000
33300030
2220003
330112110
11104110
111311211
11100000
11403111
11100003
12210033
112122210
311241
314101110
2224110
12240
23310003
414300000
1122240
12243
23310000
111303030
12210030
24420000
30322200
11100030
11104113
33300000
3330030
33300003
2220030
1110000
3330003
3330000
1413111
1110003
12214110
114002220
111012213
12210003
12210000
14430000
1114110
300023310
111012210
122403000
3002331
30441000
30031410
111303003
111303000
112413000
222311100
300142110
