1#[0, 1, 2, 3, 4, 5, 6]
4#[0, 1, 2, 3, 4, 5]
1030#[0, 1, 2, 3, 4, 5, 6]
21001#[0, 1, 2, 3, 4, 5, 6]
10#[0, 1, 2, 3, 4, 5, 6]
200200#[0, 1, 2, 3, 4, 5, 6]
13#[0, 1, 2, 3, 4, 5, 6]
2110000#[0, 1, 2, 3, 4, 5, 6]
21010#[0, 1, 2, 3, 4, 5, 6]
110101#[1, 2, 4, 6]
1002010#[0, 1, 2, 3, 4, 5, 6]
22#[0, 1, 2, 3, 4, 5, 6]
1010200#[0, 1, 2, 3, 4, 5, 6]
3100#[0, 1, 2, 3, 4, 5, 6]
1002001#[0, 1, 2, 3, 4, 5, 6]
31#[0, 1, 2, 3, 4, 5, 6]
110110#[1, 2, 4, 5]
20002#[0, 1, 2, 3, 4, 5, 6]
1001002#[0, 1, 2, 3, 4, 5, 6]
40#[0, 1, 2, 3, 4, 6]
20011#[0, 1, 2, 3, 4, 5, 6]
1300000#[0, 1, 2, 3, 4, 5, 6]
1001020#[0, 1, 2, 3, 4, 5, 6]
20020#[0, 1, 2, 3, 4, 5, 6]
2101#[0, 1, 2, 3, 4, 5, 6]
211000#[0, 1, 2, 3, 4, 5, 6]
10300#[0, 1, 2, 3, 4, 5, 6]
1001011#[0, 3, 5, 6]
2110#[0, 1, 2, 3, 4, 5, 6]
300100#[0, 1, 2, 3, 4, 5, 6]
40000#[0, 1, 3, 4, 5, 6]
1000012#[0, 1, 2, 3, 4, 5, 6]
1110100#[0, 1, 2, 4]
1021000#[0, 1, 2, 3, 4, 5, 6]
1000003#[0, 1, 2, 3, 4, 5, 6]
2002000#[0, 1, 2, 3, 4, 5, 6]
1102#[0, 1, 2, 3, 4, 5, 6]
1000000#[0, 1, 2, 3, 4, 5, 6]
1000030#[0, 1, 2, 3, 4, 5, 6]
210001#[0, 1, 2, 3, 4, 5, 6]
1111#[3, 4, 5, 6]
210010#[0, 1, 2, 3, 4, 5, 6]
103000#[0, 1, 2, 3, 4, 5, 6]
1000021#[0, 1, 2, 3, 4, 5, 6]
1120#[0, 1, 2, 3, 4, 5, 6]
100#[0, 1, 2, 3, 4, 5, 6]
1020010#[0, 1, 2, 3, 4, 5, 6]
103#[0, 1, 2, 3, 4, 5, 6]
2001010#[0, 1, 2, 3, 4, 5, 6]
21100#[0, 1, 2, 3, 4, 5, 6]
1020001#[0, 1, 2, 3, 4, 5, 6]
112#[0, 1, 2, 3, 4, 5, 6]
102001#[0, 1, 2, 3, 4, 5, 6]
2001001#[0, 1, 2, 3, 4, 5, 6]
121#[0, 1, 2, 3, 4, 5, 6]
110200#[0, 1, 2, 3, 4, 5, 6]
1002100#[0, 1, 2, 3, 4, 5, 6]
102010#[0, 1, 2, 3, 4, 5, 6]
130#[0, 1, 2, 3, 4, 5, 6]
1001101#[0, 3, 4, 6]
1210000#[0, 1, 2, 3, 4, 5, 6]
20101#[0, 1, 2, 3, 4, 5, 6]
3001000#[0, 1, 2, 3, 4, 5, 6]
400000#[0, 2, 3, 4, 5, 6]
2000020#[0, 1, 2, 3, 4, 5, 6]
101002#[0, 1, 2, 3, 4, 5, 6]
20110#[0, 1, 2, 3, 4, 5, 6]
101011#[1, 3, 5, 6]
2000011#[0, 1, 2, 3, 4, 5, 6]
2200#[0, 1, 2, 3, 4, 5, 6]
1001110#[0, 3, 4, 5]
2000002#[0, 1, 2, 3, 4, 5, 6]
101020#[0, 1, 2, 3, 4, 5, 6]
1102000#[0, 1, 2, 3, 4, 5, 6]
1000111#[0, 4, 5, 6]
100000#[0, 1, 2, 3, 4, 5, 6]
100003#[0, 1, 2, 3, 4, 5, 6]
121000#[0, 1, 2, 3, 4, 5, 6]
1000102#[0, 1, 2, 3, 4, 5, 6]
100012#[0, 1, 2, 3, 4, 5, 6]
1201#[0, 1, 2, 3, 4, 5, 6]
100021#[0, 1, 2, 3, 4, 5, 6]
210100#[0, 1, 2, 3, 4, 5, 6]
1000120#[0, 1, 2, 3, 4, 5, 6]
1210#[0, 1, 2, 3, 4, 5, 6]
2020000#[0, 1, 2, 3, 4, 5, 6]
100030#[0, 1, 2, 3, 4, 5, 6]
120001#[0, 1, 2, 3, 4, 5, 6]
1101010#[0, 1, 3, 5]
13000#[0, 1, 2, 3, 4, 5, 6]
202#[0, 1, 2, 3, 4, 5, 6]
1020100#[0, 1, 2, 3, 4, 5, 6]
120010#[0, 1, 2, 3, 4, 5, 6]
2001100#[0, 1, 2, 3, 4, 5, 6]
211#[0, 1, 2, 3, 4, 5, 6]
102100#[0, 1, 2, 3, 4, 5, 6]
1101001#[0, 1, 3, 6]
220#[0, 1, 2, 3, 4, 5, 6]
12001#[0, 1, 2, 3, 4, 5, 6]
1100020#[0, 1, 2, 3, 4, 5, 6]
3000010#[0, 1, 2, 3, 4, 5, 6]
20200#[0, 1, 2, 3, 4, 5, 6]
12010#[0, 1, 2, 3, 4, 5, 6]
3000001#[0, 1, 2, 3, 4, 5, 6]
101101#[1, 3, 4, 6]
2000110#[0, 1, 2, 3, 4, 5, 6]
1100002#[0, 1, 2, 3, 4, 5, 6]
310000#[0, 1, 2, 3, 4, 5, 6]
101110#[1, 3, 4, 5]
11002#[0, 1, 2, 3, 4, 5, 6]
2000101#[0, 1, 2, 3, 4, 5, 6]
1100011#[0, 1, 5, 6]
1001200#[0, 1, 2, 3, 4, 5, 6]
2100001#[0, 1, 2, 3, 4, 5, 6]
11011#[2, 3, 5, 6]
1000201#[0, 1, 2, 3, 4, 5, 6]
100102#[0, 1, 2, 3, 4, 5, 6]
3000100#[0, 1, 2, 3, 4, 5, 6]
2100010#[0, 1, 2, 3, 4, 5, 6]
11020#[0, 1, 2, 3, 4, 5, 6]
100111#[1, 4, 5, 6]
10000#[0, 1, 2, 3, 4, 5, 6]
1120000#[0, 1, 2, 3, 4, 5, 6]
202000#[0, 1, 2, 3, 4, 5, 6]
10003#[0, 1, 2, 3, 4, 5, 6]
1300#[0, 1, 2, 3, 4, 5, 6]
31000#[0, 1, 2, 3, 4, 5, 6]
100120#[0, 1, 2, 3, 4, 5, 6]
10012#[0, 1, 2, 3, 4, 5, 6]
1000210#[0, 1, 2, 3, 4, 5, 6]
120100#[0, 1, 2, 3, 4, 5, 6]
10021#[0, 1, 2, 3, 4, 5, 6]
2101000#[0, 1, 2, 3, 4, 5, 6]
201001#[0, 1, 2, 3, 4, 5, 6]
301#[0, 1, 2, 3, 4, 5, 6]
10030#[0, 1, 2, 3, 4, 5, 6]
1012000#[0, 1, 2, 3, 4, 5, 6]
30001#[0, 1, 2, 3, 4, 5, 6]
201010#[0, 1, 2, 3, 4, 5, 6]
1011001#[0, 2, 3, 6]
310#[0, 1, 2, 3, 4, 5, 6]
30010#[0, 1, 2, 3, 4, 5, 6]
1101100#[0, 1, 3, 4]
4000000#[1, 2, 3, 4, 5, 6]
200002#[0, 1, 2, 3, 4, 5, 6]
12100#[0, 1, 2, 3, 4, 5, 6]
200011#[0, 1, 2, 3, 4, 5, 6]
1011010#[0, 2, 3, 5]
3100000#[0, 1, 2, 3, 4, 5, 6]
101200#[0, 1, 2, 3, 4, 5, 6]
1010011#[0, 2, 5, 6]
1100101#[0, 1, 4, 6]
2000200#[0, 1, 2, 3, 4, 5, 6]
200020#[0, 1, 2, 3, 4, 5, 6]
1010002#[0, 1, 2, 3, 4, 5, 6]
11101#[2, 3, 4, 6]
1100110#[0, 1, 4, 5]
220000#[0, 1, 2, 3, 4, 5, 6]
1000300#[0, 1, 2, 3, 4, 5, 6]
2011000#[0, 1, 2, 3, 4, 5, 6]
11110#[2, 3, 4, 5]
100201#[0, 1, 2, 3, 4, 5, 6]
1010020#[0, 1, 2, 3, 4, 5, 6]
100210#[0, 1, 2, 3, 4, 5, 6]
10102#[0, 1, 2, 3, 4, 5, 6]
1201000#[0, 1, 2, 3, 4, 5, 6]
1030000#[0, 1, 2, 3, 4, 5, 6]
10111#[2, 4, 5, 6]
112000#[0, 1, 2, 3, 4, 5, 6]
2010010#[0, 1, 2, 3, 4, 5, 6]
10120#[0, 1, 2, 3, 4, 5, 6]
201100#[0, 1, 2, 3, 4, 5, 6]
2010001#[0, 1, 2, 3, 4, 5, 6]
400#[0, 1, 2, 3, 5, 6]
1011100#[0, 2, 3, 4]
1200001#[0, 1, 2, 3, 4, 5, 6]
30100#[0, 1, 2, 3, 4, 5, 6]
111001#[1, 2, 3, 6]
1200010#[0, 1, 2, 3, 4, 5, 6]
4000#[0, 1, 2, 4, 5, 6]
111010#[1, 2, 3, 5]
2100100#[0, 1, 2, 3, 4, 5, 6]
200101#[0, 1, 2, 3, 4, 5, 6]
200110#[0, 1, 2, 3, 4, 5, 6]
1010110#[0, 2, 4, 5]
110002#[0, 1, 2, 3, 4, 5, 6]
1100200#[0, 1, 2, 3, 4, 5, 6]
3001#[0, 1, 2, 3, 4, 5, 6]
110011#[1, 2, 5, 6]
1010101#[0, 2, 4, 6]
11200#[0, 1, 2, 3, 4, 5, 6]
3010#[0, 1, 2, 3, 4, 5, 6]
110020#[0, 1, 2, 3, 4, 5, 6]
1111000#[0, 1, 2, 3]
301000#[0, 1, 2, 3, 4, 5, 6]
100300#[0, 1, 2, 3, 4, 5, 6]
130000#[0, 1, 2, 3, 4, 5, 6]
2002#[0, 1, 2, 3, 4, 5, 6]
10201#[0, 1, 2, 3, 4, 5, 6]
2011#[0, 1, 2, 3, 4, 5, 6]
2200000#[0, 1, 2, 3, 4, 5, 6]
1110001#[0, 1, 2, 6]
10210#[0, 1, 2, 3, 4, 5, 6]
2020#[0, 1, 2, 3, 4, 5, 6]
300001#[0, 1, 2, 3, 4, 5, 6]
1000#[0, 1, 2, 3, 4, 5, 6]
1110010#[0, 1, 2, 5]
2010100#[0, 1, 2, 3, 4, 5, 6]
1003#[0, 1, 2, 3, 4, 5, 6]
300010#[0, 1, 2, 3, 4, 5, 6]
22000#[0, 1, 2, 3, 4, 5, 6]
1012#[0, 1, 2, 3, 4, 5, 6]
1200100#[0, 1, 2, 3, 4, 5, 6]
1003000#[0, 1, 2, 3, 4, 5, 6]
1021#[0, 1, 2, 3, 4, 5, 6]
3010000#[0, 1, 2, 3, 4, 5, 6]
111100#[1, 2, 3, 4]
