2132000#[0, 1, 3]
311300#[2, 3]
2#[0, 1, 2, 3, 4, 5, 6]
43010#[5]
303110#[4, 5]
4100#[4]
1032200#[0, 3, 4]
4103#[4]
3113000#[1, 2]
213002#[1, 2, 6]
11#[5, 6]
12302#[2, 3, 6]
14#[5]
2013200#[0, 2, 4]
2302001#[0, 3, 6]
430100#[4]
3031100#[3, 4]
4010030#[2]
20#[0, 1, 2, 3, 4, 5, 6]
23#[0, 1, 2, 3, 4, 5, 6]
2302010#[0, 3, 5]
2310200#[0, 2, 4]
213020#[1, 2, 5]
32#[0, 1, 2, 3, 4, 5, 6]
12320#[2, 3, 5]
4130#[4]
340001#[6]
2003003#[0, 1, 2, 3, 4, 5, 6]
2003000#[0, 1, 2, 3, 4, 5, 6]
301100#[3, 4]
41000#[3]
41#[6]
301103#[3, 4]
41003#[3]
3000320#[0, 1, 2, 3, 4, 5, 6]
4010000#[2]
4010003#[2]
340010#[5]
100400#[1]
100403#[1]
1030202#[0, 4, 6]
2102#[3, 4, 6]
1022003#[0, 2, 3]
10301#[2, 6]
1022000#[0, 2, 3]
2300003#[0, 1, 2, 3, 4, 5, 6]
10304#[2]
1022030#[0, 2, 3]
2300000#[0, 1, 2, 3, 4, 5, 6]
1030220#[0, 4, 5]
2130020#[0, 1, 5]
10310#[2, 5]
41030#[3]
2003030#[0, 1, 2, 3, 4, 5, 6]
2120#[3, 4, 5]
10313#[2, 5]
2123#[3, 4, 5]
301130#[3, 4]
2300012#[0, 5, 6]
100430#[1]
10322#[2, 5, 6]
2003021#[0, 5, 6]
2132#[3, 4, 6]
2300021#[0, 5, 6]
1200203#[0, 1, 4]
2003012#[0, 5, 6]
1200200#[0, 1, 4]
10331#[2, 6]
43100#[4]
2300030#[0, 1, 2, 3, 4, 5, 6]
2001023#[0, 3, 5]
2001020#[0, 3, 5]
303200#[0, 1, 2, 3, 4, 5, 6]
3410000#[2]
10340#[2]
101#[4, 6]
104#[4]
4202#[4, 6]
1020002#[0, 2, 6]
1403000#[0]
110#[4, 5]
1202300#[0, 1, 3]
113#[4, 5]
2130002#[0, 1, 6]
2001002#[0, 3, 6]
1200230#[0, 1, 4]
422000#[2, 3]
3000410#[5]
221300#[1, 2, 3]
1020023#[0, 2, 5]
122#[4, 5, 6]
1020020#[0, 2, 5]
123002#[1, 2, 6]
3000401#[6]
4220#[4, 5]
2003102#[0, 4, 6]
3201200#[1, 3, 4]
340100#[4]
131#[4, 6]
134#[4]
2220200#[0, 1, 2, 4]
4301000#[3]
140#[4]
123020#[1, 2, 5]
1020032#[0, 2, 6]
143#[4]
2042000#[0, 3]
1030301#[0, 6]
2001032#[0, 3, 6]
301202#[3, 4, 6]
2201#[3, 4, 6]
2204#[3, 4]
301220#[3, 4, 5]
10400#[2]
2210#[3, 4, 5]
10403#[2]
420002#[2, 6]
2213#[3, 4, 5]
1030310#[0, 5]
2003120#[0, 4, 5]
2222#[3, 4, 5, 6]
420020#[2, 5]
3023000#[0, 1, 2, 3, 4, 5, 6]
2231#[3, 4, 6]
2302100#[0, 3, 4]
1200302#[0, 1, 6]
10430#[2]
2240#[3, 4]
200#[0, 1, 2, 3, 4, 5, 6]
2040020#[0, 5]
203#[0, 1, 2, 3, 4, 5, 6]
4301#[6]
2210030#[0, 1, 2]
1200320#[0, 1, 5]
213200#[1, 2, 4]
212#[4, 5, 6]
4310#[5]
4002020#[3, 5]
2040002#[0, 6]
221#[4, 5, 6]
224#[4, 5]
3021002#[2, 3, 6]
2300102#[0, 4, 6]
332000#[0, 1, 2, 3, 4, 5, 6]
230#[0, 1, 2, 3, 4, 5, 6]
131300#[1, 3]
233#[0, 1, 2, 3, 4, 5, 6]
33002#[0, 1, 2, 3, 4, 5, 6]
1100030#[0, 1]
4002002#[3, 6]
1100000#[0, 1]
301301#[3, 6]
2210000#[0, 1, 2]
3021020#[2, 3, 5]
3320000#[0, 1, 2, 3, 4, 5, 6]
242#[4, 6]
2210003#[0, 1, 2]
4100300#[1]
33011#[5, 6]
1100003#[0, 1]
203003#[0, 1, 2, 3, 4, 5, 6]
301310#[3, 5]
203000#[0, 1, 2, 3, 4, 5, 6]
2300120#[0, 4, 5]
33020#[0, 1, 2, 3, 4, 5, 6]
2300#[0, 1, 2, 3, 4, 5, 6]
1313000#[0, 2]
2303#[0, 1, 2, 3, 4, 5, 6]
4010300#[2]
3230000#[0, 1, 2, 3, 4, 5, 6]
203012#[1, 5, 6]
2312#[3, 5, 6]
2300201#[0, 4, 6]
3103010#[1, 5]
203021#[1, 5, 6]
1030400#[0]
2321#[3, 5, 6]
2300210#[0, 4, 5]
1100033#[0, 1]
2003210#[0, 4, 5]
203030#[0, 1, 2, 3, 4, 5, 6]
330002#[0, 1, 2, 3, 4, 5, 6]
31001#[3, 6]
2330#[0, 1, 2, 3, 4, 5, 6]
31004#[3]
330011#[5, 6]
2003201#[0, 4, 6]
330020#[0, 1, 2, 3, 4, 5, 6]
4000031#[6]
31010#[3, 5]
1020203#[0, 2, 4]
31013#[3, 5]
1020200#[0, 2, 4]
201002#[1, 3, 6]
4000022#[5, 6]
2001203#[0, 3, 4]
302#[0, 1, 2, 3, 4, 5, 6]
31022#[3, 5, 6]
2001200#[0, 3, 4]
4000013#[5]
3103001#[1, 6]
4000010#[5]
31031#[3, 6]
311#[5, 6]
2130200#[0, 1, 4]
314#[5]
4000001#[6]
201023#[1, 3, 5]
201020#[1, 3, 5]
320#[0, 1, 2, 3, 4, 5, 6]
31040#[3]
2204000#[0, 1]
123200#[1, 2, 4]
323#[0, 1, 2, 3, 4, 5, 6]
3101030#[1, 3]
1020230#[0, 2, 4]
1223000#[0, 1, 2]
201032#[1, 3, 6]
332#[0, 1, 2, 3, 4, 5, 6]
33101#[4, 6]
2001230#[0, 3, 4]
3103100#[1, 4]
1022300#[0, 2, 3]
242000#[1, 3]
41300#[3]
341#[6]
33110#[4, 5]
4000100#[4]
4000103#[4]
1010003#[0, 2]
301400#[3]
203102#[1, 4, 6]
1010000#[0, 2]
2120000#[0, 1, 2]
1010030#[0, 2]
2402#[3, 6]
2120003#[0, 1, 2]
3101003#[1, 3]
3101000#[1, 3]
113000#[1, 2]
113003#[1, 2]
420200#[2, 4]
330101#[4, 6]
3400001#[6]
203120#[1, 4, 5]
2420#[3, 5]
3400010#[5]
2003300#[0, 1, 2, 3, 4, 5, 6]
330110#[4, 5]
31100#[3, 4]
2120030#[0, 1, 2]
1010033#[0, 2]
31103#[3, 4]
240002#[1, 6]
1020302#[0, 2, 6]
3310001#[2, 6]
2202020#[0, 1, 3, 5]
113030#[1, 2]
3310010#[2, 5]
2001302#[0, 3, 6]
3140000#[1]
401#[6]
410003#[2]
3011000#[2, 3]
2032010#[0, 3, 5]
410000#[2]
3011003#[2, 3]
240020#[1, 5]
2040200#[0, 4]
3400100#[4]
410#[5]
31130#[3, 4]
413#[5]
2032001#[0, 3, 6]
2030012#[0, 5, 6]
3013001#[2, 6]
4002200#[3, 4]
422#[5, 6]
410030#[2]
2030003#[0, 1, 2, 3, 4, 5, 6]
2030000#[0, 1, 2, 3, 4, 5, 6]
2300300#[0, 1, 2, 3, 4, 5, 6]
1020320#[0, 2, 5]
431#[6]
33200#[0, 1, 2, 3, 4, 5, 6]
2202002#[0, 1, 3, 6]
2001320#[0, 3, 5]
3021200#[2, 3, 4]
3013010#[2, 5]
4000130#[4]
3013100#[2, 4]
203201#[1, 4, 6]
203210#[1, 4, 5]
2200040#[0, 1]
1303001#[0, 6]
2030030#[0, 1, 2, 3, 4, 5, 6]
322001#[2, 3, 6]
23000#[0, 1, 2, 3, 4, 5, 6]
1133000#[0, 1]
23003#[0, 1, 2, 3, 4, 5, 6]
2030021#[0, 5, 6]
330200#[0, 1, 2, 3, 4, 5, 6]
2210300#[0, 1, 2]
322010#[2, 3, 5]
2200001#[0, 1, 6]
4000220#[4, 5]
31202#[3, 4, 6]
23012#[2, 5, 6]
2200004#[0, 1]
1430000#[0]
2200010#[0, 1, 5]
2200013#[0, 1, 5]
1004003#[0]
23021#[2, 5, 6]
1004000#[0]
201203#[1, 3, 4]
1303010#[0, 5]
1004030#[0]
201200#[1, 3, 4]
31220#[3, 4, 5]
23030#[0, 1, 2, 3, 4, 5, 6]
2200022#[0, 1, 5, 6]
4000202#[4, 6]
3011030#[2, 3]
2032100#[0, 3, 4]
2200031#[0, 1, 6]
320000#[0, 1, 2, 3, 4, 5, 6]
2200100#[0, 1, 4]
2200103#[0, 1, 4]
320003#[0, 1, 2, 3, 4, 5, 6]
320012#[2, 5, 6]
2030102#[0, 4, 6]
21002#[2, 3, 6]
4000310#[5]
201230#[1, 3, 4]
3220001#[1, 2, 6]
4000301#[6]
320021#[2, 5, 6]
1301003#[0, 3]
320030#[0, 1, 2, 3, 4, 5, 6]
3220010#[1, 2, 5]
1301000#[0, 3]
1100300#[0, 1]
21020#[2, 3, 5]
1002002#[0, 3, 6]
1100303#[0, 1]
21023#[2, 3, 5]
4031000#[3]
3310100#[2, 4]
203300#[0, 1, 2, 3, 4, 5, 6]
21032#[2, 3, 6]
1002023#[0, 3, 5]
1002020#[0, 3, 5]
1303100#[0, 4]
322100#[2, 3, 4]
1301030#[0, 3]
2030120#[0, 4, 5]
1043000#[0]
1100330#[0, 1]
23102#[2, 4, 6]
1002032#[0, 3, 6]
232001#[1, 3, 6]
3302000#[0, 1, 2, 3, 4, 5, 6]
1000013#[0, 5]
31301#[3, 6]
1000010#[0, 5]
232010#[1, 3, 5]
240200#[1, 4]
2321000#[0, 2, 3]
1000004#[0]
2120300#[0, 1, 2]
1000001#[0, 6]
31310#[3, 5]
23120#[2, 4, 5]
1000031#[0, 6]
402002#[3, 6]
201302#[1, 3, 6]
3003002#[0, 1, 2, 3, 4, 5, 6]
103001#[1, 6]
1000022#[0, 5, 6]
3101300#[1, 3]
103004#[1]
2024000#[0, 2]
320102#[2, 4, 6]
402020#[3, 5]
2200130#[0, 1, 4]
103010#[1, 5]
103013#[1, 5]
1000043#[0]
2030201#[0, 4, 6]
1000040#[0]
201320#[1, 3, 5]
2022002#[0, 2, 3, 6]
1000034#[0]
103022#[1, 5, 6]
230003#[0, 1, 2, 3, 4, 5, 6]
1010303#[0, 2]
230000#[0, 1, 2, 3, 4, 5, 6]
1010300#[0, 2]
1340000#[0]
103031#[1, 6]
2202200#[0, 1, 3, 4]
320120#[2, 4, 5]
230012#[1, 5, 6]
103040#[1]
3001004#[3]
3001001#[3, 6]
230021#[1, 5, 6]
3300020#[0, 1, 2, 3, 4, 5, 6]
400001#[6]
101000#[1, 3]
101003#[1, 3]
400013#[5]
400010#[5]
230030#[0, 1, 2, 3, 4, 5, 6]
3300002#[0, 1, 2, 3, 4, 5, 6]
400022#[5, 6]
3001022#[3, 5, 6]
314000#[2]
113300#[1, 2]
1010330#[0, 2]
3001013#[3, 5]
3300011#[5, 6]
400031#[6]
2022020#[0, 2, 3, 5]
2030210#[0, 4, 5]
3001010#[3, 5]
3003020#[0, 1, 2, 3, 4, 5, 6]
23201#[2, 4, 6]
2020031#[0, 2, 6]
232100#[1, 3, 4]
101030#[1, 3]
101033#[1, 3]
2020022#[0, 2, 5, 6]
1000103#[0, 4]
31400#[3]
23210#[2, 4, 5]
2200202#[0, 1, 4, 6]
1000100#[0, 4]
3003011#[5, 6]
2020013#[0, 2, 5]
2020010#[0, 2, 5]
3130010#[1, 5]
3220100#[1, 2, 4]
2020004#[0, 2]
410300#[2]
2200220#[0, 1, 4, 5]
103100#[1, 4]
3130001#[1, 6]
103103#[1, 4]
2020001#[0, 2, 6]
2030300#[0, 1, 2, 3, 4, 5, 6]
312002#[2, 3, 6]
13001#[2, 6]
3011300#[2, 3]
1000133#[0, 4]
3003110#[4, 5]
2200301#[0, 1, 6]
13004#[2]
320201#[2, 4, 6]
1000130#[0, 4]
2102000#[0, 1, 3]
312020#[2, 3, 5]
21200#[2, 3, 4]
3212000#[1, 2, 3]
13010#[2, 5]
2102003#[0, 1, 3]
21203#[2, 3, 4]
1002203#[0, 3, 4]
230102#[1, 4, 6]
13013#[2, 5]
2020040#[0, 2]
320210#[2, 4, 5]
2200310#[0, 1, 5]
1002200#[0, 3, 4]
103130#[1, 4]
3130100#[1, 4]
13022#[2, 5, 6]
140003#[1]
400103#[4]
140000#[1]
400100#[4]
13031#[2, 6]
3001031#[3, 6]
230120#[1, 4, 5]
21230#[2, 3, 4]
310004#[2]
13040#[2]
3003101#[4, 6]
310001#[2, 6]
11000#[2, 3]
310013#[2, 5]
1002230#[0, 3, 4]
2231000#[0, 1, 3]
11003#[2, 3]
140030#[1]
3001040#[3]
310010#[2, 5]
2100002#[0, 1, 6]
310022#[2, 5, 6]
224000#[1, 2]
1004300#[0]
23300#[0, 1, 2, 3, 4, 5, 6]
400130#[4]
1000202#[0, 4, 6]
3001130#[3, 4]
310031#[2, 6]
1000223#[0, 4, 5]
1000220#[0, 4, 5]
2100020#[0, 1, 5]
3210020#[1, 2, 5]
11030#[2, 3]
2100023#[0, 1, 5]
2020103#[0, 2, 4]
11033#[2, 3]
2020100#[0, 2, 4]
310040#[2]
402200#[3, 4]
3001100#[3, 4]
3210002#[1, 2, 6]
3001103#[3, 4]
103202#[1, 4, 6]
3040010#[5]
2022200#[0, 2, 3, 4]
1033001#[0, 6]
1000232#[0, 4, 6]
1301300#[0, 3]
1203002#[0, 1, 6]
320300#[0, 1, 2, 3, 4, 5, 6]
13100#[2, 4]
2102030#[0, 1, 3]
13103#[2, 4]
3040001#[6]
222002#[1, 2, 3, 6]
1002302#[0, 3, 6]
103220#[1, 4, 5]
21302#[2, 3, 6]
3300101#[4, 6]
230201#[1, 4, 6]
2020130#[0, 2, 4]
3300110#[4, 5]
1033010#[0, 5]
230210#[1, 4, 5]
1330001#[0, 6]
222020#[1, 2, 3, 5]
21320#[2, 3, 5]
13130#[2, 4]
3040100#[4]
400202#[4, 6]
1330010#[0, 5]
310100#[2, 4]
310103#[2, 4]
1031003#[0, 3]
1031000#[0, 3]
3300200#[0, 1, 2, 3, 4, 5, 6]
400220#[4, 5]
1203020#[0, 1, 5]
1002320#[0, 3, 5]
3001202#[3, 4, 6]
2100032#[0, 1, 6]
2012030#[0, 2, 3]
220001#[1, 2, 6]
2020220#[0, 2, 4, 5]
1000301#[0, 6]
4103000#[1]
220004#[1, 2]
220010#[1, 2, 5]
3003200#[0, 1, 2, 3, 4, 5, 6]
220013#[1, 2, 5]
2200400#[0, 1]
134000#[1]
2020202#[0, 2, 4, 6]
220022#[1, 2, 5, 6]
310130#[2, 4]
1000313#[0, 5]
1000310#[0, 5]
1031030#[0, 3]
220031#[1, 2, 6]
2012003#[0, 2, 3]
2012000#[0, 2, 3]
3122000#[1, 2, 3]
1000304#[0]
1033100#[0, 4]
103301#[1, 6]
1000331#[0, 6]
304001#[6]
220040#[1, 2]
312200#[2, 3, 4]
2010002#[0, 2, 6]
1000322#[0, 5, 6]
304010#[5]
103310#[1, 5]
13202#[2, 4, 6]
1000340#[0]
431000#[3]
230300#[0, 1, 2, 3, 4, 5, 6]
132002#[1, 3, 6]
1330100#[0, 4]
13220#[2, 4, 5]
3001220#[3, 4, 5]
400301#[6]
3120002#[1, 2, 6]
2010032#[0, 2, 6]
400310#[5]
4310000#[2]
302000#[0, 1, 2, 3, 4, 5, 6]
101300#[1, 3]
101303#[1, 3]
132020#[1, 3, 5]
302003#[0, 1, 2, 3, 4, 5, 6]
302012#[3, 5, 6]
2010023#[0, 2, 5]
3002#[0, 1, 2, 3, 4, 5, 6]
2010020#[0, 2, 5]
3120020#[1, 2, 5]
310202#[2, 4, 6]
302021#[3, 5, 6]
3011#[5, 6]
220103#[1, 2, 4]
3014#[5]
220100#[1, 2, 4]
2100200#[0, 1, 4]
310220#[2, 4, 5]
2020310#[0, 2, 5]
302030#[0, 1, 2, 3, 4, 5, 6]
2100203#[0, 1, 4]
3020#[0, 1, 2, 3, 4, 5, 6]
3023#[0, 1, 2, 3, 4, 5, 6]
130001#[1, 6]
101330#[1, 3]
2020301#[0, 2, 6]
130004#[1]
3030011#[5, 6]
3032#[0, 1, 2, 3, 4, 5, 6]
130010#[1, 5]
130013#[1, 5]
3030002#[0, 1, 2, 3, 4, 5, 6]
1000403#[0]
1000400#[0]
304100#[4]
3202001#[1, 3, 6]
220130#[1, 2, 4]
3041#[6]
1000430#[0]
300002#[0, 1, 2, 3, 4, 5, 6]
130022#[1, 5, 6]
3210200#[1, 2, 4]
103400#[1]
1001#[3, 6]
3202010#[1, 3, 5]
300014#[5]
1004#[3]
3032000#[0, 1, 2, 3, 4, 5, 6]
130031#[1, 6]
300011#[5, 6]
300020#[0, 1, 2, 3, 4, 5, 6]
1010#[3, 5]
300023#[0, 1, 2, 3, 4, 5, 6]
3001310#[3, 5]
4013000#[2]
13301#[2, 6]
1013#[3, 5]
3001301#[3, 6]
130040#[1]
222200#[1, 2, 3, 4]
13310#[2, 5]
1022#[3, 5, 6]
3202100#[1, 3, 4]
300032#[0, 1, 2, 3, 4, 5, 6]
1322000#[0, 2, 3]
1031#[3, 6]
1034#[3]
300041#[6]
341000#[3]
140300#[1]
1040#[3]
1203200#[0, 1, 4]
302102#[3, 4, 6]
42002#[3, 6]
1043#[3]
3001400#[3]
1023002#[0, 2, 6]
310301#[2, 6]
3101#[4, 6]
212003#[1, 2, 3]
4220000#[1, 2]
3104#[4]
310310#[2, 5]
212000#[1, 2, 3]
1023020#[0, 2, 5]
42020#[3, 5]
11300#[2, 3]
3200021#[1, 5, 6]
2100230#[0, 1, 4]
3110#[4, 5]
11303#[2, 3]
220202#[1, 2, 4, 6]
3113#[4, 5]
3030020#[0, 1, 2, 3, 4, 5, 6]
2004020#[0, 5]
302120#[3, 4, 5]
3200030#[0, 1, 2, 3, 4, 5, 6]
2020400#[0, 2]
3200000#[0, 1, 2, 3, 4, 5, 6]
3122#[4, 5, 6]
3200003#[0, 1, 2, 3, 4, 5, 6]
130100#[1, 4]
130103#[1, 4]
2303000#[0, 1, 2, 3, 4, 5, 6]
3131#[4, 6]
2102300#[0, 1, 3]
3200012#[1, 5, 6]
2004002#[0, 6]
212030#[1, 2, 3]
220220#[1, 2, 4, 5]
2100320#[0, 1, 5]
1320020#[0, 2, 5]
300101#[4, 6]
40001#[6]
11330#[2, 3]
2002013#[0, 3, 5]
2002010#[0, 3, 5]
3140#[4]
2010203#[0, 2, 4]
2010200#[0, 2, 4]
3200120#[1, 4, 5]
2002004#[0, 3]
40010#[5]
300110#[4, 5]
1100#[3, 4]
300104#[4]
40013#[5]
2002001#[0, 3, 6]
1103#[3, 4]
210002#[1, 2, 6]
130130#[1, 4]
300113#[4, 5]
3200102#[1, 4, 6]
1320002#[0, 2, 6]
40022#[5, 6]
13400#[2]
3110003#[1, 2]
300122#[4, 5, 6]
3110000#[1, 2]
40031#[6]
210023#[1, 2, 5]
2002040#[0, 3]
3120200#[1, 2, 4]
210020#[1, 2, 5]
300131#[4, 6]
2010230#[0, 2, 4]
300140#[4]
2301002#[0, 3, 6]
132200#[1, 3, 4]
1130#[3, 4]
1133#[3, 4]
2100302#[0, 1, 6]
3030110#[4, 5]
2002031#[0, 3, 6]
210032#[1, 2, 6]
2002022#[0, 3, 5, 6]
3030101#[4, 6]
302201#[3, 4, 6]
2301020#[0, 3, 5]
3200#[0, 1, 2, 3, 4, 5, 6]
2000030#[0, 1, 2, 3, 4, 5, 6]
3203#[0, 1, 2, 3, 4, 5, 6]
310400#[2]
4003001#[6]
302210#[3, 4, 5]
2000024#[0, 5]
1103000#[0, 1]
1031300#[0, 3]
1103003#[0, 1]
2000021#[0, 5, 6]
3212#[4, 5, 6]
220301#[1, 2, 6]
122000#[1, 2, 3]
2012300#[0, 2, 3]
1232000#[0, 1, 3]
122003#[1, 2, 3]
2000012#[0, 5, 6]
3022010#[2, 3, 5]
220310#[1, 2, 5]
3221#[4, 5, 6]
3030200#[0, 1, 2, 3, 4, 5, 6]
130202#[1, 4, 6]
2000003#[0, 1, 2, 3, 4, 5, 6]
2000000#[0, 1, 2, 3, 4, 5, 6]
3230#[0, 1, 2, 3, 4, 5, 6]
3022001#[2, 3, 6]
1230002#[0, 1, 6]
2010302#[0, 2, 6]
4300001#[6]
3110030#[1, 2]
40100#[4]
1103030#[0, 1]
40103#[4]
2002103#[0, 3, 4]
2213000#[0, 1, 2]
2002100#[0, 3, 4]
4300010#[5]
300200#[0, 1, 2, 3, 4, 5, 6]
130220#[1, 4, 5]
122030#[1, 2, 3]
300203#[0, 1, 2, 3, 4, 5, 6]
300212#[4, 5, 6]
1202#[3, 4, 6]
2000042#[0, 6]
300221#[4, 5, 6]
2000033#[0, 1, 2, 3, 4, 5, 6]
300230#[0, 1, 2, 3, 4, 5, 6]
3020012#[2, 5, 6]
40130#[4]
120002#[1, 2, 6]
1220#[3, 4, 5]
1223#[3, 4, 5]
1400030#[0]
2002130#[0, 3, 4]
3020003#[0, 1, 2, 3, 4, 5, 6]
3020000#[0, 1, 2, 3, 4, 5, 6]
2010320#[0, 2, 5]
1232#[3, 4, 6]
3020030#[0, 1, 2, 3, 4, 5, 6]
34001#[6]
4001000#[3]
120020#[1, 2, 5]
1400000#[0]
4001003#[3]
1230020#[0, 1, 5]
120023#[1, 2, 5]
1400003#[0]
302300#[0, 1, 2, 3, 4, 5, 6]
42200#[3, 4]
2123000#[0, 1, 2]
34010#[5]
3020021#[2, 5, 6]
120032#[1, 2, 6]
204002#[1, 6]
3200210#[1, 4, 5]
2000123#[0, 4, 5]
3302#[0, 1, 2, 3, 4, 5, 6]
2000120#[0, 4, 5]
4130000#[1]
1023200#[0, 2, 4]
3311#[5, 6]
220400#[1, 2]
2004200#[0, 4]
204020#[1, 5]
3320#[0, 1, 2, 3, 4, 5, 6]
2000102#[0, 4, 6]
3200201#[1, 4, 6]
331001#[3, 6]
130301#[1, 6]
4003010#[5]
32000#[0, 1, 2, 3, 4, 5, 6]
32003#[0, 1, 2, 3, 4, 5, 6]
2002202#[0, 3, 4, 6]
1013003#[0, 2]
2420000#[0, 2]
4300100#[4]
331010#[3, 5]
130310#[1, 5]
1013000#[0, 2]
300302#[0, 1, 2, 3, 4, 5, 6]
40202#[4, 6]
32012#[3, 5, 6]
202001#[1, 3, 6]
300311#[5, 6]
32021#[3, 5, 6]
1301#[3, 6]
202004#[1, 3]
1304#[3]
210203#[1, 2, 4]
202010#[1, 3, 5]
2000132#[0, 4, 6]
3401000#[3]
210200#[1, 2, 4]
3200300#[0, 1, 2, 3, 4, 5, 6]
1320200#[0, 2, 4]
40220#[4, 5]
3102002#[1, 3, 6]
32030#[0, 1, 2, 3, 4, 5, 6]
202013#[1, 3, 5]
1310#[3, 5]
1310003#[0, 2]
1313#[3, 5]
4003100#[4]
1310000#[0, 2]
300320#[0, 1, 2, 3, 4, 5, 6]
202022#[1, 3, 5, 6]
1013030#[0, 2]
1322#[3, 5, 6]
202031#[1, 3, 6]
3104000#[1]
2002220#[0, 3, 4, 5]
30002#[0, 1, 2, 3, 4, 5, 6]
2301200#[0, 3, 4]
1331#[3, 6]
34100#[4]
210230#[1, 2, 4]
3022100#[2, 3, 4]
4001030#[3]
202040#[1, 3]
30011#[5, 6]
1340#[3]
30014#[5]
200003#[0, 1, 2, 3, 4, 5, 6]
2000222#[0, 4, 5, 6]
3100013#[1, 5]
200000#[0, 1, 2, 3, 4, 5, 6]
30020#[0, 1, 2, 3, 4, 5, 6]
3100010#[1, 5]
30023#[0, 1, 2, 3, 4, 5, 6]
3401#[6]
3100004#[1]
2000213#[0, 4, 5]
2000210#[0, 4, 5]
3100001#[1, 6]
413000#[2]
212300#[1, 2, 3]
200012#[1, 5, 6]
30032#[0, 1, 2, 3, 4, 5, 6]
3100031#[1, 6]
3410#[5]
2000204#[0, 4]
200021#[1, 5, 6]
2000201#[0, 4, 6]
2203001#[0, 1, 6]
331100#[3, 4]
3100022#[1, 5, 6]
30041#[6]
200024#[1, 5]
200030#[0, 1, 2, 3, 4, 5, 6]
1310030#[0, 2]
3014000#[2]
130400#[1]
200033#[0, 1, 2, 3, 4, 5, 6]
2002301#[0, 3, 6]
32102#[3, 4, 6]
3020102#[2, 4, 6]
200042#[1, 6]
1230200#[0, 1, 4]
3102020#[1, 3, 5]
40301#[6]
2000240#[0, 4]
202103#[1, 3, 4]
300401#[6]
3020120#[2, 4, 5]
40310#[5]
2033000#[0, 1, 2, 3, 4, 5, 6]
202100#[1, 3, 4]
32120#[3, 4, 5]
1400#[3]
2000231#[0, 4, 6]
1403#[3]
210302#[1, 2, 6]
300410#[5]
2031002#[0, 3, 6]
3020201#[2, 4, 6]
2201000#[0, 1, 3]
120200#[1, 2, 4]
2201003#[0, 1, 3]
120203#[1, 2, 4]
3012002#[2, 3, 6]
202130#[1, 3, 4]
210320#[1, 2, 5]
30101#[4, 6]
1430#[3]
2002310#[0, 3, 5]
30104#[4]
3012020#[2, 3, 5]
3020210#[2, 4, 5]
30110#[4, 5]
30113#[4, 5]
2203010#[0, 1, 5]
200102#[1, 4, 6]
2000312#[0, 5, 6]
3100040#[1]
120230#[1, 2, 4]
3311000#[2, 3]
30122#[4, 5, 6]
204200#[1, 4]
1220030#[0, 1, 2]
2000303#[0, 1, 2, 3, 4, 5, 6]
110000#[1, 2]
1220003#[0, 1, 2]
2000300#[0, 1, 2, 3, 4, 5, 6]
2031020#[0, 3, 5]
110003#[1, 2]
1220000#[0, 1, 2]
2330000#[0, 1, 2, 3, 4, 5, 6]
3110300#[1, 2]
30131#[4, 6]
200123#[1, 4, 5]
200120#[1, 4, 5]
323000#[0, 1, 2, 3, 4, 5, 6]
30140#[4]
122300#[1, 2, 3]
3010031#[2, 6]
24002#[2, 6]
200132#[1, 4, 6]
32201#[3, 4, 6]
3010022#[2, 5, 6]
3100130#[1, 4]
110030#[1, 2]
110033#[1, 2]
32210#[3, 4, 5]
1304000#[0]
1103300#[0, 1]
2000330#[0, 1, 2, 3, 4, 5, 6]
24020#[2, 5]
3010040#[2]
3102200#[1, 3, 4]
202202#[1, 3, 4, 6]
2000321#[0, 5, 6]
1302002#[0, 3, 6]
2201030#[0, 1, 3]
3100103#[1, 4]
3100100#[1, 4]
321002#[2, 3, 6]
202220#[1, 3, 4, 5]
120302#[1, 2, 6]
3010013#[2, 5]
22001#[2, 3, 6]
1003004#[0]
22004#[2, 3]
1003001#[0, 6]
3010010#[2, 5]
30200#[0, 1, 2, 3, 4, 5, 6]
321020#[2, 3, 5]
1400300#[0]
3010004#[2]
22010#[2, 3, 5]
30203#[0, 1, 2, 3, 4, 5, 6]
3010001#[2, 6]
2203100#[0, 1, 4]
22013#[2, 3, 5]
2002400#[0, 3]
1003022#[0, 5, 6]
1130000#[0, 1]
120320#[1, 2, 5]
1130003#[0, 1]
4200002#[1, 6]
30212#[4, 5, 6]
3100202#[1, 4, 6]
22022#[2, 3, 5, 6]
4030010#[5]
1003013#[0, 5]
200201#[1, 4, 6]
2000402#[0, 6]
4030001#[6]
1003010#[0, 5]
30221#[4, 5, 6]
22031#[2, 3, 6]
200204#[1, 4]
200210#[1, 4, 5]
3100220#[1, 4, 5]
4200020#[1, 5]
30230#[0, 1, 2, 3, 4, 5, 6]
200213#[1, 4, 5]
1302020#[0, 3, 5]
1003031#[0, 6]
22040#[2, 3]
3010100#[2, 4]
3010103#[2, 4]
200222#[1, 4, 5, 6]
20000#[0, 1, 2, 3, 4, 5, 6]
3020300#[0, 1, 2, 3, 4, 5, 6]
2240000#[0, 1]
20003#[0, 1, 2, 3, 4, 5, 6]
1001003#[0, 3]
200231#[1, 4, 6]
1300022#[0, 5, 6]
1001000#[0, 3]
4001300#[3]
233000#[0, 1, 2, 3, 4, 5, 6]
1300031#[0, 6]
32300#[0, 1, 2, 3, 4, 5, 6]
20012#[2, 5, 6]
1003040#[0]
1300001#[0, 6]
200240#[1, 4]
20021#[2, 5, 6]
1300004#[0]
20024#[2, 5]
1300010#[0, 5]
3221000#[1, 2, 3]
2000420#[0, 5]
1013300#[0, 2]
1300013#[0, 5]
20030#[0, 1, 2, 3, 4, 5, 6]
202301#[1, 3, 6]
1130030#[0, 1]
403001#[6]
20033#[0, 1, 2, 3, 4, 5, 6]
104000#[1]
104003#[1]
403010#[5]
202310#[1, 3, 5]
3012200#[2, 3, 4]
1001033#[0, 3]
2023001#[0, 2, 6]
3004010#[5]
1001030#[0, 3]
20042#[2, 6]
3004001#[6]
1310300#[0, 2]
1003103#[0, 4]
4202000#[1, 3]
1003100#[0, 4]
22100#[2, 3, 4]
22103#[2, 3, 4]
3131000#[1, 3]
231002#[1, 3, 6]
1300040#[0]
30302#[0, 1, 2, 3, 4, 5, 6]
104030#[1]
30311#[5, 6]
200303#[0, 1, 2, 3, 4, 5, 6]
401003#[3]
401000#[3]
200300#[0, 1, 2, 3, 4, 5, 6]
231020#[1, 3, 5]
30320#[0, 1, 2, 3, 4, 5, 6]
22130#[2, 3, 4]
102002#[1, 3, 6]
1003130#[0, 4]
200312#[1, 5, 6]
2023010#[0, 2, 5]
2031200#[0, 3, 4]
3010130#[2, 4]
401030#[3]
3010220#[2, 4, 5]
200321#[1, 5, 6]
3002030#[0, 1, 2, 3, 4, 5, 6]
102020#[1, 3, 5]
102023#[1, 3, 5]
20102#[2, 4, 6]
3002021#[3, 5, 6]
24200#[2, 4]
200330#[0, 1, 2, 3, 4, 5, 6]
1040003#[0]
1040000#[0]
1040030#[0]
102032#[1, 3, 6]
1300103#[0, 4]
2021003#[0, 2, 3]
2021000#[0, 2, 3]
1300100#[0, 4]
20120#[2, 4, 5]
143000#[1]
403100#[4]
20123#[2, 4, 5]
3301010#[3, 5]
100001#[1, 6]
2023100#[0, 2, 4]
2320001#[0, 2, 6]
3100301#[1, 6]
202400#[1, 3]
20132#[2, 4, 6]
100004#[1]
2320010#[0, 2, 5]
4030100#[4]
1302200#[0, 3, 4]
100010#[1, 5]
100013#[1, 5]
313001#[2, 6]
14000#[2]
1300130#[0, 4]
3002012#[3, 5, 6]
14003#[2]
321200#[2, 3, 4]
313010#[2, 5]
100022#[1, 5, 6]
3010202#[2, 4, 6]
2021030#[0, 2, 3]
3100310#[1, 5]
22202#[2, 3, 4, 6]
3301001#[3, 6]
3002000#[0, 1, 2, 3, 4, 5, 6]
3002003#[0, 1, 2, 3, 4, 5, 6]
100031#[1, 6]
30401#[6]
100034#[1]
3000041#[6]
3041000#[3]
2320100#[0, 2, 4]
100040#[1]
100043#[1]
30410#[5]
2103020#[0, 1, 5]
22220#[2, 3, 4, 5]
1003202#[0, 4, 6]
3000032#[0, 1, 2, 3, 4, 5, 6]
4022000#[2, 3]
14030#[2]
3010301#[2, 6]
200402#[1, 6]
2230001#[0, 1, 6]
2230010#[0, 1, 5]
1003220#[0, 4, 5]
3002102#[3, 4, 6]
311000#[2, 3]
110300#[1, 2]
1220300#[0, 1, 2]
3301100#[3, 4]
110303#[1, 2]
311003#[2, 3]
3100400#[1]
12002#[2, 3, 6]
3000014#[5]
3000011#[5, 6]
200420#[1, 5]
20201#[2, 4, 6]
3004100#[4]
20204#[2, 4]
1300220#[0, 4, 5]
3000002#[0, 1, 2, 3, 4, 5, 6]
311030#[2, 3]
20210#[2, 4, 5]
2402000#[0, 3]
12020#[2, 3, 5]
2201300#[0, 1, 3]
20213#[2, 4, 5]
12023#[2, 3, 5]
1300202#[0, 4, 6]
3000020#[0, 1, 2, 3, 4, 5, 6]
3000023#[0, 1, 2, 3, 4, 5, 6]
2103002#[0, 1, 6]
110330#[1, 2]
20222#[2, 4, 5, 6]
12032#[2, 3, 6]
3000110#[4, 5]
100100#[1, 4]
3000104#[4]
100103#[1, 4]
20231#[2, 4, 6]
313100#[2, 4]
3000101#[4, 6]
4020020#[2, 5]
20240#[2, 4]
10001#[2, 6]
10004#[2]
3000122#[4, 5, 6]
223001#[1, 2, 6]
10010#[2, 5]
3000113#[4, 5]
22301#[2, 3, 6]
10013#[2, 5]
1034000#[0]
4020002#[2, 6]
1003310#[0, 5]
223010#[1, 2, 5]
231200#[1, 3, 4]
100130#[1, 4]
100133#[1, 4]
3002120#[3, 4, 5]
2400002#[0, 6]
22310#[2, 3, 5]
10022#[2, 5, 6]
1003301#[0, 6]
3010310#[2, 5]
1331000#[0, 3]
1130300#[0, 1]
10031#[2, 6]
2400020#[0, 5]
10034#[2]
10040#[2]
102200#[1, 3, 4]
102203#[1, 3, 4]
10043#[2]
1202003#[0, 1, 3]
1202000#[0, 1, 3]
2013020#[0, 2, 5]
1300310#[0, 5]
221003#[1, 2, 3]
4200200#[1, 4]
221000#[1, 2, 3]
20300#[0, 1, 2, 3, 4, 5, 6]
1032002#[0, 3, 6]
3010400#[2]
20303#[0, 1, 2, 3, 4, 5, 6]
3002210#[3, 4, 5]
2310002#[0, 2, 6]
2013002#[0, 2, 6]
102230#[1, 3, 4]
1001303#[0, 3]
20312#[2, 5, 6]
1001300#[0, 3]
1032020#[0, 3, 5]
1300301#[0, 6]
20321#[2, 5, 6]
3000140#[4]
2312000#[0, 2, 3]
221030#[1, 2, 3]
20330#[0, 1, 2, 3, 4, 5, 6]
100202#[1, 4, 6]
104300#[1]
3000131#[4, 6]
1030013#[0, 5]
3002201#[3, 4, 6]
10100#[2, 4]
1030010#[0, 5]
2230100#[0, 1, 4]
10103#[2, 4]
1030004#[0]
1202030#[0, 1, 3]
1001330#[0, 3]
100220#[1, 4, 5]
1030001#[0, 6]
100223#[1, 4, 5]
223100#[1, 2, 4]
2103200#[0, 1, 4]
1030031#[0, 6]
22400#[2, 3]
4100030#[1]
1200023#[0, 1, 5]
1200020#[0, 1, 5]
1003400#[0]
3203000#[0, 1, 2, 3, 4, 5, 6]
1030022#[0, 5, 6]
100232#[1, 4, 6]
3000230#[0, 1, 2, 3, 4, 5, 6]
133001#[1, 6]
1200002#[0, 1, 6]
133010#[1, 5]
3002300#[0, 1, 2, 3, 4, 5, 6]
2222000#[0, 1, 2, 3]
401300#[3]
10130#[2, 4]
10133#[2, 4]
1030040#[0]
4100003#[1]
303002#[0, 1, 2, 3, 4, 5, 6]
4100000#[1]
102302#[1, 3, 6]
4001#[6]
1300400#[0]
1040300#[0]
3000200#[0, 1, 2, 3, 4, 5, 6]
3000203#[0, 1, 2, 3, 4, 5, 6]
2310020#[0, 2, 5]
303011#[5, 6]
12200#[2, 3, 4]
303020#[0, 1, 2, 3, 4, 5, 6]
2021300#[0, 2, 3]
4010#[5]
12203#[2, 3, 4]
4013#[5]
3000221#[4, 5, 6]
102320#[1, 3, 5]
1200032#[0, 1, 6]
20402#[2, 6]
4022#[5, 6]
430001#[6]
131000#[1, 3]
3000212#[4, 5, 6]
131003#[1, 3]
430010#[5]
4031#[6]
3000302#[0, 1, 2, 3, 4, 5, 6]
2220002#[0, 1, 2, 6]
20420#[2, 5]
12230#[2, 3, 4]
301004#[3]
3201020#[1, 3, 5]
3031010#[3, 5]
100301#[1, 6]
301001#[3, 6]
2000#[0, 1, 2, 3, 4, 5, 6]
301013#[3, 5]
100304#[1]
2003#[0, 1, 2, 3, 4, 5, 6]
4020200#[2, 4]
2220020#[0, 1, 2, 5]
301010#[3, 5]
131030#[1, 3]
100310#[1, 5]
1030103#[0, 4]
100313#[1, 5]
3000311#[5, 6]
10202#[2, 4, 6]
301022#[3, 5, 6]
3201002#[1, 3, 6]
1030100#[0, 4]
2012#[3, 5, 6]
14300#[2]
301031#[3, 6]
100322#[1, 5, 6]
2021#[3, 5, 6]
2024#[3, 5]
100331#[1, 6]
2400200#[0, 4]
10220#[2, 4, 5]
133100#[1, 4]
2030#[0, 1, 2, 3, 4, 5, 6]
10223#[2, 4, 5]
2033#[0, 1, 2, 3, 4, 5, 6]
301040#[3]
100340#[1]
3031001#[3, 6]
10232#[2, 4, 6]
303101#[4, 6]
43001#[6]
2042#[3, 6]
1030130#[0, 4]
