110100110#[0, 1, 2, 3, 4, 5, 6, 7, 8]
2#[0, 1, 2, 3, 4, 5, 6, 7, 8]
4100#[0, 1, 2, 3, 4, 6, 7, 8]
40000100#[0, 2, 3, 4, 5, 6, 7, 8]
12110000#[0, 1, 2, 3, 4, 5, 6, 7, 8]
110100101#[0, 1, 2, 3, 4, 5, 6, 7, 8]
10021010#[0, 1, 2, 3, 4, 5, 6, 7, 8]
11#[0, 1, 2, 3, 4, 5, 6, 7, 8]
14#[0, 1, 2, 3, 4, 5, 6, 7]
10021001#[0, 1, 2, 3, 4, 5, 6, 7, 8]
20#[0, 1, 2, 3, 4, 5, 6, 7, 8]
1110020#[0, 1, 2, 3, 4, 5, 6, 7, 8]
110010011#[0, 1, 2, 3, 4, 5, 6, 7, 8]
23#[0, 1, 2, 3, 4, 5, 6, 7, 8]
110010002#[0, 1, 2, 3, 4, 5, 6, 7, 8]
32#[0, 1, 2, 3, 4, 5, 6, 7, 8]
2003000#[0, 1, 2, 3, 4, 5, 6, 7, 8]
41000#[0, 1, 2, 3, 5, 6, 7, 8]
301100#[0, 1, 2, 3, 4, 5, 6, 7, 8]
41#[0, 1, 2, 3, 4, 5, 6, 8]
101101100#[0, 1, 2, 3, 4, 5, 6, 7, 8]
110010020#[0, 1, 2, 3, 4, 5, 6, 7, 8]
4010000#[0, 1, 3, 4, 5, 6, 7, 8]
11010200#[0, 1, 2, 3, 4, 5, 6, 7, 8]
100400#[0, 1, 2, 3, 4, 5, 7, 8]
230000000#[0, 1, 2, 3, 4, 5, 6, 7, 8]
11002001#[0, 1, 2, 3, 4, 5, 6, 7, 8]
2102#[0, 1, 2, 3, 4, 5, 6, 7, 8]
100120001#[0, 1, 2, 3, 4, 5, 6, 7, 8]
211001#[0, 1, 2, 3, 4, 5, 6, 7, 8]
101011001#[0, 1, 2, 3, 4, 5, 6, 7, 8]
11002010#[0, 1, 2, 3, 4, 5, 6, 7, 8]
10301#[0, 1, 2, 3, 4, 5, 6, 7, 8]
100120010#[0, 1, 2, 3, 4, 5, 6, 7, 8]
400001000#[1, 2, 3, 4, 5, 6, 7, 8]
2111#[0, 1, 2, 3, 4, 5, 6, 7, 8]
1022000#[0, 1, 2, 3, 4, 5, 6, 7, 8]
211010#[0, 1, 2, 3, 4, 5, 6, 7, 8]
300100001#[0, 1, 2, 3, 4, 5, 6, 7, 8]
10103000#[0, 1, 2, 3, 4, 5, 6, 7, 8]
2300000#[0, 1, 2, 3, 4, 5, 6, 7, 8]
100001201#[0, 1, 2, 3, 4, 5, 6, 7, 8]
103100000#[0, 1, 2, 3, 4, 5, 6, 7, 8]
1110101#[0, 1, 2, 3, 4, 5, 6, 7, 8]
10310#[0, 1, 2, 3, 4, 5, 6, 7, 8]
101011010#[0, 1, 2, 3, 4, 5, 6, 7, 8]
2120#[0, 1, 2, 3, 4, 5, 6, 7, 8]
210001100#[0, 1, 2, 3, 4, 5, 6, 7, 8]
300100010#[0, 1, 2, 3, 4, 5, 6, 7, 8]
100210100#[0, 1, 2, 3, 4, 5, 6, 7, 8]
1110110#[0, 1, 2, 3, 4, 5, 6, 7, 8]
100001210#[0, 1, 2, 3, 4, 5, 6, 7, 8]
201010100#[0, 1, 2, 3, 4, 5, 6, 7, 8]
11002100#[0, 1, 2, 3, 4, 5, 6, 7, 8]
1200200#[0, 1, 2, 3, 4, 5, 6, 7, 8]
102000200#[0, 1, 2, 3, 4, 5, 6, 7, 8]
2001020#[0, 1, 2, 3, 4, 5, 6, 7, 8]
40000001#[0, 2, 3, 4, 5, 6, 7, 8]
20210000#[0, 1, 2, 3, 4, 5, 6, 7, 8]
1020011#[0, 1, 2, 3, 4, 5, 6, 7, 8]
11000003#[0, 1, 2, 3, 4, 5, 6, 7, 8]
101#[0, 1, 2, 3, 4, 5, 6, 7, 8]
121010000#[0, 1, 2, 3, 4, 5, 6, 7, 8]
110100200#[0, 1, 2, 3, 4, 5, 6, 7, 8]
20001110#[0, 1, 2, 3, 4, 5, 6, 7, 8]
11000000#[0, 1, 2, 3, 4, 5, 6, 7, 8]
104#[0, 1, 2, 3, 4, 5, 6, 7]
40000010#[0, 2, 3, 4, 5, 6, 7, 8]
30020000#[0, 1, 2, 3, 4, 5, 6, 7, 8]
11000012#[0, 1, 2, 3, 4, 5, 6, 7, 8]
1020002#[0, 1, 2, 3, 4, 5, 6, 7, 8]
2001011#[0, 1, 2, 3, 4, 5, 6, 7, 8]
110#[0, 1, 2, 3, 4, 5, 6, 7, 8]
110010110#[0, 1, 2, 3, 4, 5, 6, 7, 8]
113#[0, 1, 2, 3, 4, 5, 6, 7, 8]
31001000#[0, 1, 2, 3, 4, 5, 6, 7, 8]
11000021#[0, 1, 2, 3, 4, 5, 6, 7, 8]
2001002#[0, 1, 2, 3, 4, 5, 6, 7, 8]
10021100#[0, 1, 2, 3, 4, 5, 6, 7, 8]
200111000#[0, 1, 2, 3, 4, 5, 6, 7, 8]
11000030#[0, 1, 2, 3, 4, 5, 6, 7, 8]
122#[0, 1, 2, 3, 4, 5, 6, 7, 8]
110010101#[0, 1, 2, 3, 4, 5, 6, 7, 8]
1020020#[0, 1, 2, 3, 4, 5, 6, 7, 8]
20001101#[0, 1, 2, 3, 4, 5, 6, 7, 8]
11100200#[0, 1, 2, 3, 4, 5, 6, 7, 8]
20001200#[0, 1, 2, 3, 4, 5, 6, 7, 8]
131#[0, 1, 2, 3, 4, 5, 6, 7, 8]
10111001#[0, 1, 2, 3, 4, 5, 6, 7, 8]
10000400#[0, 1, 2, 3, 4, 5, 7, 8]
21101000#[0, 1, 2, 3, 4, 5, 6, 7, 8]
110020100#[0, 1, 2, 3, 4, 5, 6, 7, 8]
140#[0, 1, 2, 3, 4, 5, 6, 8]
111001100#[0, 1, 2, 3, 4, 5, 6, 7, 8]
100001120#[0, 1, 2, 3, 4, 5, 6, 7, 8]
11010110#[0, 1, 2, 3, 4, 5, 6, 7, 8]
10201100#[0, 1, 2, 3, 4, 5, 6, 7, 8]
101011100#[0, 1, 2, 3, 4, 5, 6, 7, 8]
2201#[0, 1, 2, 3, 4, 5, 6, 7, 8]
11010101#[0, 1, 2, 3, 4, 5, 6, 7, 8]
211100#[0, 1, 2, 3, 4, 5, 6, 7, 8]
10400#[0, 1, 2, 3, 4, 5, 7, 8]
201010010#[0, 1, 2, 3, 4, 5, 6, 7, 8]
1102001#[0, 1, 2, 3, 4, 5, 6, 7, 8]
100001111#[0, 1, 2, 3, 4, 5, 6, 7, 8]
2210#[0, 1, 2, 3, 4, 5, 6, 7, 8]
100210010#[0, 1, 2, 3, 4, 5, 6, 7, 8]
110100011#[0, 1, 2, 3, 4, 5, 6, 7, 8]
1110200#[0, 1, 2, 3, 4, 5, 6, 7, 8]
100210001#[0, 1, 2, 3, 4, 5, 6, 7, 8]
121001#[0, 1, 2, 3, 4, 5, 6, 7, 8]
201010001#[0, 1, 2, 3, 4, 5, 6, 7, 8]
1102010#[0, 1, 2, 3, 4, 5, 6, 7, 8]
22000100#[0, 1, 2, 3, 4, 5, 6, 7, 8]
110100002#[0, 1, 2, 3, 4, 5, 6, 7, 8]
121010#[0, 1, 2, 3, 4, 5, 6, 7, 8]
100040000#[0, 1, 2, 3, 5, 6, 7, 8]
201100100#[0, 1, 2, 3, 4, 5, 6, 7, 8]
10111010#[0, 1, 2, 3, 4, 5, 6, 7, 8]
100001102#[0, 1, 2, 3, 4, 5, 6, 7, 8]
110100020#[0, 1, 2, 3, 4, 5, 6, 7, 8]
220100000#[0, 1, 2, 3, 4, 5, 6, 7, 8]
100300100#[0, 1, 2, 3, 4, 5, 6, 7, 8]
300020000#[0, 1, 2, 3, 4, 5, 6, 7, 8]
1020110#[0, 1, 2, 3, 4, 5, 6, 7, 8]
22000010#[0, 1, 2, 3, 4, 5, 6, 7, 8]
200201000#[0, 1, 2, 3, 4, 5, 6, 7, 8]
200000300#[0, 1, 2, 3, 4, 5, 6, 7, 8]
200#[0, 1, 2, 3, 4, 5, 6, 7, 8]
2001110#[0, 1, 2, 3, 4, 5, 6, 7, 8]
1020101#[0, 1, 2, 3, 4, 5, 6, 7, 8]
203#[0, 1, 2, 3, 4, 5, 6, 7, 8]
22000001#[0, 1, 2, 3, 4, 5, 6, 7, 8]
2001101#[0, 1, 2, 3, 4, 5, 6, 7, 8]
212#[0, 1, 2, 3, 4, 5, 6, 7, 8]
301001000#[0, 1, 2, 3, 4, 5, 6, 7, 8]
221#[0, 1, 2, 3, 4, 5, 6, 7, 8]
1100021#[0, 1, 2, 3, 4, 5, 6, 7, 8]
230#[0, 1, 2, 3, 4, 5, 6, 7, 8]
10111100#[0, 1, 2, 3, 4, 5, 6, 7, 8]
100003100#[0, 1, 2, 3, 4, 5, 6, 7, 8]
210001001#[0, 1, 2, 3, 4, 5, 6, 7, 8]
110012000#[0, 1, 2, 3, 4, 5, 6, 7, 8]
1100030#[0, 1, 2, 3, 4, 5, 6, 7, 8]
1100000#[0, 1, 2, 3, 4, 5, 6, 7, 8]
2210000#[0, 1, 2, 3, 4, 5, 6, 7, 8]
100001030#[0, 1, 2, 3, 4, 5, 6, 7, 8]
20120000#[0, 1, 2, 3, 4, 5, 6, 7, 8]
103010000#[0, 1, 2, 3, 4, 5, 6, 7, 8]
1100003#[0, 1, 2, 3, 4, 5, 6, 7, 8]
210001010#[0, 1, 2, 3, 4, 5, 6, 7, 8]
12200000#[0, 1, 2, 3, 4, 5, 6, 7, 8]
203000#[0, 1, 2, 3, 4, 5, 6, 7, 8]
30110000#[0, 1, 2, 3, 4, 5, 6, 7, 8]
113000000#[0, 1, 2, 3, 4, 5, 6, 7, 8]
1100012#[0, 1, 2, 3, 4, 5, 6, 7, 8]
2300#[0, 1, 2, 3, 4, 5, 6, 7, 8]
101003000#[0, 1, 2, 3, 4, 5, 6, 7, 8]
100001012#[0, 1, 2, 3, 4, 5, 6, 7, 8]
110000012#[0, 1, 2, 3, 4, 5, 6, 7, 8]
1102100#[0, 1, 2, 3, 4, 5, 6, 7, 8]
100001021#[0, 1, 2, 3, 4, 5, 6, 7, 8]
30200000#[0, 1, 2, 3, 4, 5, 6, 7, 8]
121100#[0, 1, 2, 3, 4, 5, 6, 7, 8]
110000003#[0, 1, 2, 3, 4, 5, 6, 7, 8]
131000000#[0, 1, 2, 3, 4, 5, 6, 7, 8]
110000000#[0, 1, 2, 3, 4, 5, 6, 7, 8]
110000030#[0, 1, 2, 3, 4, 5, 6, 7, 8]
100300010#[0, 1, 2, 3, 4, 5, 6, 7, 8]
12100010#[0, 1, 2, 3, 4, 5, 6, 7, 8]
10011020#[0, 1, 2, 3, 4, 5, 6, 7, 8]
201100010#[0, 1, 2, 3, 4, 5, 6, 7, 8]
31001#[0, 1, 2, 3, 4, 5, 6, 7, 8]
12100001#[0, 1, 2, 3, 4, 5, 6, 7, 8]
10011011#[0, 1, 2, 3, 4, 5, 6, 7, 8]
110000021#[0, 1, 2, 3, 4, 5, 6, 7, 8]
100300001#[0, 1, 2, 3, 4, 5, 6, 7, 8]
201100001#[0, 1, 2, 3, 4, 5, 6, 7, 8]
100001000#[0, 1, 2, 3, 4, 5, 6, 7, 8]
100001003#[0, 1, 2, 3, 4, 5, 6, 7, 8]
31010#[0, 1, 2, 3, 4, 5, 6, 7, 8]
200000201#[0, 1, 2, 3, 4, 5, 6, 7, 8]
120000002#[0, 1, 2, 3, 4, 5, 6, 7, 8]
1012010#[0, 1, 2, 3, 4, 5, 6, 7, 8]
100130000#[0, 1, 2, 3, 4, 5, 6, 7, 8]
1020200#[0, 1, 2, 3, 4, 5, 6, 7, 8]
201002#[0, 1, 2, 3, 4, 5, 6, 7, 8]
101300000#[0, 1, 2, 3, 4, 5, 6, 7, 8]
202100000#[0, 1, 2, 3, 4, 5, 6, 7, 8]
120000011#[0, 1, 2, 3, 4, 5, 6, 7, 8]
11000201#[0, 1, 2, 3, 4, 5, 6, 7, 8]
302#[0, 1, 2, 3, 4, 5, 6, 7, 8]
1012001#[0, 1, 2, 3, 4, 5, 6, 7, 8]
2001200#[0, 1, 2, 3, 4, 5, 6, 7, 8]
101001002#[0, 1, 2, 3, 4, 5, 6, 7, 8]
201011#[0, 1, 2, 3, 4, 5, 6, 7, 8]
120000020#[0, 1, 2, 3, 4, 5, 6, 7, 8]
20011010#[0, 1, 2, 3, 4, 5, 6, 7, 8]
11000210#[0, 1, 2, 3, 4, 5, 6, 7, 8]
101001011#[0, 1, 2, 3, 4, 5, 6, 7, 8]
100011200#[0, 1, 2, 3, 4, 5, 6, 7, 8]
311#[0, 1, 2, 3, 4, 5, 6, 7, 8]
100003010#[0, 1, 2, 3, 4, 5, 6, 7, 8]
4000010#[0, 1, 3, 4, 5, 6, 7, 8]
101001020#[0, 1, 2, 3, 4, 5, 6, 7, 8]
200000210#[0, 1, 2, 3, 4, 5, 6, 7, 8]
110002100#[0, 1, 2, 3, 4, 5, 6, 7, 8]
4000001#[0, 1, 3, 4, 5, 6, 7, 8]
201020#[0, 1, 2, 3, 4, 5, 6, 7, 8]
320#[0, 1, 2, 3, 4, 5, 6, 7, 8]
11201000#[0, 1, 2, 3, 4, 5, 6, 7, 8]
120000101#[0, 1, 2, 3, 4, 5, 6, 7, 8]
112001000#[0, 1, 2, 3, 4, 5, 6, 7, 8]
10011101#[0, 1, 2, 3, 4, 5, 6, 7, 8]
210200000#[0, 1, 2, 3, 4, 5, 6, 7, 8]
21000200#[0, 1, 2, 3, 4, 5, 6, 7, 8]
1100120#[0, 1, 2, 3, 4, 5, 6, 7, 8]
311000000#[0, 1, 2, 3, 4, 5, 6, 7, 8]
120000110#[0, 1, 2, 3, 4, 5, 6, 7, 8]
10101200#[0, 1, 2, 3, 4, 5, 6, 7, 8]
11000300#[0, 1, 2, 3, 4, 5, 6, 7, 8]
100003001#[0, 1, 2, 3, 4, 5, 6, 7, 8]
300110000#[0, 1, 2, 3, 4, 5, 6, 7, 8]
1010012#[0, 1, 2, 3, 4, 5, 6, 7, 8]
1100102#[0, 1, 2, 3, 4, 5, 6, 7, 8]
4000100#[0, 1, 3, 4, 5, 6, 7, 8]
1010003#[0, 1, 2, 3, 4, 5, 6, 7, 8]
1100111#[0, 1, 2, 3, 4, 5, 6, 7, 8]
1010000#[0, 1, 2, 3, 4, 5, 6, 7, 8]
2120000#[0, 1, 2, 3, 4, 5, 6, 7, 8]
110000111#[0, 1, 2, 3, 4, 5, 6, 7, 8]
1010030#[0, 1, 2, 3, 4, 5, 6, 7, 8]
3101000#[0, 1, 2, 3, 4, 5, 6, 7, 8]
110000102#[0, 1, 2, 3, 4, 5, 6, 7, 8]
113000#[0, 1, 2, 3, 4, 5, 6, 7, 8]
1010021#[0, 1, 2, 3, 4, 5, 6, 7, 8]
20011100#[0, 1, 2, 3, 4, 5, 6, 7, 8]
22100000#[0, 1, 2, 3, 4, 5, 6, 7, 8]
110000120#[0, 1, 2, 3, 4, 5, 6, 7, 8]
10220000#[0, 1, 2, 3, 4, 5, 6, 7, 8]
31100#[0, 1, 2, 3, 4, 5, 6, 7, 8]
10011110#[0, 1, 2, 3, 4, 5, 6, 7, 8]
111020000#[0, 1, 2, 3, 4, 5, 6, 7, 8]
11000102#[0, 1, 2, 3, 4, 5, 6, 7, 8]
200000111#[0, 1, 2, 3, 4, 5, 6, 7, 8]
10101020#[0, 1, 2, 3, 4, 5, 6, 7, 8]
11000111#[0, 1, 2, 3, 4, 5, 6, 7, 8]
101001101#[0, 1, 2, 3, 4, 5, 6, 7, 8]
10101011#[0, 1, 2, 3, 4, 5, 6, 7, 8]
20003000#[0, 1, 2, 3, 4, 5, 6, 7, 8]
1012100#[0, 1, 2, 3, 4, 5, 6, 7, 8]
200000102#[0, 1, 2, 3, 4, 5, 6, 7, 8]
201101#[0, 1, 2, 3, 4, 5, 6, 7, 8]
10101002#[0, 1, 2, 3, 4, 5, 6, 7, 8]
100011110#[0, 1, 2, 3, 4, 5, 6, 7, 8]
401#[0, 1, 2, 3, 4, 5, 7, 8]
101001110#[0, 1, 2, 3, 4, 5, 6, 7, 8]
200000120#[0, 1, 2, 3, 4, 5, 6, 7, 8]
201110#[0, 1, 2, 3, 4, 5, 6, 7, 8]
3011000#[0, 1, 2, 3, 4, 5, 6, 7, 8]
410000#[0, 1, 2, 4, 5, 6, 7, 8]
12020000#[0, 1, 2, 3, 4, 5, 6, 7, 8]
101210000#[0, 1, 2, 3, 4, 5, 6, 7, 8]
100220000#[0, 1, 2, 3, 4, 5, 6, 7, 8]
202010000#[0, 1, 2, 3, 4, 5, 6, 7, 8]
410#[0, 1, 2, 3, 4, 5, 7, 8]
201020000#[0, 1, 2, 3, 4, 5, 6, 7, 8]
111002#[0, 1, 2, 3, 4, 5, 6, 7, 8]
10400000#[0, 1, 2, 4, 5, 6, 7, 8]
11000120#[0, 1, 2, 3, 4, 5, 6, 7, 8]
111200000#[0, 1, 2, 3, 4, 5, 6, 7, 8]
1100210#[0, 1, 2, 3, 4, 5, 6, 7, 8]
212000000#[0, 1, 2, 3, 4, 5, 6, 7, 8]
111011#[0, 1, 2, 3, 4, 5, 6, 7, 8]
300200000#[0, 1, 2, 3, 4, 5, 6, 7, 8]
401000000#[1, 2, 3, 4, 5, 6, 7, 8]
100101200#[0, 1, 2, 3, 4, 5, 6, 7, 8]
100011101#[0, 1, 2, 3, 4, 5, 6, 7, 8]
111020#[0, 1, 2, 3, 4, 5, 6, 7, 8]
2030000#[0, 1, 2, 3, 4, 5, 6, 7, 8]
1010111#[0, 1, 2, 3, 4, 5, 6, 7, 8]
1100201#[0, 1, 2, 3, 4, 5, 6, 7, 8]
1010102#[0, 1, 2, 3, 4, 5, 6, 7, 8]
20001011#[0, 1, 2, 3, 4, 5, 6, 7, 8]
1010120#[0, 1, 2, 3, 4, 5, 6, 7, 8]
20001020#[0, 1, 2, 3, 4, 5, 6, 7, 8]
10013000#[0, 1, 2, 3, 4, 5, 6, 7, 8]
110002010#[0, 1, 2, 3, 4, 5, 6, 7, 8]
20300000#[0, 1, 2, 3, 4, 5, 6, 7, 8]
110010200#[0, 1, 2, 3, 4, 5, 6, 7, 8]
121100000#[0, 1, 2, 3, 4, 5, 6, 7, 8]
23000#[0, 1, 2, 3, 4, 5, 6, 7, 8]
20001002#[0, 1, 2, 3, 4, 5, 6, 7, 8]
110002001#[0, 1, 2, 3, 4, 5, 6, 7, 8]
200002100#[0, 1, 2, 3, 4, 5, 6, 7, 8]
22010000#[0, 1, 2, 3, 4, 5, 6, 7, 8]
2200001#[0, 1, 2, 3, 4, 5, 6, 7, 8]
10011002#[0, 1, 2, 3, 4, 5, 6, 7, 8]
103000001#[0, 1, 2, 3, 4, 5, 6, 7, 8]
200000012#[0, 1, 2, 3, 4, 5, 6, 7, 8]
200000003#[0, 1, 2, 3, 4, 5, 6, 7, 8]
32000000#[0, 1, 2, 3, 4, 5, 6, 7, 8]
103000010#[0, 1, 2, 3, 4, 5, 6, 7, 8]
200000000#[0, 1, 2, 3, 4, 5, 6, 7, 8]
2200010#[0, 1, 2, 3, 4, 5, 6, 7, 8]
10101110#[0, 1, 2, 3, 4, 5, 6, 7, 8]
10310000#[0, 1, 2, 3, 4, 5, 6, 7, 8]
13001000#[0, 1, 2, 3, 4, 5, 6, 7, 8]
111110000#[0, 1, 2, 3, 4, 5, 6, 7, 8]
120000200#[0, 1, 2, 3, 4, 5, 6, 7, 8]
1004000#[0, 1, 2, 3, 4, 6, 7, 8]
201200#[0, 1, 2, 3, 4, 5, 6, 7, 8]
101001200#[0, 1, 2, 3, 4, 5, 6, 7, 8]
200000030#[0, 1, 2, 3, 4, 5, 6, 7, 8]
100011011#[0, 1, 2, 3, 4, 5, 6, 7, 8]
10101101#[0, 1, 2, 3, 4, 5, 6, 7, 8]
100011020#[0, 1, 2, 3, 4, 5, 6, 7, 8]
111101#[0, 1, 2, 3, 4, 5, 6, 7, 8]
200000021#[0, 1, 2, 3, 4, 5, 6, 7, 8]
10003100#[0, 1, 2, 3, 4, 5, 6, 7, 8]
320000#[0, 1, 2, 3, 4, 5, 6, 7, 8]
2200100#[0, 1, 2, 3, 4, 5, 6, 7, 8]
111110#[0, 1, 2, 3, 4, 5, 6, 7, 8]
21002#[0, 1, 2, 3, 4, 5, 6, 7, 8]
101000201#[0, 1, 2, 3, 4, 5, 6, 7, 8]
201110000#[0, 1, 2, 3, 4, 5, 6, 7, 8]
20020001#[0, 1, 2, 3, 4, 5, 6, 7, 8]
2110001#[0, 1, 2, 3, 4, 5, 6, 7, 8]
301100000#[0, 1, 2, 3, 4, 5, 6, 7, 8]
21011#[0, 1, 2, 3, 4, 5, 6, 7, 8]
1002011#[0, 1, 2, 3, 4, 5, 6, 7, 8]
1010201#[0, 1, 2, 3, 4, 5, 6, 7, 8]
220000010#[0, 1, 2, 3, 4, 5, 6, 7, 8]
101000210#[0, 1, 2, 3, 4, 5, 6, 7, 8]
100012001#[0, 1, 2, 3, 4, 5, 6, 7, 8]
2110010#[0, 1, 2, 3, 4, 5, 6, 7, 8]
1301000#[0, 1, 2, 3, 4, 5, 6, 7, 8]
20020010#[0, 1, 2, 3, 4, 5, 6, 7, 8]
1100300#[0, 1, 2, 3, 4, 5, 6, 7, 8]
100012010#[0, 1, 2, 3, 4, 5, 6, 7, 8]
21020#[0, 1, 2, 3, 4, 5, 6, 7, 8]
1002002#[0, 1, 2, 3, 4, 5, 6, 7, 8]
220000001#[0, 1, 2, 3, 4, 5, 6, 7, 8]
100020200#[0, 1, 2, 3, 4, 5, 6, 7, 8]
10001030#[0, 1, 2, 3, 4, 5, 6, 7, 8]
100102100#[0, 1, 2, 3, 4, 5, 6, 7, 8]
210020000#[0, 1, 2, 3, 4, 5, 6, 7, 8]
111011000#[0, 1, 2, 3, 4, 5, 6, 7, 8]
20110100#[0, 1, 2, 3, 4, 5, 6, 7, 8]
30000110#[0, 1, 2, 3, 4, 5, 6, 7, 8]
300000200#[0, 1, 2, 3, 4, 5, 6, 7, 8]
1002020#[0, 1, 2, 3, 4, 5, 6, 7, 8]
30000101#[0, 1, 2, 3, 4, 5, 6, 7, 8]
120100100#[0, 1, 2, 3, 4, 5, 6, 7, 8]
1010210#[0, 1, 2, 3, 4, 5, 6, 7, 8]
200002010#[0, 1, 2, 3, 4, 5, 6, 7, 8]
200010200#[0, 1, 2, 3, 4, 5, 6, 7, 8]
102100001#[0, 1, 2, 3, 4, 5, 6, 7, 8]
120010001#[0, 1, 2, 3, 4, 5, 6, 7, 8]
200002001#[0, 1, 2, 3, 4, 5, 6, 7, 8]
211001000#[0, 1, 2, 3, 4, 5, 6, 7, 8]
120010010#[0, 1, 2, 3, 4, 5, 6, 7, 8]
110030000#[0, 1, 2, 3, 4, 5, 6, 7, 8]
102100010#[0, 1, 2, 3, 4, 5, 6, 7, 8]
10210010#[0, 1, 2, 3, 4, 5, 6, 7, 8]
30000011#[0, 1, 2, 3, 4, 5, 6, 7, 8]
1000013#[0, 1, 2, 3, 4, 5, 6, 7, 8]
100100021#[0, 1, 2, 3, 4, 5, 6, 7, 8]
20102000#[0, 1, 2, 3, 4, 5, 6, 7, 8]
1000010#[0, 1, 2, 3, 4, 5, 6, 7, 8]
100100030#[0, 1, 2, 3, 4, 5, 6, 7, 8]
10210001#[0, 1, 2, 3, 4, 5, 6, 7, 8]
30000002#[0, 1, 2, 3, 4, 5, 6, 7, 8]
1000004#[0, 1, 2, 3, 4, 5, 6, 7]
1000001#[0, 1, 2, 3, 4, 5, 6, 7, 8]
10001111#[0, 1, 2, 3, 4, 5, 6, 7, 8]
110200001#[0, 1, 2, 3, 4, 5, 6, 7, 8]
1000031#[0, 1, 2, 3, 4, 5, 6, 7, 8]
120010100#[0, 1, 2, 3, 4, 5, 6, 7, 8]
100100003#[0, 1, 2, 3, 4, 5, 6, 7, 8]
10001102#[0, 1, 2, 3, 4, 5, 6, 7, 8]
100100000#[0, 1, 2, 3, 4, 5, 6, 7, 8]
103001#[0, 1, 2, 3, 4, 5, 6, 7, 8]
10300100#[0, 1, 2, 3, 4, 5, 6, 7, 8]
1000022#[0, 1, 2, 3, 4, 5, 6, 7, 8]
10040000#[0, 1, 2, 3, 5, 6, 7, 8]
110200010#[0, 1, 2, 3, 4, 5, 6, 7, 8]
100100012#[0, 1, 2, 3, 4, 5, 6, 7, 8]
310100000#[0, 1, 2, 3, 4, 5, 6, 7, 8]
30000020#[0, 1, 2, 3, 4, 5, 6, 7, 8]
11021000#[0, 1, 2, 3, 4, 5, 6, 7, 8]
101201000#[0, 1, 2, 3, 4, 5, 6, 7, 8]
111200#[0, 1, 2, 3, 4, 5, 6, 7, 8]
103010#[0, 1, 2, 3, 4, 5, 6, 7, 8]
1000040#[0, 1, 2, 3, 4, 5, 6, 8]
12002000#[0, 1, 2, 3, 4, 5, 6, 7, 8]
101000300#[0, 1, 2, 3, 4, 5, 6, 7, 8]
21001001#[0, 1, 2, 3, 4, 5, 6, 7, 8]
1211000#[0, 1, 2, 3, 4, 5, 6, 7, 8]
21101#[0, 1, 2, 3, 4, 5, 6, 7, 8]
1002110#[0, 1, 2, 3, 4, 5, 6, 7, 8]
21001010#[0, 1, 2, 3, 4, 5, 6, 7, 8]
1010300#[0, 1, 2, 3, 4, 5, 6, 7, 8]
100020101#[0, 1, 2, 3, 4, 5, 6, 7, 8]
230000#[0, 1, 2, 3, 4, 5, 6, 7, 8]
21110#[0, 1, 2, 3, 4, 5, 6, 7, 8]
100020110#[0, 1, 2, 3, 4, 5, 6, 7, 8]
10001120#[0, 1, 2, 3, 4, 5, 6, 7, 8]
220000100#[0, 1, 2, 3, 4, 5, 6, 7, 8]
1002101#[0, 1, 2, 3, 4, 5, 6, 7, 8]
201200000#[0, 1, 2, 3, 4, 5, 6, 7, 8]
202000010#[0, 1, 2, 3, 4, 5, 6, 7, 8]
3001001#[0, 1, 2, 3, 4, 5, 6, 7, 8]
300000101#[0, 1, 2, 3, 4, 5, 6, 7, 8]
200100200#[0, 1, 2, 3, 4, 5, 6, 7, 8]
102010001#[0, 1, 2, 3, 4, 5, 6, 7, 8]
100102001#[0, 1, 2, 3, 4, 5, 6, 7, 8]
20100020#[0, 1, 2, 3, 4, 5, 6, 7, 8]
400001#[0, 1, 2, 4, 5, 6, 7, 8]
101000#[0, 1, 2, 3, 4, 5, 6, 7, 8]
101003#[0, 1, 2, 3, 4, 5, 6, 7, 8]
202000001#[0, 1, 2, 3, 4, 5, 6, 7, 8]
400010#[0, 1, 2, 4, 5, 6, 7, 8]
100102010#[0, 1, 2, 3, 4, 5, 6, 7, 8]
102010010#[0, 1, 2, 3, 4, 5, 6, 7, 8]
100110200#[0, 1, 2, 3, 4, 5, 6, 7, 8]
300000110#[0, 1, 2, 3, 4, 5, 6, 7, 8]
20100002#[0, 1, 2, 3, 4, 5, 6, 7, 8]
102100100#[0, 1, 2, 3, 4, 5, 6, 7, 8]
200010110#[0, 1, 2, 3, 4, 5, 6, 7, 8]
101012#[0, 1, 2, 3, 4, 5, 6, 7, 8]
30002000#[0, 1, 2, 3, 4, 5, 6, 7, 8]
20100011#[0, 1, 2, 3, 4, 5, 6, 7, 8]
101021#[0, 1, 2, 3, 4, 5, 6, 7, 8]
200010101#[0, 1, 2, 3, 4, 5, 6, 7, 8]
23000000#[0, 1, 2, 3, 4, 5, 6, 7, 8]
3001010#[0, 1, 2, 3, 4, 5, 6, 7, 8]
10003001#[0, 1, 2, 3, 4, 5, 6, 7, 8]
12010001#[0, 1, 2, 3, 4, 5, 6, 7, 8]
112000010#[0, 1, 2, 3, 4, 5, 6, 7, 8]
101030#[0, 1, 2, 3, 4, 5, 6, 7, 8]
1000103#[0, 1, 2, 3, 4, 5, 6, 7, 8]
1000100#[0, 1, 2, 3, 4, 5, 6, 7, 8]
12010010#[0, 1, 2, 3, 4, 5, 6, 7, 8]
112000001#[0, 1, 2, 3, 4, 5, 6, 7, 8]
2020010#[0, 1, 2, 3, 4, 5, 6, 7, 8]
2110100#[0, 1, 2, 3, 4, 5, 6, 7, 8]
20020100#[0, 1, 2, 3, 4, 5, 6, 7, 8]
210110000#[0, 1, 2, 3, 4, 5, 6, 7, 8]
1000121#[0, 1, 2, 3, 4, 5, 6, 7, 8]
12100100#[0, 1, 2, 3, 4, 5, 6, 7, 8]
103100#[0, 1, 2, 3, 4, 5, 6, 7, 8]
110001200#[0, 1, 2, 3, 4, 5, 6, 7, 8]
1000112#[0, 1, 2, 3, 4, 5, 6, 7, 8]
2020001#[0, 1, 2, 3, 4, 5, 6, 7, 8]
100020020#[0, 1, 2, 3, 4, 5, 6, 7, 8]
40100000#[0, 2, 3, 4, 5, 6, 7, 8]
12010100#[0, 1, 2, 3, 4, 5, 6, 7, 8]
112000100#[0, 1, 2, 3, 4, 5, 6, 7, 8]
13001#[0, 1, 2, 3, 4, 5, 6, 7, 8]
10130000#[0, 1, 2, 3, 4, 5, 6, 7, 8]
21001100#[0, 1, 2, 3, 4, 5, 6, 7, 8]
1000130#[0, 1, 2, 3, 4, 5, 6, 7, 8]
200010020#[0, 1, 2, 3, 4, 5, 6, 7, 8]
110120000#[0, 1, 2, 3, 4, 5, 6, 7, 8]
21200#[0, 1, 2, 3, 4, 5, 6, 7, 8]
2102000#[0, 1, 2, 3, 4, 5, 6, 7, 8]
20012000#[0, 1, 2, 3, 4, 5, 6, 7, 8]
13010#[0, 1, 2, 3, 4, 5, 6, 7, 8]
100020002#[0, 1, 2, 3, 4, 5, 6, 7, 8]
111101000#[0, 1, 2, 3, 4, 5, 6, 7, 8]
1002200#[0, 1, 2, 3, 4, 5, 6, 7, 8]
10011200#[0, 1, 2, 3, 4, 5, 6, 7, 8]
10003010#[0, 1, 2, 3, 4, 5, 6, 7, 8]
100020011#[0, 1, 2, 3, 4, 5, 6, 7, 8]
101111000#[0, 1, 2, 3, 4, 5, 6, 7, 8]
102010100#[0, 1, 2, 3, 4, 5, 6, 7, 8]
400100#[0, 1, 2, 4, 5, 6, 7, 8]
140000#[0, 1, 2, 3, 5, 6, 7, 8]
100110101#[0, 1, 2, 3, 4, 5, 6, 7, 8]
200100110#[0, 1, 2, 3, 4, 5, 6, 7, 8]
300000002#[0, 1, 2, 3, 4, 5, 6, 7, 8]
10001021#[0, 1, 2, 3, 4, 5, 6, 7, 8]
200100101#[0, 1, 2, 3, 4, 5, 6, 7, 8]
100110110#[0, 1, 2, 3, 4, 5, 6, 7, 8]
310010000#[0, 1, 2, 3, 4, 5, 6, 7, 8]
300000011#[0, 1, 2, 3, 4, 5, 6, 7, 8]
10001012#[0, 1, 2, 3, 4, 5, 6, 7, 8]
202000100#[0, 1, 2, 3, 4, 5, 6, 7, 8]
101102#[0, 1, 2, 3, 4, 5, 6, 7, 8]
200010011#[0, 1, 2, 3, 4, 5, 6, 7, 8]
10001000#[0, 1, 2, 3, 4, 5, 6, 7, 8]
410000000#[1, 2, 3, 4, 5, 6, 7, 8]
100200200#[0, 1, 2, 3, 4, 5, 6, 7, 8]
11111000#[0, 1, 2, 3, 4, 5, 6, 7, 8]
10001003#[0, 1, 2, 3, 4, 5, 6, 7, 8]
310001#[0, 1, 2, 3, 4, 5, 6, 7, 8]
300000020#[0, 1, 2, 3, 4, 5, 6, 7, 8]
101111#[0, 1, 2, 3, 4, 5, 6, 7, 8]
10300010#[0, 1, 2, 3, 4, 5, 6, 7, 8]
120002000#[0, 1, 2, 3, 4, 5, 6, 7, 8]
11000#[0, 1, 2, 3, 4, 5, 6, 7, 8]
200010002#[0, 1, 2, 3, 4, 5, 6, 7, 8]
1121000#[0, 1, 2, 3, 4, 5, 6, 7, 8]
11003#[0, 1, 2, 3, 4, 5, 6, 7, 8]
10300001#[0, 1, 2, 3, 4, 5, 6, 7, 8]
310010#[0, 1, 2, 3, 4, 5, 6, 7, 8]
101120#[0, 1, 2, 3, 4, 5, 6, 7, 8]
20030000#[0, 1, 2, 3, 4, 5, 6, 7, 8]
210100100#[0, 1, 2, 3, 4, 5, 6, 7, 8]
2100002#[0, 1, 2, 3, 4, 5, 6, 7, 8]
11012#[0, 1, 2, 3, 4, 5, 6, 7, 8]
110110100#[0, 1, 2, 3, 4, 5, 6, 7, 8]
1000202#[0, 1, 2, 3, 4, 5, 6, 7, 8]
11101100#[0, 1, 2, 3, 4, 5, 6, 7, 8]
100022000#[0, 1, 2, 3, 4, 5, 6, 7, 8]
120020000#[0, 1, 2, 3, 4, 5, 6, 7, 8]
200012000#[0, 1, 2, 3, 4, 5, 6, 7, 8]
2100011#[0, 1, 2, 3, 4, 5, 6, 7, 8]
10202000#[0, 1, 2, 3, 4, 5, 6, 7, 8]
10001300#[0, 1, 2, 3, 4, 5, 6, 7, 8]
11021#[0, 1, 2, 3, 4, 5, 6, 7, 8]
220010000#[0, 1, 2, 3, 4, 5, 6, 7, 8]
11011001#[0, 1, 2, 3, 4, 5, 6, 7, 8]
320000000#[0, 1, 2, 3, 4, 5, 6, 7, 8]
1000220#[0, 1, 2, 3, 4, 5, 6, 7, 8]
2100020#[0, 1, 2, 3, 4, 5, 6, 7, 8]
210010001#[0, 1, 2, 3, 4, 5, 6, 7, 8]
11030#[0, 1, 2, 3, 4, 5, 6, 7, 8]
2020100#[0, 1, 2, 3, 4, 5, 6, 7, 8]
1000211#[0, 1, 2, 3, 4, 5, 6, 7, 8]
210010010#[0, 1, 2, 3, 4, 5, 6, 7, 8]
121001000#[0, 1, 2, 3, 4, 5, 6, 7, 8]
3001100#[0, 1, 2, 3, 4, 5, 6, 7, 8]
10030010#[0, 1, 2, 3, 4, 5, 6, 7, 8]
110020010#[0, 1, 2, 3, 4, 5, 6, 7, 8]
13100000#[0, 1, 2, 3, 4, 5, 6, 7, 8]
10030001#[0, 1, 2, 3, 4, 5, 6, 7, 8]
13100#[0, 1, 2, 3, 4, 5, 6, 7, 8]
110020001#[0, 1, 2, 3, 4, 5, 6, 7, 8]
111001010#[0, 1, 2, 3, 4, 5, 6, 7, 8]
300002000#[0, 1, 2, 3, 4, 5, 6, 7, 8]
100110020#[0, 1, 2, 3, 4, 5, 6, 7, 8]
111001001#[0, 1, 2, 3, 4, 5, 6, 7, 8]
130000010#[0, 1, 2, 3, 4, 5, 6, 7, 8]
30010100#[0, 1, 2, 3, 4, 5, 6, 7, 8]
130000001#[0, 1, 2, 3, 4, 5, 6, 7, 8]
10120100#[0, 1, 2, 3, 4, 5, 6, 7, 8]
102002000#[0, 1, 2, 3, 4, 5, 6, 7, 8]
100110002#[0, 1, 2, 3, 4, 5, 6, 7, 8]
200100011#[0, 1, 2, 3, 4, 5, 6, 7, 8]
100110011#[0, 1, 2, 3, 4, 5, 6, 7, 8]
101021000#[0, 1, 2, 3, 4, 5, 6, 7, 8]
200100002#[0, 1, 2, 3, 4, 5, 6, 7, 8]
10200020#[0, 1, 2, 3, 4, 5, 6, 7, 8]
30100100#[0, 1, 2, 3, 4, 5, 6, 7, 8]
101201#[0, 1, 2, 3, 4, 5, 6, 7, 8]
310100#[0, 1, 2, 3, 4, 5, 6, 7, 8]
10200011#[0, 1, 2, 3, 4, 5, 6, 7, 8]
30010010#[0, 1, 2, 3, 4, 5, 6, 7, 8]
100200110#[0, 1, 2, 3, 4, 5, 6, 7, 8]
1031000#[0, 1, 2, 3, 4, 5, 6, 7, 8]
30010001#[0, 1, 2, 3, 4, 5, 6, 7, 8]
140000000#[0, 2, 3, 4, 5, 6, 7, 8]
200100020#[0, 1, 2, 3, 4, 5, 6, 7, 8]
10200002#[0, 1, 2, 3, 4, 5, 6, 7, 8]
130000100#[0, 1, 2, 3, 4, 5, 6, 7, 8]
101210#[0, 1, 2, 3, 4, 5, 6, 7, 8]
100200101#[0, 1, 2, 3, 4, 5, 6, 7, 8]
11102#[0, 1, 2, 3, 4, 5, 6, 7, 8]
110102000#[0, 1, 2, 3, 4, 5, 6, 7, 8]
1201010#[0, 1, 2, 3, 4, 5, 6, 7, 8]
220001#[0, 1, 2, 3, 4, 5, 6, 7, 8]
1000301#[0, 1, 2, 3, 4, 5, 6, 7, 8]
100030100#[0, 1, 2, 3, 4, 5, 6, 7, 8]
11111#[0, 1, 2, 3, 4, 5, 6, 7, 8]
200020100#[0, 1, 2, 3, 4, 5, 6, 7, 8]
220010#[0, 1, 2, 3, 4, 5, 6, 7, 8]
11011010#[0, 1, 2, 3, 4, 5, 6, 7, 8]
11120#[0, 1, 2, 3, 4, 5, 6, 7, 8]
210010100#[0, 1, 2, 3, 4, 5, 6, 7, 8]
40010000#[0, 2, 3, 4, 5, 6, 7, 8]
20200001#[0, 1, 2, 3, 4, 5, 6, 7, 8]
201001100#[0, 1, 2, 3, 4, 5, 6, 7, 8]
100112000#[0, 1, 2, 3, 4, 5, 6, 7, 8]
21011000#[0, 1, 2, 3, 4, 5, 6, 7, 8]
1000310#[0, 1, 2, 3, 4, 5, 6, 7, 8]
1201001#[0, 1, 2, 3, 4, 5, 6, 7, 8]
20200010#[0, 1, 2, 3, 4, 5, 6, 7, 8]
2012000#[0, 1, 2, 3, 4, 5, 6, 7, 8]
12000200#[0, 1, 2, 3, 4, 5, 6, 7, 8]
102000020#[0, 1, 2, 3, 4, 5, 6, 7, 8]
120100010#[0, 1, 2, 3, 4, 5, 6, 7, 8]
20110001#[0, 1, 2, 3, 4, 5, 6, 7, 8]
2010011#[0, 1, 2, 3, 4, 5, 6, 7, 8]
20110010#[0, 1, 2, 3, 4, 5, 6, 7, 8]
120100001#[0, 1, 2, 3, 4, 5, 6, 7, 8]
2010002#[0, 1, 2, 3, 4, 5, 6, 7, 8]
20200100#[0, 1, 2, 3, 4, 5, 6, 7, 8]
300010100#[0, 1, 2, 3, 4, 5, 6, 7, 8]
102000002#[0, 1, 2, 3, 4, 5, 6, 7, 8]
200102000#[0, 1, 2, 3, 4, 5, 6, 7, 8]
310000100#[0, 1, 2, 3, 4, 5, 6, 7, 8]
102000011#[0, 1, 2, 3, 4, 5, 6, 7, 8]
110110001#[0, 1, 2, 3, 4, 5, 6, 7, 8]
10001210#[0, 1, 2, 3, 4, 5, 6, 7, 8]
12000020#[0, 1, 2, 3, 4, 5, 6, 7, 8]
210100001#[0, 1, 2, 3, 4, 5, 6, 7, 8]
2100101#[0, 1, 2, 3, 4, 5, 6, 7, 8]
10001201#[0, 1, 2, 3, 4, 5, 6, 7, 8]
110110010#[0, 1, 2, 3, 4, 5, 6, 7, 8]
100200020#[0, 1, 2, 3, 4, 5, 6, 7, 8]
2100110#[0, 1, 2, 3, 4, 5, 6, 7, 8]
10210100#[0, 1, 2, 3, 4, 5, 6, 7, 8]
210100010#[0, 1, 2, 3, 4, 5, 6, 7, 8]
100200011#[0, 1, 2, 3, 4, 5, 6, 7, 8]
400000100#[1, 2, 3, 4, 5, 6, 7, 8]
302000#[0, 1, 2, 3, 4, 5, 6, 7, 8]
12000002#[0, 1, 2, 3, 4, 5, 6, 7, 8]
110200100#[0, 1, 2, 3, 4, 5, 6, 7, 8]
101300#[0, 1, 2, 3, 4, 5, 6, 7, 8]
100200002#[0, 1, 2, 3, 4, 5, 6, 7, 8]
2010020#[0, 1, 2, 3, 4, 5, 6, 7, 8]
3002#[0, 1, 2, 3, 4, 5, 6, 7, 8]
12000011#[0, 1, 2, 3, 4, 5, 6, 7, 8]
11201#[0, 1, 2, 3, 4, 5, 6, 7, 8]
3011#[0, 1, 2, 3, 4, 5, 6, 7, 8]
200020010#[0, 1, 2, 3, 4, 5, 6, 7, 8]
220100#[0, 1, 2, 3, 4, 5, 6, 7, 8]
100030001#[0, 1, 2, 3, 4, 5, 6, 7, 8]
2100200#[0, 1, 2, 3, 4, 5, 6, 7, 8]
201001010#[0, 1, 2, 3, 4, 5, 6, 7, 8]
1111001#[0, 1, 2, 3, 4, 5, 6, 7, 8]
11210#[0, 1, 2, 3, 4, 5, 6, 7, 8]
3020#[0, 1, 2, 3, 4, 5, 6, 7, 8]
100030010#[0, 1, 2, 3, 4, 5, 6, 7, 8]
200020001#[0, 1, 2, 3, 4, 5, 6, 7, 8]
101101001#[0, 1, 2, 3, 4, 5, 6, 7, 8]
10120010#[0, 1, 2, 3, 4, 5, 6, 7, 8]
130001#[0, 1, 2, 3, 4, 5, 6, 7, 8]
12000101#[0, 1, 2, 3, 4, 5, 6, 7, 8]
201001001#[0, 1, 2, 3, 4, 5, 6, 7, 8]
100120100#[0, 1, 2, 3, 4, 5, 6, 7, 8]
101101010#[0, 1, 2, 3, 4, 5, 6, 7, 8]
400000001#[1, 2, 3, 4, 5, 6, 7, 8]
12000110#[0, 1, 2, 3, 4, 5, 6, 7, 8]
10120001#[0, 1, 2, 3, 4, 5, 6, 7, 8]
130010#[0, 1, 2, 3, 4, 5, 6, 7, 8]
400000010#[1, 2, 3, 4, 5, 6, 7, 8]
1201100#[0, 1, 2, 3, 4, 5, 6, 7, 8]
1000400#[0, 1, 2, 3, 4, 5, 7, 8]
2010110#[0, 1, 2, 3, 4, 5, 6, 7, 8]
11101001#[0, 1, 2, 3, 4, 5, 6, 7, 8]
30100010#[0, 1, 2, 3, 4, 5, 6, 7, 8]
100001300#[0, 1, 2, 3, 4, 5, 6, 7, 8]
300002#[0, 1, 2, 3, 4, 5, 6, 7, 8]
300100100#[0, 1, 2, 3, 4, 5, 6, 7, 8]
100202000#[0, 1, 2, 3, 4, 5, 6, 7, 8]
1001#[0, 1, 2, 3, 4, 5, 6, 7, 8]
30100001#[0, 1, 2, 3, 4, 5, 6, 7, 8]
2010101#[0, 1, 2, 3, 4, 5, 6, 7, 8]
1004#[0, 1, 2, 3, 4, 5, 6, 7]
300011#[0, 1, 2, 3, 4, 5, 6, 7, 8]
300010001#[0, 1, 2, 3, 4, 5, 6, 7, 8]
310000010#[0, 1, 2, 3, 4, 5, 6, 7, 8]
300020#[0, 1, 2, 3, 4, 5, 6, 7, 8]
102000101#[0, 1, 2, 3, 4, 5, 6, 7, 8]
1010#[0, 1, 2, 3, 4, 5, 6, 7, 8]
1111010#[0, 1, 2, 3, 4, 5, 6, 7, 8]
1013#[0, 1, 2, 3, 4, 5, 6, 7, 8]
200110100#[0, 1, 2, 3, 4, 5, 6, 7, 8]
102000110#[0, 1, 2, 3, 4, 5, 6, 7, 8]
300010010#[0, 1, 2, 3, 4, 5, 6, 7, 8]
11101010#[0, 1, 2, 3, 4, 5, 6, 7, 8]
310000001#[0, 1, 2, 3, 4, 5, 6, 7, 8]
1022#[0, 1, 2, 3, 4, 5, 6, 7, 8]
10110110#[0, 1, 2, 3, 4, 5, 6, 7, 8]
20002100#[0, 1, 2, 3, 4, 5, 6, 7, 8]
210000002#[0, 1, 2, 3, 4, 5, 6, 7, 8]
1031#[0, 1, 2, 3, 4, 5, 6, 7, 8]
110011010#[0, 1, 2, 3, 4, 5, 6, 7, 8]
11300000#[0, 1, 2, 3, 4, 5, 6, 7, 8]
11001002#[0, 1, 2, 3, 4, 5, 6, 7, 8]
112100000#[0, 1, 2, 3, 4, 5, 6, 7, 8]
210000011#[0, 1, 2, 3, 4, 5, 6, 7, 8]
10110101#[0, 1, 2, 3, 4, 5, 6, 7, 8]
1040#[0, 1, 2, 3, 4, 5, 6, 8]
210000020#[0, 1, 2, 3, 4, 5, 6, 7, 8]
31000010#[0, 1, 2, 3, 4, 5, 6, 7, 8]
10200200#[0, 1, 2, 3, 4, 5, 6, 7, 8]
11001011#[0, 1, 2, 3, 4, 5, 6, 7, 8]
111000200#[0, 1, 2, 3, 4, 5, 6, 7, 8]
31000001#[0, 1, 2, 3, 4, 5, 6, 7, 8]
300011000#[0, 1, 2, 3, 4, 5, 6, 7, 8]
11001020#[0, 1, 2, 3, 4, 5, 6, 7, 8]
3101#[0, 1, 2, 3, 4, 5, 6, 7, 8]
21020000#[0, 1, 2, 3, 4, 5, 6, 7, 8]
212000#[0, 1, 2, 3, 4, 5, 6, 7, 8]
11300#[0, 1, 2, 3, 4, 5, 6, 7, 8]
20000021#[0, 1, 2, 3, 4, 5, 6, 7, 8]
101012000#[0, 1, 2, 3, 4, 5, 6, 7, 8]
100000211#[0, 1, 2, 3, 4, 5, 6, 7, 8]
3110#[0, 1, 2, 3, 4, 5, 6, 7, 8]
22001000#[0, 1, 2, 3, 4, 5, 6, 7, 8]
100000220#[0, 1, 2, 3, 4, 5, 6, 7, 8]
10020020#[0, 1, 2, 3, 4, 5, 6, 7, 8]
1111100#[0, 1, 2, 3, 4, 5, 6, 7, 8]
130010000#[0, 1, 2, 3, 4, 5, 6, 7, 8]
20000030#[0, 1, 2, 3, 4, 5, 6, 7, 8]
3200000#[0, 1, 2, 3, 4, 5, 6, 7, 8]
20000000#[0, 1, 2, 3, 4, 5, 6, 7, 8]
20000003#[0, 1, 2, 3, 4, 5, 6, 7, 8]
104000000#[0, 1, 3, 4, 5, 6, 7, 8]
10020011#[0, 1, 2, 3, 4, 5, 6, 7, 8]
130100#[0, 1, 2, 3, 4, 5, 6, 7, 8]
10020002#[0, 1, 2, 3, 4, 5, 6, 7, 8]
20000012#[0, 1, 2, 3, 4, 5, 6, 7, 8]
100000202#[0, 1, 2, 3, 4, 5, 6, 7, 8]
40001#[0, 1, 2, 3, 5, 6, 7, 8]
300101#[0, 1, 2, 3, 4, 5, 6, 7, 8]
101100101#[0, 1, 2, 3, 4, 5, 6, 7, 8]
2002010#[0, 1, 2, 3, 4, 5, 6, 7, 8]
2010200#[0, 1, 2, 3, 4, 5, 6, 7, 8]
1021001#[0, 1, 2, 3, 4, 5, 6, 7, 8]
101100110#[0, 1, 2, 3, 4, 5, 6, 7, 8]
20000120#[0, 1, 2, 3, 4, 5, 6, 7, 8]
40010#[0, 1, 2, 3, 5, 6, 7, 8]
200200100#[0, 1, 2, 3, 4, 5, 6, 7, 8]
300110#[0, 1, 2, 3, 4, 5, 6, 7, 8]
1100#[0, 1, 2, 3, 4, 5, 6, 7, 8]
1103#[0, 1, 2, 3, 4, 5, 6, 7, 8]
2002001#[0, 1, 2, 3, 4, 5, 6, 7, 8]
210002#[0, 1, 2, 3, 4, 5, 6, 7, 8]
110011100#[0, 1, 2, 3, 4, 5, 6, 7, 8]
301000100#[0, 1, 2, 3, 4, 5, 6, 7, 8]
101010002#[0, 1, 2, 3, 4, 5, 6, 7, 8]
200110010#[0, 1, 2, 3, 4, 5, 6, 7, 8]
20000102#[0, 1, 2, 3, 4, 5, 6, 7, 8]
1112#[0, 1, 2, 3, 4, 5, 6, 7, 8]
210011#[0, 1, 2, 3, 4, 5, 6, 7, 8]
200110001#[0, 1, 2, 3, 4, 5, 6, 7, 8]
1021010#[0, 1, 2, 3, 4, 5, 6, 7, 8]
101010011#[0, 1, 2, 3, 4, 5, 6, 7, 8]
20000111#[0, 1, 2, 3, 4, 5, 6, 7, 8]
100121000#[0, 1, 2, 3, 4, 5, 6, 7, 8]
3110000#[0, 1, 2, 3, 4, 5, 6, 7, 8]
10102010#[0, 1, 2, 3, 4, 5, 6, 7, 8]
1121#[0, 1, 2, 3, 4, 5, 6, 7, 8]
101010020#[0, 1, 2, 3, 4, 5, 6, 7, 8]
210000101#[0, 1, 2, 3, 4, 5, 6, 7, 8]
10110200#[0, 1, 2, 3, 4, 5, 6, 7, 8]
210020#[0, 1, 2, 3, 4, 5, 6, 7, 8]
1130#[0, 1, 2, 3, 4, 5, 6, 7, 8]
210000110#[0, 1, 2, 3, 4, 5, 6, 7, 8]
120200000#[0, 1, 2, 3, 4, 5, 6, 7, 8]
300101000#[0, 1, 2, 3, 4, 5, 6, 7, 8]
10102001#[0, 1, 2, 3, 4, 5, 6, 7, 8]
221000000#[0, 1, 2, 3, 4, 5, 6, 7, 8]
100002200#[0, 1, 2, 3, 4, 5, 6, 7, 8]
100000130#[0, 1, 2, 3, 4, 5, 6, 7, 8]
2000030#[0, 1, 2, 3, 4, 5, 6, 7, 8]
3200#[0, 1, 2, 3, 4, 5, 6, 7, 8]
110101010#[0, 1, 2, 3, 4, 5, 6, 7, 8]
100000112#[0, 1, 2, 3, 4, 5, 6, 7, 8]
1103000#[0, 1, 2, 3, 4, 5, 6, 7, 8]
2000021#[0, 1, 2, 3, 4, 5, 6, 7, 8]
100000121#[0, 1, 2, 3, 4, 5, 6, 7, 8]
10030100#[0, 1, 2, 3, 4, 5, 6, 7, 8]
122000#[0, 1, 2, 3, 4, 5, 6, 7, 8]
100000100#[0, 1, 2, 3, 4, 5, 6, 7, 8]
100000103#[0, 1, 2, 3, 4, 5, 6, 7, 8]
2000012#[0, 1, 2, 3, 4, 5, 6, 7, 8]
13010000#[0, 1, 2, 3, 4, 5, 6, 7, 8]
120110000#[0, 1, 2, 3, 4, 5, 6, 7, 8]
110101001#[0, 1, 2, 3, 4, 5, 6, 7, 8]
10112000#[0, 1, 2, 3, 4, 5, 6, 7, 8]
2000003#[0, 1, 2, 3, 4, 5, 6, 7, 8]
2000000#[0, 1, 2, 3, 4, 5, 6, 7, 8]
21100001#[0, 1, 2, 3, 4, 5, 6, 7, 8]
10110011#[0, 1, 2, 3, 4, 5, 6, 7, 8]
1021100#[0, 1, 2, 3, 4, 5, 6, 7, 8]
40100#[0, 1, 2, 3, 5, 6, 7, 8]
200200010#[0, 1, 2, 3, 4, 5, 6, 7, 8]
10110002#[0, 1, 2, 3, 4, 5, 6, 7, 8]
2002100#[0, 1, 2, 3, 4, 5, 6, 7, 8]
21100010#[0, 1, 2, 3, 4, 5, 6, 7, 8]
300200#[0, 1, 2, 3, 4, 5, 6, 7, 8]
101100200#[0, 1, 2, 3, 4, 5, 6, 7, 8]
200200001#[0, 1, 2, 3, 4, 5, 6, 7, 8]
101010101#[0, 1, 2, 3, 4, 5, 6, 7, 8]
301000001#[0, 1, 2, 3, 4, 5, 6, 7, 8]
1202#[0, 1, 2, 3, 4, 5, 6, 7, 8]
111000110#[0, 1, 2, 3, 4, 5, 6, 7, 8]
11011100#[0, 1, 2, 3, 4, 5, 6, 7, 8]
10200110#[0, 1, 2, 3, 4, 5, 6, 7, 8]
210101#[0, 1, 2, 3, 4, 5, 6, 7, 8]
111000101#[0, 1, 2, 3, 4, 5, 6, 7, 8]
301000010#[0, 1, 2, 3, 4, 5, 6, 7, 8]
101010110#[0, 1, 2, 3, 4, 5, 6, 7, 8]
1211#[0, 1, 2, 3, 4, 5, 6, 7, 8]
210110#[0, 1, 2, 3, 4, 5, 6, 7, 8]
10200101#[0, 1, 2, 3, 4, 5, 6, 7, 8]
100002101#[0, 1, 2, 3, 4, 5, 6, 7, 8]
100211000#[0, 1, 2, 3, 4, 5, 6, 7, 8]
201011000#[0, 1, 2, 3, 4, 5, 6, 7, 8]
1101011#[0, 1, 2, 3, 4, 5, 6, 7, 8]
120002#[0, 1, 2, 3, 4, 5, 6, 7, 8]
1220#[0, 1, 2, 3, 4, 5, 6, 7, 8]
400010000#[1, 2, 3, 4, 5, 6, 7, 8]
100010300#[0, 1, 2, 3, 4, 5, 6, 7, 8]
120011#[0, 1, 2, 3, 4, 5, 6, 7, 8]
100002110#[0, 1, 2, 3, 4, 5, 6, 7, 8]
1101020#[0, 1, 2, 3, 4, 5, 6, 7, 8]
3020000#[0, 1, 2, 3, 4, 5, 6, 7, 8]
210002000#[0, 1, 2, 3, 4, 5, 6, 7, 8]
1400000#[0, 1, 2, 4, 5, 6, 7, 8]
4001000#[0, 1, 3, 4, 5, 6, 7, 8]
120020#[0, 1, 2, 3, 4, 5, 6, 7, 8]
102200000#[0, 1, 2, 3, 4, 5, 6, 7, 8]
203000000#[0, 1, 2, 3, 4, 5, 6, 7, 8]
1101002#[0, 1, 2, 3, 4, 5, 6, 7, 8]
200030000#[0, 1, 2, 3, 4, 5, 6, 7, 8]
100000040#[0, 1, 2, 3, 4, 5, 6, 8]
10110020#[0, 1, 2, 3, 4, 5, 6, 7, 8]
11003000#[0, 1, 2, 3, 4, 5, 6, 7, 8]
130100000#[0, 1, 2, 3, 4, 5, 6, 7, 8]
100000022#[0, 1, 2, 3, 4, 5, 6, 7, 8]
20000210#[0, 1, 2, 3, 4, 5, 6, 7, 8]
2000120#[0, 1, 2, 3, 4, 5, 6, 7, 8]
10022000#[0, 1, 2, 3, 4, 5, 6, 7, 8]
100000031#[0, 1, 2, 3, 4, 5, 6, 7, 8]
100000004#[0, 1, 2, 3, 4, 5, 6, 7]
2000111#[0, 1, 2, 3, 4, 5, 6, 7, 8]
100000001#[0, 1, 2, 3, 4, 5, 6, 7, 8]
110011001#[0, 1, 2, 3, 4, 5, 6, 7, 8]
100000013#[0, 1, 2, 3, 4, 5, 6, 7, 8]
2000102#[0, 1, 2, 3, 4, 5, 6, 7, 8]
20000201#[0, 1, 2, 3, 4, 5, 6, 7, 8]
110101100#[0, 1, 2, 3, 4, 5, 6, 7, 8]
100000010#[0, 1, 2, 3, 4, 5, 6, 7, 8]
32000#[0, 1, 2, 3, 4, 5, 6, 7, 8]
10100120#[0, 1, 2, 3, 4, 5, 6, 7, 8]
10010012#[0, 1, 2, 3, 4, 5, 6, 7, 8]
1013000#[0, 1, 2, 3, 4, 5, 6, 7, 8]
10010000#[0, 1, 2, 3, 4, 5, 6, 7, 8]
31010000#[0, 1, 2, 3, 4, 5, 6, 7, 8]
10010003#[0, 1, 2, 3, 4, 5, 6, 7, 8]
100002020#[0, 1, 2, 3, 4, 5, 6, 7, 8]
202001#[0, 1, 2, 3, 4, 5, 6, 7, 8]
100010210#[0, 1, 2, 3, 4, 5, 6, 7, 8]
101002001#[0, 1, 2, 3, 4, 5, 6, 7, 8]
10100111#[0, 1, 2, 3, 4, 5, 6, 7, 8]
1301#[0, 1, 2, 3, 4, 5, 6, 7, 8]
20010020#[0, 1, 2, 3, 4, 5, 6, 7, 8]
202010#[0, 1, 2, 3, 4, 5, 6, 7, 8]
210200#[0, 1, 2, 3, 4, 5, 6, 7, 8]
10100102#[0, 1, 2, 3, 4, 5, 6, 7, 8]
101010200#[0, 1, 2, 3, 4, 5, 6, 7, 8]
1310#[0, 1, 2, 3, 4, 5, 6, 7, 8]
101002010#[0, 1, 2, 3, 4, 5, 6, 7, 8]
1310000#[0, 1, 2, 3, 4, 5, 6, 7, 8]
20010002#[0, 1, 2, 3, 4, 5, 6, 7, 8]
120101#[0, 1, 2, 3, 4, 5, 6, 7, 8]
1101110#[0, 1, 2, 3, 4, 5, 6, 7, 8]
102110000#[0, 1, 2, 3, 4, 5, 6, 7, 8]
100002002#[0, 1, 2, 3, 4, 5, 6, 7, 8]
11120000#[0, 1, 2, 3, 4, 5, 6, 7, 8]
20010011#[0, 1, 2, 3, 4, 5, 6, 7, 8]
200120000#[0, 1, 2, 3, 4, 5, 6, 7, 8]
100002011#[0, 1, 2, 3, 4, 5, 6, 7, 8]
100010201#[0, 1, 2, 3, 4, 5, 6, 7, 8]
120110#[0, 1, 2, 3, 4, 5, 6, 7, 8]
12101000#[0, 1, 2, 3, 4, 5, 6, 7, 8]
100301000#[0, 1, 2, 3, 4, 5, 6, 7, 8]
30002#[0, 1, 2, 3, 4, 5, 6, 7, 8]
201101000#[0, 1, 2, 3, 4, 5, 6, 7, 8]
1011002#[0, 1, 2, 3, 4, 5, 6, 7, 8]
10010030#[0, 1, 2, 3, 4, 5, 6, 7, 8]
20100101#[0, 1, 2, 3, 4, 5, 6, 7, 8]
100100300#[0, 1, 2, 3, 4, 5, 6, 7, 8]
30011#[0, 1, 2, 3, 4, 5, 6, 7, 8]
20100110#[0, 1, 2, 3, 4, 5, 6, 7, 8]
10010021#[0, 1, 2, 3, 4, 5, 6, 7, 8]
1101101#[0, 1, 2, 3, 4, 5, 6, 7, 8]
200003#[0, 1, 2, 3, 4, 5, 6, 7, 8]
110210000#[0, 1, 2, 3, 4, 5, 6, 7, 8]
200000#[0, 1, 2, 3, 4, 5, 6, 7, 8]
1011020#[0, 1, 2, 3, 4, 5, 6, 7, 8]
110001101#[0, 1, 2, 3, 4, 5, 6, 7, 8]
211010000#[0, 1, 2, 3, 4, 5, 6, 7, 8]
20010101#[0, 1, 2, 3, 4, 5, 6, 7, 8]
30020#[0, 1, 2, 3, 4, 5, 6, 7, 8]
101000000#[0, 1, 2, 3, 4, 5, 6, 7, 8]
3100010#[0, 1, 2, 3, 4, 5, 6, 7, 8]
101000003#[0, 1, 2, 3, 4, 5, 6, 7, 8]
101000012#[0, 1, 2, 3, 4, 5, 6, 7, 8]
2000210#[0, 1, 2, 3, 4, 5, 6, 7, 8]
1011011#[0, 1, 2, 3, 4, 5, 6, 7, 8]
3100001#[0, 1, 2, 3, 4, 5, 6, 7, 8]
12011000#[0, 1, 2, 3, 4, 5, 6, 7, 8]
200012#[0, 1, 2, 3, 4, 5, 6, 7, 8]
20010110#[0, 1, 2, 3, 4, 5, 6, 7, 8]
101000021#[0, 1, 2, 3, 4, 5, 6, 7, 8]
100004000#[0, 1, 2, 3, 4, 6, 7, 8]
200021#[0, 1, 2, 3, 4, 5, 6, 7, 8]
2000201#[0, 1, 2, 3, 4, 5, 6, 7, 8]
110001110#[0, 1, 2, 3, 4, 5, 6, 7, 8]
11030000#[0, 1, 2, 3, 4, 5, 6, 7, 8]
20100200#[0, 1, 2, 3, 4, 5, 6, 7, 8]
101000030#[0, 1, 2, 3, 4, 5, 6, 7, 8]
200001200#[0, 1, 2, 3, 4, 5, 6, 7, 8]
10012100#[0, 1, 2, 3, 4, 5, 6, 7, 8]
200030#[0, 1, 2, 3, 4, 5, 6, 7, 8]
13000100#[0, 1, 2, 3, 4, 5, 6, 7, 8]
10010111#[0, 1, 2, 3, 4, 5, 6, 7, 8]
10100210#[0, 1, 2, 3, 4, 5, 6, 7, 8]
120001100#[0, 1, 2, 3, 4, 5, 6, 7, 8]
10010102#[0, 1, 2, 3, 4, 5, 6, 7, 8]
101002100#[0, 1, 2, 3, 4, 5, 6, 7, 8]
10100201#[0, 1, 2, 3, 4, 5, 6, 7, 8]
202100#[0, 1, 2, 3, 4, 5, 6, 7, 8]
1400#[0, 1, 2, 3, 4, 5, 7, 8]
400100000#[1, 2, 3, 4, 5, 6, 7, 8]
100010120#[0, 1, 2, 3, 4, 5, 6, 7, 8]
100010102#[0, 1, 2, 3, 4, 5, 6, 7, 8]
1101200#[0, 1, 2, 3, 4, 5, 6, 7, 8]
302000000#[0, 1, 2, 3, 4, 5, 6, 7, 8]
112001#[0, 1, 2, 3, 4, 5, 6, 7, 8]
30000200#[0, 1, 2, 3, 4, 5, 6, 7, 8]
100100210#[0, 1, 2, 3, 4, 5, 6, 7, 8]
13000001#[0, 1, 2, 3, 4, 5, 6, 7, 8]
100010111#[0, 1, 2, 3, 4, 5, 6, 7, 8]
2201000#[0, 1, 2, 3, 4, 5, 6, 7, 8]
120200#[0, 1, 2, 3, 4, 5, 6, 7, 8]
103001000#[0, 1, 2, 3, 4, 5, 6, 7, 8]
112010#[0, 1, 2, 3, 4, 5, 6, 7, 8]
13000010#[0, 1, 2, 3, 4, 5, 6, 7, 8]
1011101#[0, 1, 2, 3, 4, 5, 6, 7, 8]
30101#[0, 1, 2, 3, 4, 5, 6, 7, 8]
10020110#[0, 1, 2, 3, 4, 5, 6, 7, 8]
10020101#[0, 1, 2, 3, 4, 5, 6, 7, 8]
100100201#[0, 1, 2, 3, 4, 5, 6, 7, 8]
30110#[0, 1, 2, 3, 4, 5, 6, 7, 8]
301010000#[0, 1, 2, 3, 4, 5, 6, 7, 8]
101000102#[0, 1, 2, 3, 4, 5, 6, 7, 8]
10100030#[0, 1, 2, 3, 4, 5, 6, 7, 8]
200102#[0, 1, 2, 3, 4, 5, 6, 7, 8]
200001101#[0, 1, 2, 3, 4, 5, 6, 7, 8]
1011110#[0, 1, 2, 3, 4, 5, 6, 7, 8]
11001101#[0, 1, 2, 3, 4, 5, 6, 7, 8]
101000111#[0, 1, 2, 3, 4, 5, 6, 7, 8]
200111#[0, 1, 2, 3, 4, 5, 6, 7, 8]
10100021#[0, 1, 2, 3, 4, 5, 6, 7, 8]
11001110#[0, 1, 2, 3, 4, 5, 6, 7, 8]
110000#[0, 1, 2, 3, 4, 5, 6, 7, 8]
100012100#[0, 1, 2, 3, 4, 5, 6, 7, 8]
2000300#[0, 1, 2, 3, 4, 5, 6, 7, 8]
21110000#[0, 1, 2, 3, 4, 5, 6, 7, 8]
1220000#[0, 1, 2, 3, 4, 5, 6, 7, 8]
110003#[0, 1, 2, 3, 4, 5, 6, 7, 8]
102020000#[0, 1, 2, 3, 4, 5, 6, 7, 8]
10100012#[0, 1, 2, 3, 4, 5, 6, 7, 8]
110003000#[0, 1, 2, 3, 4, 5, 6, 7, 8]
10100003#[0, 1, 2, 3, 4, 5, 6, 7, 8]
31100000#[0, 1, 2, 3, 4, 5, 6, 7, 8]
10100000#[0, 1, 2, 3, 4, 5, 6, 7, 8]
11210000#[0, 1, 2, 3, 4, 5, 6, 7, 8]
200120#[0, 1, 2, 3, 4, 5, 6, 7, 8]
112010000#[0, 1, 2, 3, 4, 5, 6, 7, 8]
101000120#[0, 1, 2, 3, 4, 5, 6, 7, 8]
200001110#[0, 1, 2, 3, 4, 5, 6, 7, 8]
110012#[0, 1, 2, 3, 4, 5, 6, 7, 8]
200210000#[0, 1, 2, 3, 4, 5, 6, 7, 8]
21200000#[0, 1, 2, 3, 4, 5, 6, 7, 8]
110021#[0, 1, 2, 3, 4, 5, 6, 7, 8]
122000000#[0, 1, 2, 3, 4, 5, 6, 7, 8]
210000200#[0, 1, 2, 3, 4, 5, 6, 7, 8]
10102100#[0, 1, 2, 3, 4, 5, 6, 7, 8]
110030#[0, 1, 2, 3, 4, 5, 6, 7, 8]
100010021#[0, 1, 2, 3, 4, 5, 6, 7, 8]
11001200#[0, 1, 2, 3, 4, 5, 6, 7, 8]
100010030#[0, 1, 2, 3, 4, 5, 6, 7, 8]
20002001#[0, 1, 2, 3, 4, 5, 6, 7, 8]
110001002#[0, 1, 2, 3, 4, 5, 6, 7, 8]
100010003#[0, 1, 2, 3, 4, 5, 6, 7, 8]
112100#[0, 1, 2, 3, 4, 5, 6, 7, 8]
100010000#[0, 1, 2, 3, 4, 5, 6, 7, 8]
20010200#[0, 1, 2, 3, 4, 5, 6, 7, 8]
100010012#[0, 1, 2, 3, 4, 5, 6, 7, 8]
3100100#[0, 1, 2, 3, 4, 5, 6, 7, 8]
20002010#[0, 1, 2, 3, 4, 5, 6, 7, 8]
100100120#[0, 1, 2, 3, 4, 5, 6, 7, 8]
10020200#[0, 1, 2, 3, 4, 5, 6, 7, 8]
100100102#[0, 1, 2, 3, 4, 5, 6, 7, 8]
22001#[0, 1, 2, 3, 4, 5, 6, 7, 8]
10012010#[0, 1, 2, 3, 4, 5, 6, 7, 8]
110001020#[0, 1, 2, 3, 4, 5, 6, 7, 8]
110300000#[0, 1, 2, 3, 4, 5, 6, 7, 8]
211100000#[0, 1, 2, 3, 4, 5, 6, 7, 8]
1003001#[0, 1, 2, 3, 4, 5, 6, 7, 8]
3010010#[0, 1, 2, 3, 4, 5, 6, 7, 8]
100100111#[0, 1, 2, 3, 4, 5, 6, 7, 8]
30200#[0, 1, 2, 3, 4, 5, 6, 7, 8]
10012001#[0, 1, 2, 3, 4, 5, 6, 7, 8]
22010#[0, 1, 2, 3, 4, 5, 6, 7, 8]
3010001#[0, 1, 2, 3, 4, 5, 6, 7, 8]
110001011#[0, 1, 2, 3, 4, 5, 6, 7, 8]
1130000#[0, 1, 2, 3, 4, 5, 6, 7, 8]
200001002#[0, 1, 2, 3, 4, 5, 6, 7, 8]
100101110#[0, 1, 2, 3, 4, 5, 6, 7, 8]
21000002#[0, 1, 2, 3, 4, 5, 6, 7, 8]
30001100#[0, 1, 2, 3, 4, 5, 6, 7, 8]
101120000#[0, 1, 2, 3, 4, 5, 6, 7, 8]
103000100#[0, 1, 2, 3, 4, 5, 6, 7, 8]
10000031#[0, 1, 2, 3, 4, 5, 6, 7, 8]
200201#[0, 1, 2, 3, 4, 5, 6, 7, 8]
100310000#[0, 1, 2, 3, 4, 5, 6, 7, 8]
21000011#[0, 1, 2, 3, 4, 5, 6, 7, 8]
100011002#[0, 1, 2, 3, 4, 5, 6, 7, 8]
1003010#[0, 1, 2, 3, 4, 5, 6, 7, 8]
10000022#[0, 1, 2, 3, 4, 5, 6, 7, 8]
1011200#[0, 1, 2, 3, 4, 5, 6, 7, 8]
200300000#[0, 1, 2, 3, 4, 5, 6, 7, 8]
200210#[0, 1, 2, 3, 4, 5, 6, 7, 8]
10000010#[0, 1, 2, 3, 4, 5, 6, 7, 8]
21000020#[0, 1, 2, 3, 4, 5, 6, 7, 8]
10000013#[0, 1, 2, 3, 4, 5, 6, 7, 8]
200001020#[0, 1, 2, 3, 4, 5, 6, 7, 8]
110102#[0, 1, 2, 3, 4, 5, 6, 7, 8]
200001011#[0, 1, 2, 3, 4, 5, 6, 7, 8]
3010100#[0, 1, 2, 3, 4, 5, 6, 7, 8]
10000001#[0, 1, 2, 3, 4, 5, 6, 7, 8]
100101101#[0, 1, 2, 3, 4, 5, 6, 7, 8]
10000004#[0, 1, 2, 3, 4, 5, 6, 7]
102101000#[0, 1, 2, 3, 4, 5, 6, 7, 8]
110111#[0, 1, 2, 3, 4, 5, 6, 7, 8]
20000#[0, 1, 2, 3, 4, 5, 6, 7, 8]
110000300#[0, 1, 2, 3, 4, 5, 6, 7, 8]
10211000#[0, 1, 2, 3, 4, 5, 6, 7, 8]
20003#[0, 1, 2, 3, 4, 5, 6, 7, 8]
10010300#[0, 1, 2, 3, 4, 5, 6, 7, 8]
1001003#[0, 1, 2, 3, 4, 5, 6, 7, 8]
10002110#[0, 1, 2, 3, 4, 5, 6, 7, 8]
1001000#[0, 1, 2, 3, 4, 5, 6, 7, 8]
110120#[0, 1, 2, 3, 4, 5, 6, 7, 8]
20012#[0, 1, 2, 3, 4, 5, 6, 7, 8]
10002101#[0, 1, 2, 3, 4, 5, 6, 7, 8]
10000040#[0, 1, 2, 3, 4, 5, 6, 8]
41000000#[0, 2, 3, 4, 5, 6, 7, 8]
1001021#[0, 1, 2, 3, 4, 5, 6, 7, 8]
1300001#[0, 1, 2, 3, 4, 5, 6, 7, 8]
20021#[0, 1, 2, 3, 4, 5, 6, 7, 8]
2111000#[0, 1, 2, 3, 4, 5, 6, 7, 8]
20021000#[0, 1, 2, 3, 4, 5, 6, 7, 8]
110201000#[0, 1, 2, 3, 4, 5, 6, 7, 8]
1300010#[0, 1, 2, 3, 4, 5, 6, 7, 8]
1001012#[0, 1, 2, 3, 4, 5, 6, 7, 8]
20030#[0, 1, 2, 3, 4, 5, 6, 7, 8]
100013000#[0, 1, 2, 3, 4, 5, 6, 7, 8]
104000#[0, 1, 2, 3, 4, 6, 7, 8]
11020010#[0, 1, 2, 3, 4, 5, 6, 7, 8]
12001010#[0, 1, 2, 3, 4, 5, 6, 7, 8]
111010010#[0, 1, 2, 3, 4, 5, 6, 7, 8]
1001030#[0, 1, 2, 3, 4, 5, 6, 7, 8]
11020001#[0, 1, 2, 3, 4, 5, 6, 7, 8]
111010001#[0, 1, 2, 3, 4, 5, 6, 7, 8]
21002000#[0, 1, 2, 3, 4, 5, 6, 7, 8]
211000001#[0, 1, 2, 3, 4, 5, 6, 7, 8]
200003000#[0, 1, 2, 3, 4, 5, 6, 7, 8]
1003100#[0, 1, 2, 3, 4, 5, 6, 7, 8]
22100#[0, 1, 2, 3, 4, 5, 6, 7, 8]
211000010#[0, 1, 2, 3, 4, 5, 6, 7, 8]
111100100#[0, 1, 2, 3, 4, 5, 6, 7, 8]
12001001#[0, 1, 2, 3, 4, 5, 6, 7, 8]
10000121#[0, 1, 2, 3, 4, 5, 6, 7, 8]
202001000#[0, 1, 2, 3, 4, 5, 6, 7, 8]
100101011#[0, 1, 2, 3, 4, 5, 6, 7, 8]
10000112#[0, 1, 2, 3, 4, 5, 6, 7, 8]
100101020#[0, 1, 2, 3, 4, 5, 6, 7, 8]
102011000#[0, 1, 2, 3, 4, 5, 6, 7, 8]
401000#[0, 1, 2, 4, 5, 6, 7, 8]
200300#[0, 1, 2, 3, 4, 5, 6, 7, 8]
102002#[0, 1, 2, 3, 4, 5, 6, 7, 8]
101030000#[0, 1, 2, 3, 4, 5, 6, 7, 8]
110201#[0, 1, 2, 3, 4, 5, 6, 7, 8]
102011#[0, 1, 2, 3, 4, 5, 6, 7, 8]
100400000#[0, 1, 2, 4, 5, 6, 7, 8]
10000100#[0, 1, 2, 3, 4, 5, 6, 7, 8]
11110100#[0, 1, 2, 3, 4, 5, 6, 7, 8]
100101002#[0, 1, 2, 3, 4, 5, 6, 7, 8]
10000103#[0, 1, 2, 3, 4, 5, 6, 7, 8]
1001102#[0, 1, 2, 3, 4, 5, 6, 7, 8]
101200010#[0, 1, 2, 3, 4, 5, 6, 7, 8]
110210#[0, 1, 2, 3, 4, 5, 6, 7, 8]
1210001#[0, 1, 2, 3, 4, 5, 6, 7, 8]
102020#[0, 1, 2, 3, 4, 5, 6, 7, 8]
20102#[0, 1, 2, 3, 4, 5, 6, 7, 8]
1210010#[0, 1, 2, 3, 4, 5, 6, 7, 8]
101200001#[0, 1, 2, 3, 4, 5, 6, 7, 8]
1040000#[0, 1, 2, 3, 5, 6, 7, 8]
20111#[0, 1, 2, 3, 4, 5, 6, 7, 8]
10010120#[0, 1, 2, 3, 4, 5, 6, 7, 8]
2021000#[0, 1, 2, 3, 4, 5, 6, 7, 8]
1300100#[0, 1, 2, 3, 4, 5, 6, 7, 8]
1001111#[0, 1, 2, 3, 4, 5, 6, 7, 8]
20120#[0, 1, 2, 3, 4, 5, 6, 7, 8]
100021100#[0, 1, 2, 3, 4, 5, 6, 7, 8]
11200010#[0, 1, 2, 3, 4, 5, 6, 7, 8]
100001#[0, 1, 2, 3, 4, 5, 6, 7, 8]
30001001#[0, 1, 2, 3, 4, 5, 6, 7, 8]
20101010#[0, 1, 2, 3, 4, 5, 6, 7, 8]
100004#[0, 1, 2, 3, 4, 5, 6, 7]
11200001#[0, 1, 2, 3, 4, 5, 6, 7, 8]
100010#[0, 1, 2, 3, 4, 5, 6, 7, 8]
100013#[0, 1, 2, 3, 4, 5, 6, 7, 8]
300001100#[0, 1, 2, 3, 4, 5, 6, 7, 8]
1001120#[0, 1, 2, 3, 4, 5, 6, 7, 8]
100103000#[0, 1, 2, 3, 4, 5, 6, 7, 8]
14000#[0, 1, 2, 3, 4, 6, 7, 8]
100022#[0, 1, 2, 3, 4, 5, 6, 7, 8]
200011100#[0, 1, 2, 3, 4, 5, 6, 7, 8]
10004000#[0, 1, 2, 3, 4, 6, 7, 8]
30001010#[0, 1, 2, 3, 4, 5, 6, 7, 8]
20101001#[0, 1, 2, 3, 4, 5, 6, 7, 8]
3002000#[0, 1, 2, 3, 4, 5, 6, 7, 8]
100031#[0, 1, 2, 3, 4, 5, 6, 7, 8]
10010201#[0, 1, 2, 3, 4, 5, 6, 7, 8]
10002011#[0, 1, 2, 3, 4, 5, 6, 7, 8]
110000201#[0, 1, 2, 3, 4, 5, 6, 7, 8]
20011001#[0, 1, 2, 3, 4, 5, 6, 7, 8]
100040#[0, 1, 2, 3, 4, 5, 6, 8]
10002002#[0, 1, 2, 3, 4, 5, 6, 7, 8]
11200100#[0, 1, 2, 3, 4, 5, 6, 7, 8]
120001001#[0, 1, 2, 3, 4, 5, 6, 7, 8]
11110010#[0, 1, 2, 3, 4, 5, 6, 7, 8]
102101#[0, 1, 2, 3, 4, 5, 6, 7, 8]
10301000#[0, 1, 2, 3, 4, 5, 6, 7, 8]
120001010#[0, 1, 2, 3, 4, 5, 6, 7, 8]
10100300#[0, 1, 2, 3, 4, 5, 6, 7, 8]
11110001#[0, 1, 2, 3, 4, 5, 6, 7, 8]
311000#[0, 1, 2, 3, 4, 5, 6, 7, 8]
110000210#[0, 1, 2, 3, 4, 5, 6, 7, 8]
110300#[0, 1, 2, 3, 4, 5, 6, 7, 8]
20101100#[0, 1, 2, 3, 4, 5, 6, 7, 8]
102110#[0, 1, 2, 3, 4, 5, 6, 7, 8]
12002#[0, 1, 2, 3, 4, 5, 6, 7, 8]
100021010#[0, 1, 2, 3, 4, 5, 6, 7, 8]
21000101#[0, 1, 2, 3, 4, 5, 6, 7, 8]
3000011#[0, 1, 2, 3, 4, 5, 6, 7, 8]
1210100#[0, 1, 2, 3, 4, 5, 6, 7, 8]
200011010#[0, 1, 2, 3, 4, 5, 6, 7, 8]
20201#[0, 1, 2, 3, 4, 5, 6, 7, 8]
12011#[0, 1, 2, 3, 4, 5, 6, 7, 8]
101200100#[0, 1, 2, 3, 4, 5, 6, 7, 8]
21000110#[0, 1, 2, 3, 4, 5, 6, 7, 8]
3000002#[0, 1, 2, 3, 4, 5, 6, 7, 8]
20210#[0, 1, 2, 3, 4, 5, 6, 7, 8]
201000200#[0, 1, 2, 3, 4, 5, 6, 7, 8]
12020#[0, 1, 2, 3, 4, 5, 6, 7, 8]
111100010#[0, 1, 2, 3, 4, 5, 6, 7, 8]
1001210#[0, 1, 2, 3, 4, 5, 6, 7, 8]
101110001#[0, 1, 2, 3, 4, 5, 6, 7, 8]
3000020#[0, 1, 2, 3, 4, 5, 6, 7, 8]
10010210#[0, 1, 2, 3, 4, 5, 6, 7, 8]
10002020#[0, 1, 2, 3, 4, 5, 6, 7, 8]
101110010#[0, 1, 2, 3, 4, 5, 6, 7, 8]
111100001#[0, 1, 2, 3, 4, 5, 6, 7, 8]
1001201#[0, 1, 2, 3, 4, 5, 6, 7, 8]
100021001#[0, 1, 2, 3, 4, 5, 6, 7, 8]
200101100#[0, 1, 2, 3, 4, 5, 6, 7, 8]
10031000#[0, 1, 2, 3, 4, 5, 6, 7, 8]
3000110#[0, 1, 2, 3, 4, 5, 6, 7, 8]
100100#[0, 1, 2, 3, 4, 5, 6, 7, 8]
21100100#[0, 1, 2, 3, 4, 5, 6, 7, 8]
110021000#[0, 1, 2, 3, 4, 5, 6, 7, 8]
100103#[0, 1, 2, 3, 4, 5, 6, 7, 8]
3000101#[0, 1, 2, 3, 4, 5, 6, 7, 8]
11012000#[0, 1, 2, 3, 4, 5, 6, 7, 8]
300001001#[0, 1, 2, 3, 4, 5, 6, 7, 8]
100111100#[0, 1, 2, 3, 4, 5, 6, 7, 8]
111002000#[0, 1, 2, 3, 4, 5, 6, 7, 8]
1120001#[0, 1, 2, 3, 4, 5, 6, 7, 8]
100112#[0, 1, 2, 3, 4, 5, 6, 7, 8]
10001#[0, 1, 2, 3, 4, 5, 6, 7, 8]
21010001#[0, 1, 2, 3, 4, 5, 6, 7, 8]
310001000#[0, 1, 2, 3, 4, 5, 6, 7, 8]
200011001#[0, 1, 2, 3, 4, 5, 6, 7, 8]
300001010#[0, 1, 2, 3, 4, 5, 6, 7, 8]
10004#[0, 1, 2, 3, 4, 5, 6, 7]
100121#[0, 1, 2, 3, 4, 5, 6, 7, 8]
10010#[0, 1, 2, 3, 4, 5, 6, 7, 8]
21010010#[0, 1, 2, 3, 4, 5, 6, 7, 8]
1120010#[0, 1, 2, 3, 4, 5, 6, 7, 8]
20201000#[0, 1, 2, 3, 4, 5, 6, 7, 8]
20000300#[0, 1, 2, 3, 4, 5, 6, 7, 8]
10013#[0, 1, 2, 3, 4, 5, 6, 7, 8]
100130#[0, 1, 2, 3, 4, 5, 6, 7, 8]
10022#[0, 1, 2, 3, 4, 5, 6, 7, 8]
2101001#[0, 1, 2, 3, 4, 5, 6, 7, 8]
10201010#[0, 1, 2, 3, 4, 5, 6, 7, 8]
10000310#[0, 1, 2, 3, 4, 5, 6, 7, 8]
10031#[0, 1, 2, 3, 4, 5, 6, 7, 8]
2101010#[0, 1, 2, 3, 4, 5, 6, 7, 8]
10201001#[0, 1, 2, 3, 4, 5, 6, 7, 8]
10000301#[0, 1, 2, 3, 4, 5, 6, 7, 8]
10040#[0, 1, 2, 3, 4, 5, 6, 8]
102200#[0, 1, 2, 3, 4, 5, 6, 7, 8]
1202000#[0, 1, 2, 3, 4, 5, 6, 7, 8]
11010020#[0, 1, 2, 3, 4, 5, 6, 7, 8]
12101#[0, 1, 2, 3, 4, 5, 6, 7, 8]
111000020#[0, 1, 2, 3, 4, 5, 6, 7, 8]
221000#[0, 1, 2, 3, 4, 5, 6, 7, 8]
20300#[0, 1, 2, 3, 4, 5, 6, 7, 8]
2101100#[0, 1, 2, 3, 4, 5, 6, 7, 8]
12110#[0, 1, 2, 3, 4, 5, 6, 7, 8]
101110100#[0, 1, 2, 3, 4, 5, 6, 7, 8]
201000110#[0, 1, 2, 3, 4, 5, 6, 7, 8]
14000000#[0, 1, 3, 4, 5, 6, 7, 8]
100111010#[0, 1, 2, 3, 4, 5, 6, 7, 8]
111000011#[0, 1, 2, 3, 4, 5, 6, 7, 8]
1001300#[0, 1, 2, 3, 4, 5, 6, 7, 8]
201000101#[0, 1, 2, 3, 4, 5, 6, 7, 8]
111000002#[0, 1, 2, 3, 4, 5, 6, 7, 8]
101020001#[0, 1, 2, 3, 4, 5, 6, 7, 8]
200101001#[0, 1, 2, 3, 4, 5, 6, 7, 8]
100000400#[0, 1, 2, 3, 4, 5, 7, 8]
102001010#[0, 1, 2, 3, 4, 5, 6, 7, 8]
11100110#[0, 1, 2, 3, 4, 5, 6, 7, 8]
2011001#[0, 1, 2, 3, 4, 5, 6, 7, 8]
100202#[0, 1, 2, 3, 4, 5, 6, 7, 8]
11100101#[0, 1, 2, 3, 4, 5, 6, 7, 8]
100111001#[0, 1, 2, 3, 4, 5, 6, 7, 8]
101020010#[0, 1, 2, 3, 4, 5, 6, 7, 8]
100211#[0, 1, 2, 3, 4, 5, 6, 7, 8]
10100#[0, 1, 2, 3, 4, 5, 6, 7, 8]
100201100#[0, 1, 2, 3, 4, 5, 6, 7, 8]
11010002#[0, 1, 2, 3, 4, 5, 6, 7, 8]
1120100#[0, 1, 2, 3, 4, 5, 6, 7, 8]
1030010#[0, 1, 2, 3, 4, 5, 6, 7, 8]
121000001#[0, 1, 2, 3, 4, 5, 6, 7, 8]
10103#[0, 1, 2, 3, 4, 5, 6, 7, 8]
11010011#[0, 1, 2, 3, 4, 5, 6, 7, 8]
121000010#[0, 1, 2, 3, 4, 5, 6, 7, 8]
102001001#[0, 1, 2, 3, 4, 5, 6, 7, 8]
100220#[0, 1, 2, 3, 4, 5, 6, 7, 8]
1030001#[0, 1, 2, 3, 4, 5, 6, 7, 8]
200101010#[0, 1, 2, 3, 4, 5, 6, 7, 8]
10002200#[0, 1, 2, 3, 4, 5, 6, 7, 8]
10112#[0, 1, 2, 3, 4, 5, 6, 7, 8]
1200020#[0, 1, 2, 3, 4, 5, 6, 7, 8]
110111000#[0, 1, 2, 3, 4, 5, 6, 7, 8]
10121#[0, 1, 2, 3, 4, 5, 6, 7, 8]
40001000#[0, 2, 3, 4, 5, 6, 7, 8]
210101000#[0, 1, 2, 3, 4, 5, 6, 7, 8]
1200002#[0, 1, 2, 3, 4, 5, 6, 7, 8]
121000100#[0, 1, 2, 3, 4, 5, 6, 7, 8]
10130#[0, 1, 2, 3, 4, 5, 6, 7, 8]
1200011#[0, 1, 2, 3, 4, 5, 6, 7, 8]
11102000#[0, 1, 2, 3, 4, 5, 6, 7, 8]
10000130#[0, 1, 2, 3, 4, 5, 6, 7, 8]
2011010#[0, 1, 2, 3, 4, 5, 6, 7, 8]
4100000#[0, 1, 3, 4, 5, 6, 7, 8]
120101000#[0, 1, 2, 3, 4, 5, 6, 7, 8]
4001#[0, 1, 2, 3, 4, 6, 7, 8]
3000200#[0, 1, 2, 3, 4, 5, 6, 7, 8]
12200#[0, 1, 2, 3, 4, 5, 6, 7, 8]
111010100#[0, 1, 2, 3, 4, 5, 6, 7, 8]
20111000#[0, 1, 2, 3, 4, 5, 6, 7, 8]
4010#[0, 1, 2, 3, 4, 6, 7, 8]
201000020#[0, 1, 2, 3, 4, 5, 6, 7, 8]
201000011#[0, 1, 2, 3, 4, 5, 6, 7, 8]
30011000#[0, 1, 2, 3, 4, 5, 6, 7, 8]
10121000#[0, 1, 2, 3, 4, 5, 6, 7, 8]
101102000#[0, 1, 2, 3, 4, 5, 6, 7, 8]
211000100#[0, 1, 2, 3, 4, 5, 6, 7, 8]
131000#[0, 1, 2, 3, 4, 5, 6, 7, 8]
201000002#[0, 1, 2, 3, 4, 5, 6, 7, 8]
101020100#[0, 1, 2, 3, 4, 5, 6, 7, 8]
11100011#[0, 1, 2, 3, 4, 5, 6, 7, 8]
2011100#[0, 1, 2, 3, 4, 5, 6, 7, 8]
100000310#[0, 1, 2, 3, 4, 5, 6, 7, 8]
30101000#[0, 1, 2, 3, 4, 5, 6, 7, 8]
10000220#[0, 1, 2, 3, 4, 5, 6, 7, 8]
100201010#[0, 1, 2, 3, 4, 5, 6, 7, 8]
11100002#[0, 1, 2, 3, 4, 5, 6, 7, 8]
10000211#[0, 1, 2, 3, 4, 5, 6, 7, 8]
100301#[0, 1, 2, 3, 4, 5, 6, 7, 8]
301001#[0, 1, 2, 3, 4, 5, 6, 7, 8]
2000#[0, 1, 2, 3, 4, 5, 6, 7, 8]
1112000#[0, 1, 2, 3, 4, 5, 6, 7, 8]
100201001#[0, 1, 2, 3, 4, 5, 6, 7, 8]
10000202#[0, 1, 2, 3, 4, 5, 6, 7, 8]
2003#[0, 1, 2, 3, 4, 5, 6, 7, 8]
301010#[0, 1, 2, 3, 4, 5, 6, 7, 8]
130001000#[0, 1, 2, 3, 4, 5, 6, 7, 8]
100310#[0, 1, 2, 3, 4, 5, 6, 7, 8]
100000301#[0, 1, 2, 3, 4, 5, 6, 7, 8]
102001100#[0, 1, 2, 3, 4, 5, 6, 7, 8]
10202#[0, 1, 2, 3, 4, 5, 6, 7, 8]
1030100#[0, 1, 2, 3, 4, 5, 6, 7, 8]
2012#[0, 1, 2, 3, 4, 5, 6, 7, 8]
11100020#[0, 1, 2, 3, 4, 5, 6, 7, 8]
120011000#[0, 1, 2, 3, 4, 5, 6, 7, 8]
1110002#[0, 1, 2, 3, 4, 5, 6, 7, 8]
10211#[0, 1, 2, 3, 4, 5, 6, 7, 8]
101100002#[0, 1, 2, 3, 4, 5, 6, 7, 8]
200021000#[0, 1, 2, 3, 4, 5, 6, 7, 8]
2021#[0, 1, 2, 3, 4, 5, 6, 7, 8]
201002000#[0, 1, 2, 3, 4, 5, 6, 7, 8]
1110011#[0, 1, 2, 3, 4, 5, 6, 7, 8]
11020100#[0, 1, 2, 3, 4, 5, 6, 7, 8]
10220#[0, 1, 2, 3, 4, 5, 6, 7, 8]
101100011#[0, 1, 2, 3, 4, 5, 6, 7, 8]
100031000#[0, 1, 2, 3, 4, 5, 6, 7, 8]
2030#[0, 1, 2, 3, 4, 5, 6, 7, 8]
101100020#[0, 1, 2, 3, 4, 5, 6, 7, 8]
220001000#[0, 1, 2, 3, 4, 5, 6, 7, 8]
21010100#[0, 1, 2, 3, 4, 5, 6, 7, 8]
1200101#[0, 1, 2, 3, 4, 5, 6, 7, 8]
12001100#[0, 1, 2, 3, 4, 5, 6, 7, 8]
210011000#[0, 1, 2, 3, 4, 5, 6, 7, 8]
1200110#[0, 1, 2, 3, 4, 5, 6, 7, 8]
31000100#[0, 1, 2, 3, 4, 5, 6, 7, 8]
