0#[0, 1, 2, 3, 4, 5, 6]
311301#[2, 3, 6]
3#[0, 1, 2, 3, 4, 5, 6]
303111#[4, 5, 6]
1032201#[0, 3, 4, 6]
3113001#[1, 2, 6]
2400300#[0, 2, 3, 4, 5, 6]
213003#[0, 1, 2, 3, 4, 5, 6]
311310#[2, 3, 5]
213000#[0, 1, 2, 3, 4, 5, 6]
12#[0, 1, 2, 3, 4, 5, 6]
1024002#[0, 2, 6]
2302002#[0, 1, 2, 3, 4, 5, 6]
221202#[1, 2, 3, 4, 6]
3031101#[3, 4, 6]
303120#[0, 1, 2, 3, 4, 5, 6]
21#[0, 1, 2, 3, 4, 5, 6]
213012#[1, 2, 5, 6]
2302011#[0, 3, 5, 6]
24#[0, 1, 2, 3, 4, 5]
2310201#[0, 2, 4, 6]
1024020#[0, 2, 5]
1032210#[0, 3, 4, 5]
3113010#[1, 2, 5]
131103#[1, 3, 4]
213021#[1, 2, 5, 6]
30#[0, 1, 2, 3, 4, 5, 6]
131100#[1, 3, 4]
3121200#[1, 2, 3, 4]
1040400#[0]
33#[0, 1, 2, 3, 4, 5, 6]
213030#[0, 1, 2, 3, 4, 5, 6]
221220#[1, 2, 3, 4, 5]
41001#[3, 6]
42#[0, 1, 2, 3, 4, 6]
3203100#[0, 1, 2, 3, 4, 5, 6]
41004#[3]
41010#[3, 5]
41013#[3, 5]
131130#[1, 3, 4]
41022#[3, 5, 6]
2130021#[0, 1, 5, 6]
41031#[3, 6]
2130030#[0, 1, 2, 3, 4, 5, 6]
41040#[3]
2310210#[0, 2, 4, 5]
1032300#[0, 1, 2, 3, 4, 5, 6]
303201#[0, 1, 2, 3, 4, 5, 6]
102#[0, 1, 2, 3, 4, 5, 6]
2220102#[0, 1, 2, 4, 6]
2302020#[0, 1, 2, 3, 4, 5, 6]
3031110#[3, 4, 5]
311400#[2, 3]
213102#[1, 2, 4, 6]
303210#[0, 1, 2, 3, 4, 5, 6]
111#[4, 5, 6]
2130000#[0, 1, 2, 3, 4, 5, 6]
114#[4, 5]
2130003#[0, 1, 2, 3, 4, 5, 6]
221301#[1, 2, 3, 6]
120#[0, 1, 2, 3, 4, 5, 6]
2220120#[0, 1, 2, 4, 5]
123000#[0, 1, 2, 3, 4, 5, 6]
123003#[0, 1, 2, 3, 4, 5, 6]
123#[0, 1, 2, 3, 4, 5, 6]
2130012#[0, 1, 5, 6]
221310#[1, 2, 3, 5]
131202#[1, 3, 4, 6]
2212002#[0, 1, 2, 3, 6]
213120#[1, 2, 4, 5]
132#[0, 1, 2, 3, 4, 5, 6]
123012#[1, 2, 5, 6]
4301001#[3, 6]
2220201#[0, 1, 2, 4, 6]
3023010#[0, 1, 2, 3, 4, 5, 6]
123021#[1, 2, 5, 6]
41100#[3, 4]
141#[4, 6]
3031200#[0, 1, 2, 3, 4, 5, 6]
41103#[3, 4]
144#[4]
4301010#[3, 5]
2220210#[0, 1, 2, 4, 5]
2212020#[0, 1, 2, 3, 5]
2130102#[0, 1, 4, 6]
131220#[1, 3, 4, 5]
123030#[0, 1, 2, 3, 4, 5, 6]
3113100#[1, 2, 4]
41130#[3, 4]
2302101#[0, 3, 4, 6]
3023001#[0, 1, 2, 3, 4, 5, 6]
2302110#[0, 3, 4, 5]
1401000#[0, 3]
1401003#[0, 3]
2310300#[0, 1, 2, 3, 4, 5, 6]
303300#[0, 1, 2, 3, 4, 5, 6]
2040030#[0, 1, 3, 4, 5, 6]
1024200#[0, 2, 4]
201#[0, 1, 2, 3, 4, 5, 6]
2040021#[0, 5, 6]
204#[0, 1, 2, 3, 4, 5]
213201#[1, 2, 4, 6]
3023100#[0, 1, 2, 3, 4, 5, 6]
210#[0, 1, 2, 3, 4, 5, 6]
2040012#[0, 5, 6]
1401030#[0, 3]
213#[0, 1, 2, 3, 4, 5, 6]
213210#[1, 2, 4, 5]
2302200#[0, 1, 2, 3, 4, 5, 6]
221400#[1, 2, 3]
2040003#[0, 1, 3, 4, 5, 6]
222#[0, 1, 2, 3, 4, 5, 6]
2040000#[0, 1, 3, 4, 5, 6]
123102#[1, 2, 4, 6]
131301#[1, 3, 6]
231#[0, 1, 2, 3, 4, 5, 6]
33000#[0, 1, 2, 3, 4, 5, 6]
2130120#[0, 1, 4, 5]
234#[0, 1, 2, 3, 4, 5]
33003#[0, 1, 2, 3, 4, 5, 6]
131310#[1, 3, 5]
240#[0, 1, 2, 3, 4, 6]
123120#[1, 2, 4, 5]
41202#[3, 4, 6]
243#[0, 1, 2, 3, 4, 6]
33012#[0, 1, 2, 3, 4, 5, 6]
33021#[0, 1, 2, 3, 4, 5, 6]
2130210#[0, 1, 4, 5]
2122020#[0, 1, 2, 3, 5]
41220#[3, 4, 5]
33030#[0, 1, 2, 3, 4, 5, 6]
1311000#[0, 2, 3]
1311003#[0, 2, 3]
1311030#[0, 2, 3]
2040120#[0, 4, 5]
300#[0, 1, 2, 3, 4, 5, 6]
2220300#[0, 1, 2, 3, 4, 5, 6]
303#[0, 1, 2, 3, 4, 5, 6]
2122002#[0, 1, 2, 3, 6]
213300#[0, 1, 2, 3, 4, 5, 6]
312#[0, 1, 2, 3, 4, 5, 6]
2040102#[0, 4, 6]
2130201#[0, 1, 4, 6]
2204001#[0, 1, 6]
123201#[1, 2, 4, 6]
321#[0, 1, 2, 3, 4, 5, 6]
324#[0, 1, 2, 3, 4, 5]
2212200#[0, 1, 2, 3, 4]
330#[0, 1, 2, 3, 4, 5, 6]
131400#[1, 3]
2204010#[0, 1, 5]
123210#[1, 2, 4, 5]
333#[0, 1, 2, 3, 4, 5, 6]
33102#[0, 1, 2, 3, 4, 5, 6]
41301#[3, 6]
342#[0, 1, 2, 3, 4, 6]
33111#[4, 5, 6]
2130300#[0, 1, 2, 3, 4, 5, 6]
41310#[3, 5]
33120#[0, 1, 2, 3, 4, 5, 6]
3400020#[0, 2, 3, 4, 5, 6]
4301100#[3, 4]
3400002#[0, 2, 3, 4, 5, 6]
3400011#[5, 6]
3310002#[0, 1, 2, 3, 4, 5, 6]
3310011#[2, 5, 6]
2032020#[0, 1, 2, 3, 4, 5, 6]
2040210#[0, 4, 5]
402#[0, 1, 2, 3, 5, 6]
410004#[2]
2032011#[0, 3, 5, 6]
2040201#[0, 4, 6]
3400101#[4, 6]
410001#[2, 6]
1221003#[0, 1, 2, 3]
1221000#[0, 1, 2, 3]
411#[5, 6]
410013#[2, 5]
410010#[2, 5]
3400110#[4, 5]
2032002#[0, 1, 2, 3, 4, 5, 6]
414#[5]
410022#[2, 5, 6]
420#[0, 1, 2, 3, 5, 6]
123300#[0, 1, 2, 3, 4, 5, 6]
423#[0, 1, 2, 3, 5, 6]
410031#[2, 6]
432#[0, 1, 2, 3, 5, 6]
33201#[0, 1, 2, 3, 4, 5, 6]
1221030#[0, 1, 2, 3]
4203000#[1, 2, 3, 4, 5, 6]
41400#[3]
441#[6]
33210#[0, 1, 2, 3, 4, 5, 6]
410040#[2]
1401300#[0, 3]
1303002#[0, 1, 2, 3, 4, 5, 6]
2204100#[0, 1, 4]
1131000#[0, 1, 3]
1131003#[0, 1, 3]
1303011#[0, 5, 6]
2032110#[0, 3, 4, 5]
410103#[2, 4]
410100#[2, 4]
2040300#[0, 1, 3, 4, 5, 6]
3310020#[0, 1, 2, 3, 4, 5, 6]
2122200#[0, 1, 2, 3, 4]
2032101#[0, 3, 4, 6]
1303020#[0, 1, 2, 3, 4, 5, 6]
320004#[0, 1, 2, 3, 4, 5]
3220020#[0, 1, 2, 3, 4, 5, 6]
320001#[0, 1, 2, 3, 4, 5, 6]
1131030#[0, 1, 3]
320013#[0, 1, 2, 3, 4, 5, 6]
320010#[0, 1, 2, 3, 4, 5, 6]
320022#[0, 1, 2, 3, 4, 5, 6]
3220002#[0, 1, 2, 3, 4, 5, 6]
33300#[0, 1, 2, 3, 4, 5, 6]
410130#[2, 4]
3220011#[1, 2, 5, 6]
320031#[0, 1, 2, 3, 4, 5, 6]
4031010#[3, 5]
4031001#[3, 6]
3310101#[2, 4, 6]
3310110#[2, 4, 5]
320040#[0, 1, 2, 3, 4, 6]
1303101#[0, 4, 6]
3400200#[0, 2, 3, 4, 5, 6]
1000014#[0, 5]
4031100#[3, 4]
3302001#[0, 1, 2, 3, 4, 5, 6]
1000011#[0, 5, 6]
3302010#[0, 1, 2, 3, 4, 5, 6]
3310200#[0, 1, 2, 3, 4, 5, 6]
1000002#[0, 1, 2, 3, 4, 5, 6]
1213020#[0, 1, 2, 5]
1311300#[0, 2, 3]
2024010#[0, 2, 5]
1303110#[0, 4, 5]
402003#[0, 2, 3, 4, 5, 6]
402000#[0, 2, 3, 4, 5, 6]
4113000#[1, 2]
2032200#[0, 1, 2, 3, 4, 5, 6]
1000023#[0, 1, 2, 3, 4, 5, 6]
1213002#[0, 1, 2, 6]
402012#[3, 5, 6]
1000020#[0, 1, 2, 3, 4, 5, 6]
410202#[2, 4, 6]
2024001#[0, 2, 6]
320100#[0, 1, 2, 3, 4, 5, 6]
402021#[3, 5, 6]
320103#[0, 1, 2, 3, 4, 5, 6]
1000044#[0]
1041003#[0, 3]
1000041#[0, 6]
1041000#[0, 3]
402030#[0, 2, 3, 4, 5, 6]
410220#[2, 4, 5]
1000032#[0, 1, 2, 3, 4, 5, 6]
230001#[0, 1, 2, 3, 4, 5, 6]
320112#[2, 4, 5, 6]
230004#[0, 1, 2, 3, 4, 5]
230010#[0, 1, 2, 3, 4, 5, 6]
320121#[2, 4, 5, 6]
230013#[0, 1, 2, 3, 4, 5, 6]
230022#[0, 1, 2, 3, 4, 5, 6]
320130#[0, 1, 2, 3, 4, 5, 6]
1041030#[0, 3]
3130020#[0, 1, 2, 3, 4, 5, 6]
230031#[0, 1, 2, 3, 4, 5, 6]
230040#[0, 1, 2, 3, 4, 6]
1000110#[0, 4, 5]
1221300#[0, 1, 2, 3]
1000104#[0, 4]
1000101#[0, 4, 6]
1123002#[0, 1, 2, 6]
402102#[3, 4, 6]
1303200#[0, 1, 2, 3, 4, 5, 6]
3130011#[1, 5, 6]
3220101#[1, 2, 4, 6]
1000122#[0, 4, 5, 6]
2024100#[0, 2, 4]
410301#[2, 6]
3130002#[0, 1, 2, 3, 4, 5, 6]
1000113#[0, 4, 5]
3220110#[1, 2, 4, 5]
410310#[2, 5]
1000143#[0, 4]
1000140#[0, 4]
312000#[0, 1, 2, 3, 4, 5, 6]
312003#[0, 1, 2, 3, 4, 5, 6]
312012#[2, 3, 5, 6]
1000134#[0, 4]
1000131#[0, 4, 6]
2401002#[0, 3, 6]
320202#[0, 1, 2, 3, 4, 5, 6]
402120#[3, 4, 5]
3212001#[1, 2, 3, 6]
312021#[2, 3, 5, 6]
3130110#[1, 4, 5]
230103#[0, 1, 2, 3, 4, 5, 6]
320211#[2, 4, 5, 6]
230100#[0, 1, 2, 3, 4, 5, 6]
320220#[0, 1, 2, 3, 4, 5, 6]
2401020#[0, 3, 5]
3220200#[0, 1, 2, 3, 4, 5, 6]
3130101#[1, 4, 6]
312030#[0, 1, 2, 3, 4, 5, 6]
3212010#[1, 2, 3, 5]
1123020#[0, 1, 2, 5]
140001#[1, 6]
230112#[1, 4, 5, 6]
4023000#[1, 2, 3, 4, 5, 6]
3302100#[0, 1, 2, 3, 4, 5, 6]
140004#[1]
140010#[1, 5]
230121#[1, 4, 5, 6]
140013#[1, 5]
230130#[0, 1, 2, 3, 4, 5, 6]
140022#[1, 5, 6]
140031#[1, 6]
1213200#[0, 1, 2, 4]
1000203#[0, 1, 2, 3, 4, 5, 6]
1000200#[0, 1, 2, 3, 4, 5, 6]
140040#[1]
1000221#[0, 4, 5, 6]
1000212#[0, 4, 5, 6]
402201#[3, 4, 6]
312102#[2, 3, 4, 6]
402210#[3, 4, 5]
3040011#[5, 6]
1033002#[0, 1, 2, 3, 4, 5, 6]
1000233#[0, 1, 2, 3, 4, 5, 6]
410400#[2]
1000230#[0, 1, 2, 3, 4, 5, 6]
320301#[0, 1, 2, 3, 4, 5, 6]
3040002#[0, 1, 3, 4, 5, 6]
1000224#[0, 4, 5]
222003#[0, 1, 2, 3, 4, 5, 6]
320310#[0, 1, 2, 3, 4, 5, 6]
1033020#[0, 1, 2, 3, 4, 5, 6]
222000#[0, 1, 2, 3, 4, 5, 6]
1131300#[0, 1, 3]
230202#[0, 1, 2, 3, 4, 5, 6]
3040020#[0, 1, 3, 4, 5, 6]
1033011#[0, 5, 6]
312120#[2, 3, 4, 5]
1000242#[0, 4, 6]
222012#[1, 2, 3, 5, 6]
230211#[1, 4, 5, 6]
3040110#[4, 5]
140103#[1, 4]
222021#[1, 2, 3, 5, 6]
140100#[1, 4]
3040101#[4, 6]
222030#[0, 1, 2, 3, 4, 5, 6]
230220#[0, 1, 2, 3, 4, 5, 6]
2311020#[0, 2, 3, 5]
140130#[1, 4]
1000302#[0, 1, 2, 3, 4, 5, 6]
3122010#[1, 2, 3, 5]
1000314#[0, 5]
3212100#[1, 2, 3, 4]
3130200#[0, 1, 2, 3, 4, 5, 6]
1000311#[0, 5, 6]
2311002#[0, 2, 3, 6]
402300#[0, 2, 3, 4, 5, 6]
3122001#[1, 2, 3, 6]
1033101#[0, 4, 6]
1000332#[0, 1, 2, 3, 4, 5, 6]
304002#[0, 1, 2, 4, 5, 6]
1000323#[0, 1, 2, 3, 4, 5, 6]
312201#[2, 3, 4, 6]
1000320#[0, 1, 2, 3, 4, 5, 6]
304011#[5, 6]
3204000#[0, 1, 2, 4, 5, 6]
304020#[0, 1, 2, 4, 5, 6]
1123200#[0, 1, 2, 4]
320400#[0, 1, 2, 3, 5, 6]
2401200#[0, 3, 4]
222102#[1, 2, 3, 4, 6]
312210#[2, 3, 4, 5]
1033110#[0, 4, 5]
1000341#[0, 6]
3122100#[1, 2, 3, 4]
1041300#[0, 3]
230301#[0, 1, 2, 3, 4, 5, 6]
132003#[0, 1, 2, 3, 4, 5, 6]
132000#[0, 1, 2, 3, 4, 5, 6]
230310#[0, 1, 2, 3, 4, 5, 6]
4400100#[4]
140202#[1, 4, 6]
222120#[1, 2, 3, 4, 5]
132012#[1, 3, 5, 6]
4310001#[2, 6]
132021#[1, 3, 5, 6]
4310010#[2, 5]
132030#[0, 1, 2, 3, 4, 5, 6]
140220#[1, 4, 5]
4400001#[6]
1410000#[0, 2]
1410003#[0, 2]
4400010#[5]
1000413#[0, 5]
1000410#[0, 5]
1000404#[0]
1000401#[0, 6]
1000431#[0, 6]
304101#[4, 6]
3032010#[0, 1, 2, 3, 4, 5, 6]
3040200#[0, 1, 3, 4, 5, 6]
312300#[0, 1, 2, 3, 4, 5, 6]
1000422#[0, 5, 6]
1002#[0, 1, 2, 3, 4, 5, 6]
304110#[4, 5]
2221002#[0, 1, 2, 3, 6]
3032001#[0, 1, 2, 3, 4, 5, 6]
214002#[1, 2, 6]
1011#[3, 5, 6]
1014#[3, 5]
1000440#[0]
222201#[1, 2, 3, 4, 6]
1410030#[0, 2]
1020#[0, 1, 2, 3, 4, 5, 6]
2221020#[0, 1, 2, 3, 5]
1033200#[0, 1, 2, 3, 4, 5, 6]
1023#[0, 1, 2, 3, 4, 5, 6]
2303010#[0, 1, 2, 3, 4, 5, 6]
222210#[1, 2, 3, 4, 5]
230400#[0, 1, 2, 3, 5, 6]
2311200#[0, 2, 3, 4]
132102#[1, 3, 4, 6]
214020#[1, 2, 5]
1032#[0, 1, 2, 3, 4, 5, 6]
3032100#[0, 1, 2, 3, 4, 5, 6]
140301#[1, 6]
42000#[0, 1, 3, 4, 5, 6]
1041#[3, 6]
42003#[0, 1, 3, 4, 5, 6]
140310#[1, 5]
1044#[3]
4310100#[2, 4]
2131002#[0, 1, 3, 6]
132120#[1, 3, 4, 5]
42012#[3, 5, 6]
4220001#[1, 2, 6]
42021#[3, 5, 6]
4220010#[1, 2, 5]
42030#[0, 1, 3, 4, 5, 6]
2303001#[0, 1, 2, 3, 4, 5, 6]
3114000#[1, 2]
1320021#[0, 2, 5, 6]
1320030#[0, 1, 2, 3, 4, 5, 6]
304200#[0, 1, 2, 4, 5, 6]
1101#[3, 4, 6]
1104#[3, 4]
1320000#[0, 1, 2, 3, 4, 5, 6]
1110#[3, 4, 5]
1320003#[0, 1, 2, 3, 4, 5, 6]
1320012#[0, 2, 5, 6]
1113#[3, 4, 5]
2303100#[0, 1, 2, 3, 4, 5, 6]
222300#[0, 1, 2, 3, 4, 5, 6]
1122#[3, 4, 5, 6]
124002#[1, 2, 6]
132201#[1, 3, 4, 6]
1131#[3, 4, 6]
2131020#[0, 1, 3, 5]
1134#[3, 4]
132210#[1, 3, 4, 5]
140400#[1]
1140#[3, 4]
124020#[1, 2, 5]
42102#[3, 4, 6]
1143#[3, 4]
2000031#[0, 1, 2, 3, 4, 5, 6]
4220100#[1, 2, 4]
1402002#[0, 3, 6]
2000022#[0, 1, 2, 3, 4, 5, 6]
42120#[3, 4, 5]
2000013#[0, 1, 2, 3, 4, 5, 6]
2000010#[0, 1, 2, 3, 4, 5, 6]
2000004#[0, 1, 2, 3, 4, 5]
2000001#[0, 1, 2, 3, 4, 5, 6]
1230003#[0, 1, 2, 3, 4, 5, 6]
1230000#[0, 1, 2, 3, 4, 5, 6]
2041020#[0, 3, 5]
2213001#[0, 1, 2, 6]
1320120#[0, 2, 4, 5]
3024000#[0, 1, 2, 4, 5, 6]
1230012#[0, 1, 5, 6]
1200#[0, 1, 2, 3, 4, 5, 6]
1402020#[0, 3, 5]
2221200#[0, 1, 2, 3, 4]
1320102#[0, 2, 4, 6]
1203#[0, 1, 2, 3, 4, 5, 6]
2213010#[0, 1, 2, 5]
2000043#[0, 1, 2, 3, 4, 6]
2041002#[0, 3, 6]
2000040#[0, 1, 2, 3, 4, 6]
214200#[1, 2, 4]
2000034#[0, 1, 2, 3, 4, 5]
1212#[3, 4, 5, 6]
1221#[3, 4, 5, 6]
1224#[3, 4, 5]
2213100#[0, 1, 2, 4]
132300#[0, 1, 2, 3, 4, 5, 6]
1230#[0, 1, 2, 3, 4, 5, 6]
1233#[0, 1, 2, 3, 4, 5, 6]
34002#[0, 1, 2, 4, 5, 6]
1230021#[0, 1, 5, 6]
2123001#[0, 1, 2, 6]
42201#[3, 4, 6]
1242#[3, 4, 6]
34011#[5, 6]
1230030#[0, 1, 2, 3, 4, 5, 6]
42210#[3, 4, 5]
2000124#[0, 4, 5]
34020#[0, 1, 2, 4, 5, 6]
4130010#[1, 5]
2000121#[0, 4, 5, 6]
1410300#[0, 2]
2000112#[0, 4, 5, 6]
4130001#[1, 6]
4302000#[1, 2, 3, 4, 5, 6]
2000103#[0, 1, 2, 3, 4, 5, 6]
2000100#[0, 1, 2, 3, 4, 5, 6]
1312020#[0, 2, 3, 5]
3401010#[3, 5]
1230102#[0, 1, 4, 6]
1320210#[0, 2, 4, 5]
4130100#[1, 4]
2000142#[0, 4, 6]
1312002#[0, 2, 3, 6]
1302#[0, 1, 2, 3, 4, 5, 6]
3401001#[3, 6]
2000133#[0, 1, 2, 3, 4, 5, 6]
2000130#[0, 1, 2, 3, 4, 5, 6]
1320201#[0, 2, 4, 6]
1311#[3, 5, 6]
2131200#[0, 1, 3, 4]
2123010#[0, 1, 2, 5]
1314#[3, 5]
1320#[0, 1, 2, 3, 4, 5, 6]
124200#[1, 2, 4]
1323#[0, 1, 2, 3, 4, 5, 6]
1140030#[0, 1]
1140000#[0, 1]
1140003#[0, 1]
1332#[0, 1, 2, 3, 4, 5, 6]
34101#[4, 6]
1230120#[0, 1, 4, 5]
42300#[0, 1, 3, 4, 5, 6]
1341#[3, 6]
34110#[4, 5]
2000223#[0, 1, 2, 3, 4, 5, 6]
2000220#[0, 1, 2, 3, 4, 5, 6]
2000214#[0, 4, 5]
2000211#[0, 4, 5, 6]
1402200#[0, 3, 4]
2000202#[0, 1, 2, 3, 4, 5, 6]
1222002#[0, 1, 2, 3, 6]
4212000#[1, 2, 3]
1230201#[0, 1, 4, 6]
2033010#[0, 1, 2, 3, 4, 5, 6]
2000241#[0, 4, 6]
2041200#[0, 3, 4]
2033001#[0, 1, 2, 3, 4, 5, 6]
2000232#[0, 1, 2, 3, 4, 5, 6]
4040010#[5]
1320300#[0, 1, 2, 3, 4, 5, 6]
1401#[3, 6]
4040001#[6]
2123100#[0, 1, 2, 4]
1404#[3]
411003#[2, 3]
411000#[2, 3]
1410#[3, 5]
1413#[3, 5]
1422#[3, 5, 6]
1230210#[0, 1, 4, 5]
3311010#[2, 3, 5]
411030#[2, 3]
1222020#[0, 1, 2, 3, 5]
1431#[3, 6]
34200#[0, 1, 2, 4, 5, 6]
4040100#[4]
1440#[3]
2000313#[0, 1, 2, 3, 4, 5, 6]
2000310#[0, 1, 2, 3, 4, 5, 6]
3311001#[2, 3, 6]
2000304#[0, 1, 2, 3, 4, 5]
4122000#[1, 2, 3]
2000301#[0, 1, 2, 3, 4, 5, 6]
3401100#[3, 4]
2000340#[0, 1, 2, 3, 4, 6]
1230300#[0, 1, 2, 3, 4, 5, 6]
3311100#[2, 3, 4]
1304001#[0, 6]
2033100#[0, 1, 2, 3, 4, 5, 6]
2000331#[0, 1, 2, 3, 4, 5, 6]
1304010#[0, 5]
2000322#[0, 1, 2, 3, 4, 5, 6]
1312200#[0, 2, 3, 4]
1132020#[0, 1, 3, 5]
321000#[0, 1, 2, 3, 4, 5, 6]
321003#[0, 1, 2, 3, 4, 5, 6]
321012#[2, 3, 5, 6]
1132002#[0, 1, 3, 6]
321021#[2, 3, 5, 6]
2410020#[0, 2, 5]
2000412#[0, 5, 6]
321030#[0, 1, 2, 3, 4, 5, 6]
2000403#[0, 1, 2, 3, 5, 6]
2000400#[0, 1, 2, 3, 5, 6]
3221010#[1, 2, 3, 5]
1001004#[0, 3]
1001001#[0, 3, 6]
1222200#[0, 1, 2, 3, 4]
2000430#[0, 1, 2, 3, 5, 6]
1001022#[0, 3, 5, 6]
2410002#[0, 2, 6]
1304100#[0, 4]
3221001#[1, 2, 3, 6]
1001013#[0, 3, 5]
2000421#[0, 5, 6]
403002#[0, 2, 3, 4, 5, 6]
1001010#[0, 3, 5]
4032000#[1, 2, 3, 4, 5, 6]
403011#[5, 6]
1001034#[0, 3]
1001031#[0, 3, 6]
403020#[0, 2, 3, 4, 5, 6]
321102#[2, 3, 4, 6]
3131001#[1, 3, 6]
231003#[0, 1, 2, 3, 4, 5, 6]
231000#[0, 1, 2, 3, 4, 5, 6]
1001043#[0, 3]
1042002#[0, 3, 6]
3221100#[1, 2, 3, 4]
1140300#[0, 1]
1001040#[0, 3]
321120#[2, 3, 4, 5]
231012#[1, 3, 5, 6]
3303000#[0, 1, 2, 3, 4, 5, 6]
1042020#[0, 3, 5]
231021#[1, 3, 5, 6]
231030#[0, 1, 2, 3, 4, 5, 6]
1001103#[0, 3, 4]
1001100#[0, 3, 4]
403101#[4, 6]
403110#[4, 5]
2320002#[0, 1, 2, 3, 4, 5, 6]
1001133#[0, 3, 4]
411300#[2, 3]
100002#[0, 1, 2, 3, 4, 5, 6]
1001130#[0, 3, 4]
2320011#[0, 2, 5, 6]
100011#[1, 5, 6]
3131010#[1, 3, 5]
313002#[0, 1, 2, 3, 4, 5, 6]
100014#[1, 5]
100020#[0, 1, 2, 3, 4, 5, 6]
321201#[2, 3, 4, 6]
100023#[0, 1, 2, 3, 4, 5, 6]
313011#[2, 5, 6]
2320020#[0, 1, 2, 3, 4, 5, 6]
313020#[0, 1, 2, 3, 4, 5, 6]
1132200#[0, 1, 3, 4]
231102#[1, 3, 4, 6]
321210#[2, 3, 4, 5]
100032#[0, 1, 2, 3, 4, 5, 6]
2320101#[0, 2, 4, 6]
3041001#[3, 6]
3000042#[0, 1, 2, 3, 4, 6]
100041#[1, 6]
141003#[1, 3]
141000#[1, 3]
3000033#[0, 1, 2, 3, 4, 5, 6]
2320110#[0, 2, 4, 5]
100044#[1]
2230002#[0, 1, 2, 3, 4, 5, 6]
231120#[1, 3, 4, 5]
2230011#[0, 1, 5, 6]
3041010#[3, 5]
3000012#[0, 1, 2, 3, 4, 5, 6]
141030#[1, 3]
3000000#[0, 1, 2, 3, 4, 5, 6]
3000003#[0, 1, 2, 3, 4, 5, 6]
3000030#[0, 1, 2, 3, 4, 5, 6]
3131100#[1, 3, 4]
3000024#[0, 1, 2, 3, 4, 5]
2402001#[0, 3, 6]
3000021#[0, 1, 2, 3, 4, 5, 6]
3213000#[0, 1, 2, 3, 4, 5, 6]
2410200#[0, 2, 4]
1001202#[0, 3, 4, 6]
2402010#[0, 3, 5]
3000111#[4, 5, 6]
100101#[1, 4, 6]
403200#[0, 2, 3, 4, 5, 6]
1001223#[0, 3, 4, 5]
313101#[2, 4, 6]
100104#[1, 4]
1001220#[0, 3, 4, 5]
3000102#[0, 1, 2, 3, 4, 5, 6]
100110#[1, 4, 5]
321300#[0, 1, 2, 3, 4, 5, 6]
100113#[1, 4, 5]
2402100#[0, 3, 4]
10002#[0, 1, 2, 3, 4, 5, 6]
313110#[2, 4, 5]
3000120#[0, 1, 2, 3, 4, 5, 6]
1034010#[0, 5]
3000123#[0, 1, 2, 3, 4, 5, 6]
3123000#[0, 1, 2, 3, 4, 5, 6]
1042200#[0, 3, 4]
223002#[0, 1, 2, 3, 4, 5, 6]
100122#[1, 4, 5, 6]
10011#[2, 5, 6]
1034001#[0, 6]
10014#[2, 5]
3000114#[4, 5]
1001232#[0, 3, 4, 6]
223011#[1, 2, 5, 6]
231201#[1, 3, 4, 6]
100131#[1, 4, 6]
10020#[0, 1, 2, 3, 4, 5, 6]
2230020#[0, 1, 2, 3, 4, 5, 6]
10023#[0, 1, 2, 3, 4, 5, 6]
100134#[1, 4]
231210#[1, 3, 4, 5]
4401000#[3]
100140#[1, 4]
100143#[1, 4]
223020#[0, 1, 2, 3, 4, 5, 6]
10032#[0, 1, 2, 3, 4, 5, 6]
10041#[2, 6]
10044#[2]
2140002#[0, 1, 6]
1001310#[0, 3, 5]
2140020#[0, 1, 5]
1001304#[0, 3]
1001301#[0, 3, 6]
3000141#[4, 6]
2312001#[0, 2, 3, 6]
3041100#[3, 4]
1001322#[0, 3, 5, 6]
3000132#[0, 1, 2, 3, 4, 5, 6]
100200#[0, 1, 2, 3, 4, 5, 6]
2312010#[0, 2, 3, 5]
100203#[0, 1, 2, 3, 4, 5, 6]
2320200#[0, 1, 2, 3, 4, 5, 6]
1001313#[0, 3, 5]
1001340#[0, 3]
313200#[0, 1, 2, 3, 4, 5, 6]
100212#[1, 4, 5, 6]
10101#[2, 4, 6]
2230101#[0, 1, 4, 6]
10104#[2, 4]
1034100#[0, 4]
2230110#[0, 1, 4, 5]
1001331#[0, 3, 6]
100221#[1, 4, 5, 6]
223101#[1, 2, 4, 6]
10110#[2, 4, 5]
100224#[1, 4, 5]
10113#[2, 4, 5]
223110#[1, 2, 4, 5]
3033000#[0, 1, 2, 3, 4, 5, 6]
231300#[0, 1, 2, 3, 4, 5, 6]
100230#[0, 1, 2, 3, 4, 5, 6]
2312100#[0, 2, 3, 4]
133002#[0, 1, 2, 3, 4, 5, 6]
100233#[0, 1, 2, 3, 4, 5, 6]
3000231#[0, 1, 2, 3, 4, 5, 6]
10122#[2, 4, 5, 6]
2222001#[0, 1, 2, 3, 6]
133011#[1, 5, 6]
100242#[1, 4, 6]
10131#[2, 4, 6]
10134#[2, 4]
4311000#[2, 3]
2230200#[0, 1, 2, 3, 4, 5, 6]
2222010#[0, 1, 2, 3, 5]
10140#[2, 4]
3000240#[0, 1, 2, 3, 4, 6]
133020#[0, 1, 2, 3, 4, 5, 6]
10143#[2, 4]
3000204#[0, 1, 2, 3, 4, 5]
3000201#[0, 1, 2, 3, 4, 5, 6]
3000222#[0, 1, 2, 3, 4, 5, 6]
1001403#[0, 3]
1001400#[0, 3]
3000213#[0, 1, 2, 3, 4, 5, 6]
3000210#[0, 1, 2, 3, 4, 5, 6]
3000300#[0, 1, 2, 3, 4, 5, 6]
3000303#[0, 1, 2, 3, 4, 5, 6]
100302#[0, 1, 2, 3, 4, 5, 6]
2001#[0, 1, 2, 3, 4, 5, 6]
2004#[0, 1, 2, 3, 4, 5]
3000312#[0, 1, 2, 3, 4, 5, 6]
100311#[1, 5, 6]
10200#[0, 1, 2, 3, 4, 5, 6]
1001430#[0, 3]
2010#[0, 1, 2, 3, 4, 5, 6]
10203#[0, 1, 2, 3, 4, 5, 6]
100314#[1, 5]
2013#[0, 1, 2, 3, 4, 5, 6]
100320#[0, 1, 2, 3, 4, 5, 6]
100323#[0, 1, 2, 3, 4, 5, 6]
223200#[0, 1, 2, 3, 4, 5, 6]
10212#[2, 4, 5, 6]
2022#[0, 1, 2, 3, 4, 5, 6]
100332#[0, 1, 2, 3, 4, 5, 6]
10221#[2, 4, 5, 6]
133101#[1, 4, 6]
2031#[0, 1, 2, 3, 4, 5, 6]
10224#[2, 4, 5]
2034#[0, 1, 2, 3, 4, 5]
100341#[1, 6]
133110#[1, 4, 5]
10230#[0, 1, 2, 3, 4, 5, 6]
141300#[1, 3]
2040#[0, 1, 2, 3, 4, 6]
10233#[0, 1, 2, 3, 4, 5, 6]
43002#[0, 1, 3, 4, 5, 6]
2043#[0, 1, 2, 3, 4, 6]
2132001#[0, 1, 3, 6]
10242#[2, 4, 6]
43011#[5, 6]
2140200#[0, 1, 4]
4221000#[1, 2, 3]
2132010#[0, 1, 3, 5]
43020#[0, 1, 3, 4, 5, 6]
2304000#[0, 1, 2, 4, 5, 6]
3000330#[0, 1, 2, 3, 4, 5, 6]
1321020#[0, 2, 3, 5]
3000321#[0, 1, 2, 3, 4, 5, 6]
100401#[1, 6]
2100#[0, 1, 2, 3, 4, 5, 6]
2222100#[0, 1, 2, 3, 4]
100404#[1]
2103#[0, 1, 2, 3, 4, 5, 6]
100410#[1, 5]
100413#[1, 5]
1321002#[0, 2, 3, 6]
10302#[0, 1, 2, 3, 4, 5, 6]
2112#[3, 4, 5, 6]
100422#[1, 5, 6]
10311#[2, 5, 6]
3000420#[0, 1, 2, 3, 5, 6]
2121#[3, 4, 5, 6]
10314#[2, 5]
2124#[3, 4, 5]
100431#[1, 6]
10320#[0, 1, 2, 3, 4, 5, 6]
2214000#[0, 1, 2]
133200#[0, 1, 2, 3, 4, 5, 6]
2130#[0, 1, 2, 3, 4, 5, 6]
10323#[0, 1, 2, 3, 4, 5, 6]
2133#[0, 1, 2, 3, 4, 5, 6]
100440#[1]
10332#[0, 1, 2, 3, 4, 5, 6]
43101#[4, 6]
2142#[3, 4, 6]
2001021#[0, 3, 5, 6]
3410001#[2, 6]
10341#[2, 6]
43110#[4, 5]
2001012#[0, 3, 5, 6]
1403001#[0, 6]
3410010#[2, 5]
2001003#[0, 1, 2, 3, 4, 5, 6]
3000411#[5, 6]
2001000#[0, 1, 2, 3, 4, 5, 6]
3000402#[0, 1, 2, 3, 5, 6]
3410100#[2, 4]
2042010#[0, 3, 5]
4131000#[1, 3]
1231002#[0, 1, 3, 6]
2001042#[0, 3, 6]
2042001#[0, 3, 6]
2001033#[0, 1, 2, 3, 4, 5, 6]
1403010#[0, 5]
2001030#[0, 1, 2, 3, 4, 5, 6]
2202#[0, 1, 2, 3, 4, 5, 6]
2001024#[0, 3, 5]
10401#[2, 6]
2211#[3, 4, 5, 6]
2132100#[0, 1, 3, 4]
10404#[2]
420003#[0, 2, 3, 4, 5, 6]
420000#[0, 2, 3, 4, 5, 6]
2214#[3, 4, 5]
420012#[2, 5, 6]
10410#[2, 5]
2220#[0, 1, 2, 3, 4, 5, 6]
10413#[2, 5]
2223#[0, 1, 2, 3, 4, 5, 6]
420021#[2, 5, 6]
10422#[2, 5, 6]
2232#[0, 1, 2, 3, 4, 5, 6]
420030#[0, 2, 3, 4, 5, 6]
1231020#[0, 1, 3, 5]
10431#[2, 6]
43200#[0, 1, 3, 4, 5, 6]
2124000#[0, 1, 2]
2241#[3, 4, 6]
10440#[2]
1403100#[0, 4]
2001102#[0, 3, 4, 6]
1321200#[0, 2, 3, 4]
1100022#[0, 1, 5, 6]
1313010#[0, 2, 5]
2042100#[0, 3, 4]
1100031#[0, 1, 6]
1100001#[0, 1, 6]
2001132#[0, 3, 4, 6]
3320001#[0, 1, 2, 3, 4, 5, 6]
1100004#[0, 1]
3320010#[0, 1, 2, 3, 4, 5, 6]
1100010#[0, 1, 5]
1100013#[0, 1, 5]
2001123#[0, 3, 4, 5]
1313001#[0, 2, 6]
2301#[0, 1, 2, 3, 4, 5, 6]
2001120#[0, 3, 4, 5]
420102#[2, 4, 6]
3230001#[0, 1, 2, 3, 4, 5, 6]
2304#[0, 1, 2, 3, 4, 5]
2310#[0, 1, 2, 3, 4, 5, 6]
2313#[0, 1, 2, 3, 4, 5, 6]
3230010#[0, 1, 2, 3, 4, 5, 6]
2322#[0, 1, 2, 3, 4, 5, 6]
1100034#[0, 1]
4000041#[6]
330000#[0, 1, 2, 3, 4, 5, 6]
4041000#[3]
330003#[0, 1, 2, 3, 4, 5, 6]
3320100#[0, 1, 2, 3, 4, 5, 6]
1100040#[0, 1]
330012#[0, 1, 2, 3, 4, 5, 6]
2331#[0, 1, 2, 3, 4, 5, 6]
1100043#[0, 1]
4000032#[1, 2, 3, 4, 5, 6]
420120#[2, 4, 5]
330021#[0, 1, 2, 3, 4, 5, 6]
3402000#[0, 2, 3, 4, 5, 6]
2001213#[0, 3, 4, 5]
2340#[0, 1, 2, 3, 4, 6]
2001210#[0, 3, 4, 5]
4000020#[1, 2, 3, 4, 5, 6]
4000023#[1, 2, 3, 4, 5, 6]
2001204#[0, 3, 4]
330030#[0, 1, 2, 3, 4, 5, 6]
2001201#[0, 3, 4, 6]
4000014#[5]
4000011#[5, 6]
4000002#[1, 2, 3, 4, 5, 6]
2001240#[0, 3, 4]
4000122#[4, 5, 6]
1223001#[0, 1, 2, 6]
4000113#[4, 5]
2034000#[0, 1, 2, 4, 5, 6]
2001231#[0, 3, 4, 6]
1010013#[0, 2, 5]
4000110#[4, 5]
1100100#[0, 1, 4]
1010010#[0, 2, 5]
4000104#[4]
1100103#[0, 1, 4]
2001222#[0, 3, 4, 5, 6]
4000101#[4, 6]
1313100#[0, 2, 4]
1010004#[0, 2]
1010001#[0, 2, 6]
2400#[0, 1, 2, 3, 5, 6]
1010031#[0, 2, 6]
2403#[0, 1, 2, 3, 5, 6]
412002#[2, 3, 6]
1010022#[0, 2, 5, 6]
2412#[3, 5, 6]
420201#[2, 4, 6]
1223010#[0, 1, 2, 5]
412020#[2, 3, 5]
1231200#[0, 1, 3, 4]
1100130#[0, 1, 4]
330102#[0, 1, 2, 3, 4, 5, 6]
420210#[2, 4, 5]
1010043#[0, 2]
2421#[3, 5, 6]
1100133#[0, 1, 4]
1010040#[0, 2]
330111#[4, 5, 6]
1010034#[0, 2]
2430#[0, 1, 2, 3, 5, 6]
240003#[0, 1, 3, 4, 5, 6]
240000#[0, 1, 3, 4, 5, 6]
3140010#[1, 5]
2001303#[0, 1, 2, 3, 4, 5, 6]
2001300#[0, 1, 2, 3, 4, 5, 6]
330120#[0, 1, 2, 3, 4, 5, 6]
3140001#[1, 6]
240012#[1, 5, 6]
240021#[1, 5, 6]
240030#[0, 1, 3, 4, 5, 6]
3230100#[0, 1, 2, 3, 4, 5, 6]
2001330#[0, 1, 2, 3, 4, 5, 6]
1100220#[0, 1, 4, 5]
1223100#[0, 1, 2, 4]
1100223#[0, 1, 4, 5]
4000140#[4]
3312000#[0, 1, 2, 3, 4, 5, 6]
2001321#[0, 3, 5, 6]
1010103#[0, 2, 4]
1100202#[0, 1, 4, 6]
1010100#[0, 2, 4]
2001312#[0, 3, 5, 6]
4000131#[4, 6]
3222000#[0, 1, 2, 3, 4, 5, 6]
1133010#[0, 1, 5]
420300#[0, 2, 3, 4, 5, 6]
322002#[0, 1, 2, 3, 4, 5, 6]
1100232#[0, 1, 4, 6]
1133001#[0, 1, 6]
1010133#[0, 2, 4]
4000230#[1, 2, 3, 4, 5, 6]
330201#[0, 1, 2, 3, 4, 5, 6]
1010130#[0, 2, 4]
322011#[2, 3, 5, 6]
4000221#[4, 5, 6]
322020#[0, 1, 2, 3, 4, 5, 6]
2001402#[0, 3, 6]
240102#[1, 4, 6]
330210#[0, 1, 2, 3, 4, 5, 6]
4000212#[4, 5, 6]
4000200#[1, 2, 3, 4, 5, 6]
4000203#[1, 2, 3, 4, 5, 6]
240120#[1, 4, 5]
1100304#[0, 1]
1100310#[0, 1, 5]
1100313#[0, 1, 5]
4000311#[5, 6]
2001420#[0, 3, 5]
4000302#[1, 2, 3, 4, 5, 6]
1002012#[0, 3, 5, 6]
1010202#[0, 2, 4, 6]
1002003#[0, 1, 2, 3, 4, 5, 6]
1100301#[0, 1, 6]
1002000#[0, 1, 2, 3, 4, 5, 6]
1010223#[0, 2, 4, 5]
1002030#[0, 1, 2, 3, 4, 5, 6]
1010220#[0, 2, 4, 5]
1100340#[0, 1]
404001#[6]
1002024#[0, 3, 5]
1002021#[0, 3, 5, 6]
3140100#[1, 4]
404010#[5]
412200#[2, 3, 4]
322101#[2, 3, 4, 6]
1100322#[0, 1, 5, 6]
1002042#[0, 3, 6]
1043001#[0, 6]
1010232#[0, 2, 4, 6]
330300#[0, 1, 2, 3, 4, 5, 6]
322110#[2, 3, 4, 5]
1100331#[0, 1, 6]
1133100#[0, 1, 4]
1002033#[0, 1, 2, 3, 4, 5, 6]
232002#[0, 1, 2, 3, 4, 5, 6]
232011#[1, 3, 5, 6]
2321001#[0, 2, 3, 6]
240201#[1, 4, 6]
1043010#[0, 5]
3132000#[0, 1, 2, 3, 4, 5, 6]
2321010#[0, 2, 3, 5]
240210#[1, 4, 5]
232020#[0, 1, 2, 3, 4, 5, 6]
1100400#[0, 1]
1100403#[0, 1]
1010301#[0, 2, 6]
1002102#[0, 3, 4, 6]
4000320#[1, 2, 3, 4, 5, 6]
404100#[4]
1002123#[0, 3, 4, 5]
1010313#[0, 2, 5]
3001002#[0, 1, 2, 3, 4, 5, 6]
1002120#[0, 3, 4, 5]
101001#[1, 3, 6]
1010310#[0, 2, 5]
101004#[1, 3]
1010304#[0, 2]
3001020#[0, 1, 2, 3, 4, 5, 6]
3001023#[0, 1, 2, 3, 4, 5, 6]
101010#[1, 3, 5]
1043100#[0, 4]
1010331#[0, 2, 6]
101013#[1, 3, 5]
314001#[2, 6]
1002132#[0, 3, 4, 6]
3001014#[3, 5]
2403000#[0, 2, 3, 4, 5, 6]
322200#[0, 1, 2, 3, 4, 5, 6]
1010322#[0, 2, 5, 6]
3001011#[3, 5, 6]
314010#[2, 5]
1100430#[0, 1]
101022#[1, 3, 5, 6]
232101#[1, 3, 4, 6]
101031#[1, 3, 6]
4000410#[5]
1010340#[0, 2]
101034#[1, 3]
4000401#[6]
232110#[1, 3, 4, 5]
240300#[0, 1, 3, 4, 5, 6]
142002#[1, 3, 6]
101040#[1, 3]
101043#[1, 3]
2231010#[0, 1, 3, 5]
142020#[1, 3, 5]
1002204#[0, 3, 4]
4410000#[2]
1002201#[0, 3, 4, 6]
1002222#[0, 3, 4, 5, 6]
1420020#[0, 2, 5]
3001032#[0, 1, 2, 3, 4, 5, 6]
1002213#[0, 3, 4, 5]
1010403#[0, 2]
1002210#[0, 3, 4, 5]
101100#[1, 3, 4]
101103#[1, 3, 4]
2321100#[0, 2, 3, 4]
1010400#[0, 2]
314100#[2, 4]
1010430#[0, 2]
1420002#[0, 2, 6]
1002231#[0, 3, 4, 6]
11001#[2, 3, 6]
2231001#[0, 1, 3, 6]
3001041#[3, 6]
11004#[2, 3]
3042000#[0, 1, 3, 4, 5, 6]
2100000#[0, 1, 2, 3, 4, 5, 6]
224001#[1, 2, 6]
11010#[2, 3, 5]
2100003#[0, 1, 2, 3, 4, 5, 6]
11013#[2, 3, 5]
3001131#[3, 4, 6]
224010#[1, 2, 5]
2313000#[0, 1, 2, 3, 4, 5, 6]
232200#[0, 1, 2, 3, 4, 5, 6]
101130#[1, 3, 4]
2100012#[0, 1, 5, 6]
101133#[1, 3, 4]
11022#[2, 3, 5, 6]
3001122#[3, 4, 5, 6]
1002240#[0, 3, 4]
2100021#[0, 1, 5, 6]
11031#[2, 3, 6]
2100024#[0, 1, 5]
3001140#[3, 4]
11034#[2, 3]
2100030#[0, 1, 2, 3, 4, 5, 6]
2231100#[0, 1, 3, 4]
3001101#[3, 4, 6]
11040#[2, 3]
11043#[2, 3]
4230000#[1, 2, 3, 4, 5, 6]
1002303#[0, 1, 2, 3, 4, 5, 6]
1002300#[0, 1, 2, 3, 4, 5, 6]
3001113#[3, 4, 5]
3001110#[3, 4, 5]
3001104#[3, 4]
4320000#[1, 2, 3, 4, 5, 6]
1330002#[0, 1, 2, 3, 4, 5, 6]
1002312#[0, 3, 5, 6]
1330011#[0, 5, 6]
3001212#[3, 4, 5, 6]
101202#[1, 3, 4, 6]
1002330#[0, 1, 2, 3, 4, 5, 6]
11100#[2, 3, 4]
3001200#[0, 1, 2, 3, 4, 5, 6]
3001203#[0, 1, 2, 3, 4, 5, 6]
1002321#[0, 3, 5, 6]
11103#[2, 3, 4]
2100033#[0, 1, 2, 3, 4, 5, 6]
101220#[1, 3, 4, 5]
101223#[1, 3, 4, 5]
224100#[1, 2, 4]
2100042#[0, 1, 6]
1330020#[0, 1, 2, 3, 4, 5, 6]
101232#[1, 3, 4, 6]
134001#[1, 6]
134010#[1, 5]
142200#[1, 3, 4]
11130#[2, 3, 4]
11133#[2, 3, 4]
2010012#[0, 2, 5, 6]
2100132#[0, 1, 4, 6]
2010003#[0, 1, 2, 3, 4, 5, 6]
2010000#[0, 1, 2, 3, 4, 5, 6]
1330101#[0, 4, 6]
3001230#[0, 1, 2, 3, 4, 5, 6]
2010042#[0, 2, 6]
2100102#[0, 1, 4, 6]
3001221#[3, 4, 5, 6]
1330110#[0, 4, 5]
1002402#[0, 3, 6]
2010033#[0, 1, 2, 3, 4, 5, 6]
2010030#[0, 1, 2, 3, 4, 5, 6]
101301#[1, 3, 6]
2010024#[0, 2, 5]
2100120#[0, 1, 4, 5]
3000#[0, 1, 2, 3, 4, 5, 6]
2223000#[0, 1, 2, 3, 4, 5, 6]
101304#[1, 3]
2100123#[0, 1, 4, 5]
2010021#[0, 2, 5, 6]
1002420#[0, 3, 5]
3003#[0, 1, 2, 3, 4, 5, 6]
1420200#[0, 2, 4]
101310#[1, 3, 5]
101313#[1, 3, 5]
11202#[2, 3, 4, 6]
3012#[0, 1, 2, 3, 4, 5, 6]
3001320#[0, 1, 2, 3, 4, 5, 6]
1240020#[0, 1, 5]
2100201#[0, 1, 4, 6]
101322#[1, 3, 5, 6]
2100204#[0, 1, 4]
3021#[0, 1, 2, 3, 4, 5, 6]
1240002#[0, 1, 6]
3024#[0, 1, 2, 3, 4, 5]
101331#[1, 3, 6]
2100210#[0, 1, 4, 5]
11220#[2, 3, 4, 5]
2100213#[0, 1, 4, 5]
3030#[0, 1, 2, 3, 4, 5, 6]
134100#[1, 4]
11223#[2, 3, 4, 5]
3033#[0, 1, 2, 3, 4, 5, 6]
101340#[1, 3]
2100222#[0, 1, 4, 5, 6]
4140000#[1]
11232#[2, 3, 4, 6]
44001#[6]
3042#[0, 1, 2, 3, 4, 6]
2010102#[0, 2, 4, 6]
44010#[5]
3001311#[3, 5, 6]
3001302#[0, 1, 2, 3, 4, 5, 6]
1322001#[0, 2, 3, 6]
2010132#[0, 2, 4, 6]
1330200#[0, 1, 2, 3, 4, 5, 6]
3411000#[2, 3]
1322010#[0, 2, 3, 5]
3001401#[3, 6]
2010123#[0, 2, 4, 5]
2010120#[0, 2, 4, 5]
101400#[1, 3]
101403#[1, 3]
3102#[0, 1, 2, 3, 4, 5, 6]
11301#[2, 3, 6]
2100231#[0, 1, 4, 6]
3111#[4, 5, 6]
2133000#[0, 1, 2, 3, 4, 5, 6]
11304#[2, 3]
3114#[4, 5]
11310#[2, 3, 5]
3120#[0, 1, 2, 3, 4, 5, 6]
2100240#[0, 1, 4]
11313#[2, 3, 5]
3123#[0, 1, 2, 3, 4, 5, 6]
101430#[1, 3]
11322#[2, 3, 5, 6]
3132#[0, 1, 2, 3, 4, 5, 6]
2002014#[0, 3, 5]
2100321#[0, 1, 5, 6]
2010204#[0, 2, 4]
11331#[2, 3, 6]
44100#[4]
2002011#[0, 3, 5, 6]
3141#[4, 6]
2010201#[0, 2, 4, 6]
2100330#[0, 1, 2, 3, 4, 5, 6]
2002002#[0, 1, 2, 3, 4, 5, 6]
11340#[2, 3]
1322100#[0, 2, 3, 4]
2002041#[0, 3, 6]
2043000#[0, 1, 3, 4, 5, 6]
2010231#[0, 2, 4, 6]
2100300#[0, 1, 2, 3, 4, 5, 6]
2002032#[0, 1, 2, 3, 4, 5, 6]
3001410#[3, 5]
2100303#[0, 1, 2, 3, 4, 5, 6]
2010222#[0, 2, 4, 5, 6]
1404000#[0]
2100312#[0, 1, 5, 6]
2002023#[0, 1, 2, 3, 4, 5, 6]
2002020#[0, 1, 2, 3, 4, 5, 6]
2010213#[0, 2, 4, 5]
2010210#[0, 2, 4, 5]
3201#[0, 1, 2, 3, 4, 5, 6]
3204#[0, 1, 2, 3, 4, 5]
11400#[2, 3]
3210#[0, 1, 2, 3, 4, 5, 6]
11403#[2, 3]
421002#[2, 3, 6]
3213#[0, 1, 2, 3, 4, 5, 6]
2100402#[0, 1, 6]
1232001#[0, 1, 3, 6]
3222#[0, 1, 2, 3, 4, 5, 6]
1232010#[0, 1, 3, 5]
3321000#[0, 1, 2, 3, 4, 5, 6]
421020#[2, 3, 5]
1240200#[0, 1, 4]
2010240#[0, 2, 4]
3231#[0, 1, 2, 3, 4, 5, 6]
2002110#[0, 3, 4, 5]
2010303#[0, 1, 2, 3, 4, 5, 6]
2010300#[0, 1, 2, 3, 4, 5, 6]
2002104#[0, 3, 4]
11430#[2, 3]
3240#[0, 1, 2, 3, 4, 6]
2002101#[0, 3, 4, 6]
2002140#[0, 3, 4]
4001022#[3, 5, 6]
2010330#[0, 1, 2, 3, 4, 5, 6]
1314000#[0, 2]
4001013#[3, 5]
2002131#[0, 3, 4, 6]
4001010#[3, 5]
2010321#[0, 2, 5, 6]
4001004#[3]
2002122#[0, 3, 4, 5, 6]
4001001#[3, 6]
2010312#[0, 2, 5, 6]
1101000#[0, 1, 3]
1101003#[0, 1, 3]
2002113#[0, 3, 4, 5]
3300#[0, 1, 2, 3, 4, 5, 6]
2100420#[0, 1, 5]
3303#[0, 1, 2, 3, 4, 5, 6]
3312#[0, 1, 2, 3, 4, 5, 6]
1232100#[0, 1, 3, 4]
1101030#[0, 1, 3]
3321#[0, 1, 2, 3, 4, 5, 6]
1101033#[0, 1, 3]
331002#[0, 1, 2, 3, 4, 5, 6]
3330#[0, 1, 2, 3, 4, 5, 6]
2002203#[0, 1, 2, 3, 4, 5, 6]
2420001#[0, 2, 6]
331011#[3, 5, 6]
2002200#[0, 1, 2, 3, 4, 5, 6]
331020#[0, 1, 2, 3, 4, 5, 6]
2420010#[0, 2, 5]
2002230#[0, 1, 2, 3, 4, 5, 6]
3231000#[0, 1, 2, 3, 4, 5, 6]
2010420#[0, 2, 5]
4001040#[3]
2002221#[0, 3, 4, 5, 6]
1011003#[0, 2, 3]
1011000#[0, 2, 3]
2002212#[0, 3, 4, 5, 6]
4001031#[3, 6]
2010402#[0, 2, 6]
3100014#[1, 5]
200001#[0, 1, 2, 3, 4, 5, 6]
3100011#[1, 5, 6]
200004#[0, 1, 2, 3, 4, 5]
200010#[0, 1, 2, 3, 4, 5, 6]
3402#[0, 1, 2, 3, 5, 6]
3100002#[0, 1, 2, 3, 4, 5, 6]
200013#[0, 1, 2, 3, 4, 5, 6]
413001#[2, 6]
1224000#[0, 1, 2]
3411#[5, 6]
413010#[2, 5]
200022#[0, 1, 2, 3, 4, 5, 6]
421200#[2, 3, 4]
1011033#[0, 2, 3]
4001130#[3, 4]
3100023#[0, 1, 2, 3, 4, 5, 6]
331101#[3, 4, 6]
1011030#[0, 2, 3]
3100020#[0, 1, 2, 3, 4, 5, 6]
3420#[0, 1, 2, 3, 5, 6]
200031#[0, 1, 2, 3, 4, 5, 6]
2002302#[0, 1, 2, 3, 4, 5, 6]
200034#[0, 1, 2, 3, 4, 5]
331110#[3, 4, 5]
200043#[0, 1, 2, 3, 4, 6]
241002#[1, 3, 6]
200040#[0, 1, 2, 3, 4, 6]
4001100#[3, 4]
4001103#[3, 4]
241020#[1, 3, 5]
2002320#[0, 1, 2, 3, 4, 5, 6]
4001202#[3, 4, 6]
2002311#[0, 3, 5, 6]
2420100#[0, 2, 4]
1134000#[0, 1]
200103#[0, 1, 2, 3, 4, 5, 6]
3100041#[1, 6]
200100#[0, 1, 2, 3, 4, 5, 6]
3141000#[1, 3]
413100#[2, 4]
3100032#[0, 1, 2, 3, 4, 5, 6]
110001#[1, 2, 6]
2330001#[0, 1, 2, 3, 4, 5, 6]
200112#[1, 4, 5, 6]
110004#[1, 2]
2330010#[0, 1, 2, 3, 4, 5, 6]
200121#[1, 4, 5, 6]
110010#[1, 2, 5]
110013#[1, 2, 5]
323001#[0, 1, 2, 3, 4, 5, 6]
200124#[1, 4, 5]
200130#[0, 1, 2, 3, 4, 5, 6]
3100140#[1, 4]
2412000#[0, 2, 3]
331200#[0, 1, 2, 3, 4, 5, 6]
200133#[0, 1, 2, 3, 4, 5, 6]
323010#[0, 1, 2, 3, 4, 5, 6]
110022#[1, 2, 5, 6]
3010020#[0, 1, 2, 3, 4, 5, 6]
3010023#[0, 1, 2, 3, 4, 5, 6]
3100131#[1, 4, 6]
200142#[1, 4, 6]
110031#[1, 2, 6]
110034#[1, 2]
3010041#[2, 6]
2330100#[0, 1, 2, 3, 4, 5, 6]
110040#[1, 2]
110043#[1, 2]
3010032#[0, 1, 2, 3, 4, 5, 6]
3100110#[1, 4, 5]
1101300#[0, 1, 3]
3100104#[1, 4]
1101303#[0, 1, 3]
3100101#[1, 4, 6]
3010014#[2, 5]
2002410#[0, 3, 5]
3100122#[1, 4, 5, 6]
1003002#[0, 1, 2, 3, 4, 5, 6]
3010011#[2, 5, 6]
4001220#[3, 4, 5]
3100113#[1, 4, 5]
3010002#[0, 1, 2, 3, 4, 5, 6]
2002401#[0, 3, 6]
1003023#[0, 1, 2, 3, 4, 5, 6]
1101330#[0, 1, 3]
1003020#[0, 1, 2, 3, 4, 5, 6]
3100203#[0, 1, 2, 3, 4, 5, 6]
3100200#[0, 1, 2, 3, 4, 5, 6]
200202#[0, 1, 2, 3, 4, 5, 6]
1003014#[0, 5]
1003011#[0, 5, 6]
200211#[1, 4, 5, 6]
3100221#[1, 4, 5, 6]
3010110#[2, 4, 5]
200214#[1, 4, 5]
110100#[1, 2, 4]
3010104#[2, 4]
110103#[1, 2, 4]
1003032#[0, 1, 2, 3, 4, 5, 6]
323100#[0, 1, 2, 3, 4, 5, 6]
3010101#[2, 4, 6]
3100212#[1, 4, 5, 6]
200223#[0, 1, 2, 3, 4, 5, 6]
200220#[0, 1, 2, 3, 4, 5, 6]
20001#[0, 1, 2, 3, 4, 5, 6]
4001310#[3, 5]
2240001#[0, 1, 6]
20004#[0, 1, 2, 3, 4, 5]
4001301#[3, 6]
2240010#[0, 1, 5]
233001#[0, 1, 2, 3, 4, 5, 6]
20010#[0, 1, 2, 3, 4, 5, 6]
200232#[0, 1, 2, 3, 4, 5, 6]
20013#[0, 1, 2, 3, 4, 5, 6]
1003041#[0, 6]
1044000#[0]
233010#[0, 1, 2, 3, 4, 5, 6]
200241#[1, 4, 6]
241200#[1, 3, 4]
110130#[1, 2, 4]
110133#[1, 2, 4]
20022#[0, 1, 2, 3, 4, 5, 6]
20031#[0, 1, 2, 3, 4, 5, 6]
20034#[0, 1, 2, 3, 4, 5]
4001400#[3]
2240100#[0, 1, 4]
20040#[0, 1, 2, 3, 4, 6]
20043#[0, 1, 2, 3, 4, 6]
1003101#[0, 4, 6]
1003113#[0, 4, 5]
3010122#[2, 4, 5, 6]
1011303#[0, 2, 3]
3100230#[0, 1, 2, 3, 4, 5, 6]
1003110#[0, 4, 5]
1011300#[0, 2, 3]
3010113#[2, 4, 5]
200301#[0, 1, 2, 3, 4, 5, 6]
1003104#[0, 4]
102000#[0, 1, 2, 3, 4, 5, 6]
3010140#[2, 4]
102003#[0, 1, 2, 3, 4, 5, 6]
2322000#[0, 1, 2, 3, 4, 5, 6]
200304#[0, 1, 2, 3, 4, 5]
1003131#[0, 4, 6]
200310#[0, 1, 2, 3, 4, 5, 6]
200313#[0, 1, 2, 3, 4, 5, 6]
110202#[1, 2, 4, 6]
1003122#[0, 4, 5, 6]
102012#[1, 3, 5, 6]
3010131#[2, 4, 6]
3010221#[2, 4, 5, 6]
200322#[0, 1, 2, 3, 4, 5, 6]
3002031#[0, 1, 2, 3, 4, 5, 6]
20100#[0, 1, 2, 3, 4, 5, 6]
102021#[1, 3, 5, 6]
20103#[0, 1, 2, 3, 4, 5, 6]
200331#[0, 1, 2, 3, 4, 5, 6]
3010212#[2, 4, 5, 6]
102024#[1, 3, 5]
3002022#[0, 1, 2, 3, 4, 5, 6]
1003140#[0, 4]
110220#[1, 2, 4, 5]
1011330#[0, 2, 3]
110223#[1, 2, 4, 5]
3100320#[0, 1, 2, 3, 4, 5, 6]
233100#[0, 1, 2, 3, 4, 5, 6]
102030#[0, 1, 2, 3, 4, 5, 6]
20112#[2, 4, 5, 6]
102033#[0, 1, 2, 3, 4, 5, 6]
3002040#[0, 1, 2, 3, 4, 6]
200340#[0, 1, 2, 3, 4, 6]
110232#[1, 2, 4, 6]
20121#[2, 4, 5, 6]
143001#[1, 6]
102042#[1, 3, 6]
3010230#[0, 1, 2, 3, 4, 5, 6]
20124#[2, 4, 5]
143010#[1, 5]
3100302#[0, 1, 2, 3, 4, 5, 6]
20130#[0, 1, 2, 3, 4, 5, 6]
20133#[0, 1, 2, 3, 4, 5, 6]
20142#[2, 4, 6]
3002013#[0, 1, 2, 3, 4, 5, 6]
3010200#[0, 1, 2, 3, 4, 5, 6]
3010203#[0, 1, 2, 3, 4, 5, 6]
3002010#[0, 1, 2, 3, 4, 5, 6]
3100311#[1, 5, 6]
3002004#[0, 1, 2, 3, 4, 5]
3002001#[0, 1, 2, 3, 4, 5, 6]
1003212#[0, 4, 5, 6]
1003203#[0, 1, 2, 3, 4, 5, 6]
1003200#[0, 1, 2, 3, 4, 5, 6]
200403#[0, 1, 2, 3, 5, 6]
1003230#[0, 1, 2, 3, 4, 5, 6]
3010302#[0, 1, 2, 3, 4, 5, 6]
200400#[0, 1, 2, 3, 5, 6]
3100410#[1, 5]
102102#[1, 3, 4, 6]
3002100#[0, 1, 2, 3, 4, 5, 6]
1003221#[0, 4, 5, 6]
3002103#[0, 1, 2, 3, 4, 5, 6]
110301#[1, 2, 6]
3100401#[1, 6]
200412#[1, 5, 6]
12000#[0, 1, 2, 3, 4, 5, 6]
110304#[1, 2]
2232000#[0, 1, 2, 3, 4, 5, 6]
12003#[0, 1, 2, 3, 4, 5, 6]
200421#[1, 5, 6]
110310#[1, 2, 5]
110313#[1, 2, 5]
102120#[1, 3, 4, 5]
20202#[0, 1, 2, 3, 4, 5, 6]
102123#[1, 3, 4, 5]
12012#[2, 3, 5, 6]
200430#[0, 1, 2, 3, 5, 6]
110322#[1, 2, 5, 6]
20211#[2, 4, 5, 6]
102132#[1, 3, 4, 6]
12021#[2, 3, 5, 6]
20214#[2, 4, 5]
12024#[2, 3, 5]
110331#[1, 2, 6]
20220#[0, 1, 2, 3, 4, 5, 6]
12030#[0, 1, 2, 3, 4, 5, 6]
143100#[1, 4]
20223#[0, 1, 2, 3, 4, 5, 6]
12033#[0, 1, 2, 3, 4, 5, 6]
110340#[1, 2]
2101032#[0, 1, 3, 6]
20232#[0, 1, 2, 3, 4, 5, 6]
12042#[2, 3, 6]
2142000#[0, 1, 3]
20241#[2, 4, 6]
1003311#[0, 5, 6]
3002121#[3, 4, 5, 6]
1003302#[0, 1, 2, 3, 4, 5, 6]
3010311#[2, 5, 6]
2101002#[0, 1, 3, 6]
3002112#[3, 4, 5, 6]
1331001#[0, 3, 6]
1003320#[0, 1, 2, 3, 4, 5, 6]
102201#[1, 3, 4, 6]
2101020#[0, 1, 3, 5]
3010320#[0, 1, 2, 3, 4, 5, 6]
102204#[1, 3, 4]
2101023#[0, 1, 3, 5]
3002130#[0, 1, 2, 3, 4, 5, 6]
3002220#[0, 1, 2, 3, 4, 5, 6]
110400#[1, 2]
110403#[1, 2]
102210#[1, 3, 4, 5]
102213#[1, 3, 4, 5]
12102#[2, 3, 4, 6]
3010410#[2, 5]
3010401#[2, 6]
20301#[0, 1, 2, 3, 4, 5, 6]
3002211#[3, 4, 5, 6]
102222#[1, 3, 4, 5, 6]
20304#[0, 1, 2, 3, 4, 5]
3420000#[0, 2, 3, 4, 5, 6]
20310#[0, 1, 2, 3, 4, 5, 6]
1331010#[0, 3, 5]
102231#[1, 3, 4, 6]
12120#[2, 3, 4, 5]
20313#[0, 1, 2, 3, 4, 5, 6]
12123#[2, 3, 4, 5]
110430#[1, 2]
102240#[1, 3, 4]
20322#[0, 1, 2, 3, 4, 5, 6]
2011002#[0, 2, 3, 6]
12132#[2, 3, 4, 6]
20331#[0, 1, 2, 3, 4, 5, 6]
20340#[0, 1, 2, 3, 4, 6]
3002202#[0, 1, 2, 3, 4, 5, 6]
4100031#[1, 6]
1003401#[0, 6]
2011032#[0, 2, 3, 6]
1200021#[0, 1, 5, 6]
4100022#[1, 5, 6]
1331100#[0, 3, 4]
1200024#[0, 1, 5]
1200030#[0, 1, 2, 3, 4, 5, 6]
3002301#[0, 1, 2, 3, 4, 5, 6]
2011023#[0, 2, 3, 5]
1200003#[0, 1, 2, 3, 4, 5, 6]
2011020#[0, 2, 3, 5]
1200000#[0, 1, 2, 3, 4, 5, 6]
4100013#[1, 5]
4100010#[1, 5]
4100004#[1]
1003410#[0, 5]
102300#[0, 1, 2, 3, 4, 5, 6]
1413000#[0, 2]
1200012#[0, 1, 5, 6]
102303#[0, 1, 2, 3, 4, 5, 6]
4100001#[1, 6]
4002#[0, 1, 2, 4, 5, 6]
102312#[1, 3, 5, 6]
12201#[2, 3, 4, 6]
4011#[5, 6]
12204#[2, 3, 4]
4014#[5]
20400#[0, 1, 2, 3, 5, 6]
102321#[1, 3, 5, 6]
12210#[2, 3, 4, 5]
1200033#[0, 1, 2, 3, 4, 5, 6]
20403#[0, 1, 2, 3, 5, 6]
430002#[0, 2, 3, 4, 5, 6]
4020#[0, 1, 2, 4, 5, 6]
12213#[2, 3, 4, 5]
4023#[0, 1, 2, 4, 5, 6]
1200042#[0, 1, 6]
102330#[0, 1, 2, 3, 4, 5, 6]
20412#[2, 5, 6]
430011#[5, 6]
12222#[2, 3, 4, 5, 6]
4032#[0, 1, 2, 4, 5, 6]
430020#[0, 2, 3, 4, 5, 6]
20421#[2, 5, 6]
12231#[2, 3, 4, 6]
4041#[6]
20430#[0, 1, 2, 3, 5, 6]
2101230#[0, 1, 3, 4]
12240#[2, 3, 4]
1110000#[0, 1, 2]
3330000#[0, 1, 2, 3, 4, 5, 6]
1110003#[0, 1, 2]
1200123#[0, 1, 4, 5]
1200120#[0, 1, 4, 5]
3002310#[0, 1, 2, 3, 4, 5, 6]
1323000#[0, 1, 2, 3, 4, 5, 6]
2101200#[0, 1, 3, 4]
2101203#[0, 1, 3, 4]
1200102#[0, 1, 4, 6]
4100040#[1]
1110033#[0, 1, 2]
102402#[1, 3, 6]
4101#[4, 6]
4010040#[2]
4104#[4]
12300#[0, 1, 2, 3, 4, 5, 6]
3002400#[0, 1, 2, 3, 5, 6]
4110#[4, 5]
12303#[0, 1, 2, 3, 4, 5, 6]
4113#[4, 5]
4010031#[2, 6]
430101#[4, 6]
102420#[1, 3, 5]
2101302#[0, 1, 3, 6]
1200132#[0, 1, 4, 6]
12312#[2, 3, 5, 6]
430110#[4, 5]
4122#[4, 5, 6]
4010022#[2, 5, 6]
4100130#[1, 4]
1110030#[0, 1, 2]
4010013#[2, 5]
12321#[2, 3, 5, 6]
2003004#[0, 1, 2, 3, 4, 5]
4131#[4, 6]
4010010#[2, 5]
2003001#[0, 1, 2, 3, 4, 5, 6]
340002#[0, 1, 3, 4, 5, 6]
4010004#[2]
12330#[0, 1, 2, 3, 4, 5, 6]
4010001#[2, 6]
4140#[4]
340011#[5, 6]
340020#[0, 1, 3, 4, 5, 6]
4100103#[1, 4]
4100100#[1, 4]
1200210#[0, 1, 4, 5]
2011230#[0, 2, 3, 4]
4100220#[1, 4, 5]
1200213#[0, 1, 4, 5]
2003031#[0, 1, 2, 3, 4, 5, 6]
4010100#[2, 4]
4010103#[2, 4]
1200222#[0, 1, 4, 5, 6]
2003022#[0, 1, 2, 3, 4, 5, 6]
4100202#[1, 4, 6]
2003013#[0, 1, 2, 3, 4, 5, 6]
1200201#[0, 1, 4, 6]
2003010#[0, 1, 2, 3, 4, 5, 6]
2011203#[0, 2, 3, 4]
1200204#[0, 1, 4]
2011200#[0, 2, 3, 4]
1200240#[0, 1, 4]
1020012#[0, 2, 5, 6]
4200#[0, 1, 2, 4, 5, 6]
2101320#[0, 1, 3, 5]
4203#[0, 1, 2, 4, 5, 6]
1020003#[0, 1, 2, 3, 4, 5, 6]
1020000#[0, 1, 2, 3, 4, 5, 6]
1020030#[0, 1, 2, 3, 4, 5, 6]
3240000#[0, 1, 3, 4, 5, 6]
12402#[2, 3, 6]
4212#[4, 5, 6]
1200231#[0, 1, 4, 6]
422001#[2, 3, 6]
1020024#[0, 2, 5]
1233000#[0, 1, 2, 3, 4, 5, 6]
1020021#[0, 2, 5, 6]
422010#[2, 3, 5]
4221#[4, 5, 6]
2003040#[0, 1, 2, 3, 4, 6]
430200#[0, 2, 3, 4, 5, 6]
340101#[4, 6]
2003103#[0, 1, 2, 3, 4, 5, 6]
2003100#[0, 1, 2, 3, 4, 5, 6]
12420#[2, 3, 5]
1020042#[0, 2, 6]
4230#[0, 1, 2, 4, 5, 6]
340110#[4, 5]
1020033#[0, 1, 2, 3, 4, 5, 6]
1102002#[0, 1, 3, 6]
2003130#[0, 1, 2, 3, 4, 5, 6]
2011320#[0, 2, 3, 5]
1200312#[0, 1, 5, 6]
2003121#[0, 4, 5, 6]
4010130#[2, 4]
2003112#[0, 4, 5, 6]
2011302#[0, 2, 3, 6]
1200303#[0, 1, 2, 3, 4, 5, 6]
1200300#[0, 1, 2, 3, 4, 5, 6]
1102032#[0, 1, 3, 6]
1020102#[0, 2, 4, 6]
1143000#[0, 1]
4302#[0, 1, 2, 4, 5, 6]
4010220#[2, 4, 5]
422100#[2, 3, 4]
4002030#[1, 2, 3, 4, 5, 6]
1200321#[0, 1, 5, 6]
1102020#[0, 1, 3, 5]
1020123#[0, 2, 4, 5]
1102023#[0, 1, 3, 5]
4311#[5, 6]
1020120#[0, 2, 4, 5]
1200330#[0, 1, 2, 3, 4, 5, 6]
4002021#[3, 5, 6]
4320#[0, 1, 2, 4, 5, 6]
4002012#[3, 5, 6]
332001#[0, 1, 2, 3, 4, 5, 6]
4010202#[2, 4, 6]
4100310#[1, 5]
1020132#[0, 2, 4, 6]
4002000#[1, 2, 3, 4, 5, 6]
340200#[0, 1, 3, 4, 5, 6]
4002003#[1, 2, 3, 4, 5, 6]
332010#[0, 1, 2, 3, 4, 5, 6]
4100301#[1, 6]
1200402#[0, 1, 6]
4010301#[2, 6]
2003220#[0, 1, 2, 3, 4, 5, 6]
4002102#[3, 4, 6]
1110300#[0, 1, 2]
4100400#[1]
1110303#[0, 1, 2]
2003211#[0, 4, 5, 6]
2003202#[0, 1, 2, 3, 4, 5, 6]
1020204#[0, 2, 4]
1020201#[0, 2, 4, 6]
201003#[0, 1, 2, 3, 4, 5, 6]
1110330#[0, 1, 2]
201000#[0, 1, 2, 3, 4, 5, 6]
2421000#[0, 2, 3]
1012002#[0, 2, 3, 6]
1020222#[0, 2, 4, 5, 6]
4401#[6]
1200420#[0, 1, 5]
414000#[2]
201012#[1, 3, 5, 6]
1012023#[0, 2, 3, 5]
1020213#[0, 2, 4, 5]
4410#[5]
1012020#[0, 2, 3, 5]
1020210#[0, 2, 4, 5]
201021#[1, 3, 5, 6]
332100#[0, 1, 2, 3, 4, 5, 6]
201024#[1, 3, 5]
201030#[0, 1, 2, 3, 4, 5, 6]
1020231#[0, 2, 4, 6]
3101031#[1, 3, 6]
201033#[0, 1, 2, 3, 4, 5, 6]
1012032#[0, 2, 3, 6]
201042#[1, 3, 6]
242001#[1, 3, 6]
242010#[1, 3, 5]
2331000#[0, 1, 2, 3, 4, 5, 6]
1020240#[0, 2, 4]
3101040#[1, 3]
3101004#[1, 3]
3101001#[1, 3, 6]
1102200#[0, 1, 3, 4]
1102203#[0, 1, 3, 4]
2003310#[0, 1, 2, 3, 4, 5, 6]
3101022#[1, 3, 5, 6]
4002120#[3, 4, 5]
3101013#[1, 3, 5]
4010310#[2, 5]
2003301#[0, 1, 2, 3, 4, 5, 6]
3101010#[1, 3, 5]
1020303#[0, 1, 2, 3, 4, 5, 6]
3101103#[1, 3, 4]
1020300#[0, 1, 2, 3, 4, 5, 6]
3101100#[1, 3, 4]
1102230#[0, 1, 3, 4]
201102#[1, 3, 4, 6]
3011004#[2, 3]
3011001#[2, 3, 6]
1020312#[0, 2, 5, 6]
111000#[1, 2, 3]
111003#[1, 2, 3]
4010400#[2]
4002210#[3, 4, 5]
201123#[1, 3, 4, 5]
201120#[1, 3, 4, 5]
324000#[0, 1, 2, 4, 5, 6]
4002201#[3, 4, 6]
1020330#[0, 1, 2, 3, 4, 5, 6]
1020321#[0, 2, 5, 6]
201132#[1, 3, 4, 6]
242100#[1, 3, 4]
111030#[1, 2, 3]
111033#[1, 2, 3]
2200032#[0, 1, 2, 3, 4, 5, 6]
4002300#[1, 2, 3, 4, 5, 6]
2200041#[0, 1, 6]
2241000#[0, 1, 3]
3011040#[2, 3]
1102302#[0, 1, 3, 6]
2003400#[0, 1, 2, 3, 5, 6]
1102320#[0, 1, 3, 5]
1004013#[0, 5]
2200002#[0, 1, 2, 3, 4, 5, 6]
3011022#[2, 3, 5, 6]
1430001#[0, 6]
1012203#[0, 2, 3, 4]
1004010#[0, 5]
3101130#[1, 3, 4]
1012200#[0, 2, 3, 4]
3011013#[2, 3, 5]
2200011#[0, 1, 5, 6]
1004004#[0]
1004001#[0, 6]
3011010#[2, 3, 5]
2200014#[0, 1, 5]
1430010#[0, 5]
1004031#[0, 6]
201201#[1, 3, 4, 6]
2200020#[0, 1, 2, 3, 4, 5, 6]
2200023#[0, 1, 2, 3, 4, 5, 6]
201204#[1, 3, 4]
1004022#[0, 5, 6]
201210#[1, 3, 4, 5]
3011031#[2, 3, 6]
1020402#[0, 2, 6]
201213#[1, 3, 4, 5]
2200101#[0, 1, 4, 6]
201222#[1, 3, 4, 5, 6]
1004040#[0]
21000#[0, 1, 2, 3, 4, 5, 6]
1012230#[0, 2, 3, 4]
2200104#[0, 1, 4]
1020420#[0, 2, 5]
3101220#[1, 3, 4, 5]
21003#[0, 1, 2, 3, 4, 5, 6]
201231#[1, 3, 4, 6]
2200110#[0, 1, 4, 5]
2200113#[0, 1, 4, 5]
2110002#[0, 1, 2, 6]
234000#[0, 1, 2, 4, 5, 6]
21012#[2, 3, 5, 6]
3011130#[2, 3, 4]
2200122#[0, 1, 4, 5, 6]
201240#[1, 3, 4]
21021#[2, 3, 5, 6]
21024#[2, 3, 5]
21030#[0, 1, 2, 3, 4, 5, 6]
21033#[0, 1, 2, 3, 4, 5, 6]
3011100#[2, 3, 4]
21042#[2, 3, 6]
3011103#[2, 3, 4]
3101202#[1, 3, 4, 6]
1012302#[0, 2, 3, 6]
1430100#[0, 4]
1004103#[0, 4]
1004100#[0, 4]
3101310#[1, 3, 5]
201303#[0, 1, 2, 3, 4, 5, 6]
3003000#[0, 1, 2, 3, 4, 5, 6]
3003003#[0, 1, 2, 3, 4, 5, 6]
201300#[0, 1, 2, 3, 4, 5, 6]
3101301#[1, 3, 6]
103002#[0, 1, 2, 3, 4, 5, 6]
2200131#[0, 1, 4, 6]
103011#[1, 5, 6]
201312#[1, 3, 5, 6]
2110020#[0, 1, 2, 5]
2110023#[0, 1, 2, 5]
103014#[1, 5]
201321#[1, 3, 5, 6]
103020#[0, 1, 2, 3, 4, 5, 6]
2200140#[0, 1, 4]
1004130#[0, 4]
21102#[2, 3, 4, 6]
103023#[0, 1, 2, 3, 4, 5, 6]
1012320#[0, 2, 3, 5]
2110032#[0, 1, 2, 6]
201330#[0, 1, 2, 3, 4, 5, 6]
1340001#[0, 6]
103032#[0, 1, 2, 3, 4, 5, 6]
1340010#[0, 5]
103041#[1, 6]
21120#[2, 3, 4, 5]
144000#[1]
21123#[2, 3, 4, 5]
2200230#[0, 1, 2, 3, 4, 5, 6]
21132#[2, 3, 4, 6]
3003021#[0, 1, 2, 3, 4, 5, 6]
1004202#[0, 4, 6]
1422000#[0, 2, 3]
3003012#[0, 1, 2, 3, 4, 5, 6]
2020023#[0, 1, 2, 3, 4, 5, 6]
2200200#[0, 1, 2, 3, 4, 5, 6]
2020020#[0, 1, 2, 3, 4, 5, 6]
2200203#[0, 1, 2, 3, 4, 5, 6]
3011202#[2, 3, 4, 6]
2020014#[0, 2, 5]
1004220#[0, 4, 5]
2020011#[0, 2, 5, 6]
2200212#[0, 1, 4, 5, 6]
3011220#[2, 3, 4, 5]
201402#[1, 3, 6]
3003030#[0, 1, 2, 3, 4, 5, 6]
2200221#[0, 1, 4, 5, 6]
2020002#[0, 1, 2, 3, 4, 5, 6]
103101#[1, 4, 6]
103104#[1, 4]
3011310#[2, 3, 5]
111300#[1, 2, 3]
111303#[1, 2, 3]
103110#[1, 4, 5]
3011301#[2, 3, 6]
103113#[1, 4, 5]
3003111#[4, 5, 6]
13002#[0, 1, 2, 3, 4, 5, 6]
2200302#[0, 1, 2, 3, 4, 5, 6]
201420#[1, 3, 5]
1340100#[0, 4]
2102001#[0, 1, 3, 6]
21201#[2, 3, 4, 6]
103122#[1, 4, 5, 6]
13011#[2, 5, 6]
21204#[2, 3, 4]
2102004#[0, 1, 3]
2200311#[0, 1, 5, 6]
13014#[2, 5]
2020041#[0, 2, 6]
2110200#[0, 1, 2, 4]
103131#[1, 4, 6]
21210#[2, 3, 4, 5]
2102010#[0, 1, 3, 5]
2110203#[0, 1, 2, 4]
13020#[0, 1, 2, 3, 4, 5, 6]
3003120#[0, 1, 2, 3, 4, 5, 6]
21213#[2, 3, 4, 5]
2102013#[0, 1, 3, 5]
2020032#[0, 1, 2, 3, 4, 5, 6]
13023#[0, 1, 2, 3, 4, 5, 6]
111330#[1, 2, 3]
103140#[1, 4]
21222#[2, 3, 4, 5, 6]
13032#[0, 1, 2, 3, 4, 5, 6]
21231#[2, 3, 4, 6]
13041#[2, 6]
3003102#[0, 1, 2, 3, 4, 5, 6]
3101400#[1, 3]
21240#[2, 3, 4]
1004301#[0, 6]
2020122#[0, 2, 4, 5, 6]
2020113#[0, 2, 4, 5]
2020110#[0, 2, 4, 5]
2020104#[0, 2, 4]
1004310#[0, 5]
2020101#[0, 2, 4, 6]
2200320#[0, 1, 2, 3, 4, 5, 6]
103200#[0, 1, 2, 3, 4, 5, 6]
103203#[0, 1, 2, 3, 4, 5, 6]
2102022#[0, 1, 3, 5, 6]
103212#[1, 4, 5, 6]
13101#[2, 4, 6]
2102031#[0, 1, 3, 6]
13104#[2, 4]
2020140#[0, 2, 4]
1332000#[0, 1, 2, 3, 4, 5, 6]
21300#[0, 1, 2, 3, 4, 5, 6]
103221#[1, 4, 5, 6]
13110#[2, 4, 5]
2110230#[0, 1, 2, 4]
21303#[0, 1, 2, 3, 4, 5, 6]
2102040#[0, 1, 3]
13113#[2, 4, 5]
2020131#[0, 2, 4, 6]
103230#[0, 1, 2, 3, 4, 5, 6]
21312#[2, 3, 5, 6]
13122#[2, 4, 5, 6]
21321#[2, 3, 5, 6]
13131#[2, 4, 6]
2110320#[0, 1, 2, 5]
21330#[0, 1, 2, 3, 4, 5, 6]
2102130#[0, 1, 3, 4]
13140#[2, 4]
2012031#[0, 2, 3, 6]
2020221#[0, 2, 4, 5, 6]
3011400#[2, 3]
3003210#[0, 1, 2, 3, 4, 5, 6]
2012022#[0, 2, 3, 5, 6]
2020212#[0, 2, 4, 5, 6]
3003201#[0, 1, 2, 3, 4, 5, 6]
1201023#[0, 1, 3, 5]
1201020#[0, 1, 3, 5]
2200401#[0, 1, 6]
2012013#[0, 2, 3, 5]
2012010#[0, 2, 3, 5]
2102100#[0, 1, 3, 4]
2020203#[0, 1, 2, 3, 4, 5, 6]
2020200#[0, 1, 2, 3, 4, 5, 6]
2102103#[0, 1, 3, 4]
1201002#[0, 1, 3, 6]
2012004#[0, 2, 3]
2200410#[0, 1, 5]
2110302#[0, 1, 2, 6]
2012001#[0, 2, 3, 6]
1004400#[0]
1242000#[0, 1, 3]
103302#[0, 1, 2, 3, 4, 5, 6]
3003300#[0, 1, 2, 3, 4, 5, 6]
103311#[1, 5, 6]
13200#[0, 1, 2, 3, 4, 5, 6]
13203#[0, 1, 2, 3, 4, 5, 6]
2012040#[0, 2, 3]
2020230#[0, 1, 2, 3, 4, 5, 6]
4101030#[1, 3]
103320#[0, 1, 2, 3, 4, 5, 6]
2102202#[0, 1, 3, 4, 6]
1201032#[0, 1, 3, 6]
21402#[2, 3, 6]
13212#[2, 4, 5, 6]
431001#[3, 6]
431010#[3, 5]
13221#[2, 4, 5, 6]
21420#[2, 3, 5]
13230#[0, 1, 2, 3, 4, 5, 6]
4101003#[1, 3]
4101000#[1, 3]
4011000#[2, 3]
4011003#[2, 3]
2020311#[0, 2, 5, 6]
2020302#[0, 1, 2, 3, 4, 5, 6]
2012103#[0, 2, 3, 4]
2012100#[0, 2, 3, 4]
300000#[0, 1, 2, 3, 4, 5, 6]
300003#[0, 1, 2, 3, 4, 5, 6]
300012#[0, 1, 2, 3, 4, 5, 6]
103401#[1, 6]
2102220#[0, 1, 3, 4, 5]
300021#[0, 1, 2, 3, 4, 5, 6]
103410#[1, 5]
13302#[0, 1, 2, 3, 4, 5, 6]
300030#[0, 1, 2, 3, 4, 5, 6]
431100#[3, 4]
300024#[0, 1, 2, 3, 4, 5]
2012130#[0, 2, 3, 4]
2020320#[0, 1, 2, 3, 4, 5, 6]
13311#[2, 5, 6]
300033#[0, 1, 2, 3, 4, 5, 6]
2102310#[0, 1, 3, 5]
13320#[0, 1, 2, 3, 4, 5, 6]
341001#[3, 6]
300042#[0, 1, 2, 3, 4, 6]
2430000#[0, 2, 3, 4, 5, 6]
341010#[3, 5]
3200040#[0, 1, 2, 3, 4, 6]
2004030#[0, 1, 2, 4, 5, 6]
1201203#[0, 1, 3, 4]
2012220#[0, 2, 3, 4, 5]
1201200#[0, 1, 3, 4]
2020410#[0, 2, 5]
3200022#[0, 1, 2, 3, 4, 5, 6]
2004021#[0, 5, 6]
4011030#[2, 3]
3200031#[0, 1, 2, 3, 4, 5, 6]
2020401#[0, 2, 6]
3200001#[0, 1, 2, 3, 4, 5, 6]
2004012#[0, 5, 6]
2012202#[0, 2, 3, 4, 6]
3200004#[0, 1, 2, 3, 4, 5]
3200010#[0, 1, 2, 3, 4, 5, 6]
3200013#[0, 1, 2, 3, 4, 5, 6]
2004003#[0, 1, 2, 4, 5, 6]
2102301#[0, 1, 3, 6]
2004000#[0, 1, 2, 4, 5, 6]
3200112#[1, 4, 5, 6]
300102#[0, 1, 2, 3, 4, 5, 6]
1021002#[0, 2, 3, 6]
3200121#[1, 4, 5, 6]
300111#[4, 5, 6]
210003#[0, 1, 2, 3, 4, 5, 6]
1021023#[0, 2, 3, 5]
3110013#[1, 2, 5]
210000#[0, 1, 2, 3, 4, 5, 6]
1021020#[0, 2, 3, 5]
3200100#[0, 1, 2, 3, 4, 5, 6]
3110010#[1, 2, 5]
300114#[4, 5]
3200103#[0, 1, 2, 3, 4, 5, 6]
13401#[2, 6]
3110004#[1, 2]
300120#[0, 1, 2, 3, 4, 5, 6]
1201230#[0, 1, 3, 4]
3110001#[1, 2, 6]
423000#[0, 2, 3, 4, 5, 6]
300123#[0, 1, 2, 3, 4, 5, 6]
210012#[1, 2, 5, 6]
300132#[0, 1, 2, 3, 4, 5, 6]
13410#[2, 5]
210021#[1, 2, 5, 6]
1021032#[0, 2, 3, 6]
300141#[4, 6]
341100#[3, 4]
210024#[1, 2, 5]
210030#[0, 1, 2, 3, 4, 5, 6]
210033#[0, 1, 2, 3, 4, 5, 6]
210042#[1, 2, 6]
2340000#[0, 1, 3, 4, 5, 6]
1201302#[0, 1, 3, 6]
2004120#[0, 4, 5]
4003002#[1, 2, 3, 4, 5, 6]
2012310#[0, 2, 3, 5]
1103001#[0, 1, 6]
4101300#[1, 3]
1103004#[0, 1]
2012301#[0, 2, 3, 6]
2004102#[0, 4, 6]
3110031#[1, 2, 6]
2102400#[0, 1, 3]
1103031#[0, 1, 6]
300204#[0, 1, 2, 3, 4, 5]
3110022#[1, 2, 5, 6]
300201#[0, 1, 2, 3, 4, 5, 6]
300213#[0, 1, 2, 3, 4, 5, 6]
3200130#[0, 1, 2, 3, 4, 5, 6]
1103010#[0, 1, 5]
210102#[1, 2, 4, 6]
1103013#[0, 1, 5]
300210#[0, 1, 2, 3, 4, 5, 6]
3110040#[1, 2]
1201320#[0, 1, 3, 5]
300222#[0, 1, 2, 3, 4, 5, 6]
1103022#[0, 1, 5, 6]
120000#[0, 1, 2, 3, 4, 5, 6]
120003#[0, 1, 2, 3, 4, 5, 6]
3020013#[0, 1, 2, 3, 4, 5, 6]
300231#[0, 1, 2, 3, 4, 5, 6]
3020010#[0, 1, 2, 3, 4, 5, 6]
210123#[1, 2, 4, 5]
3020004#[0, 1, 2, 3, 4, 5]
210120#[1, 2, 4, 5]
333000#[0, 1, 2, 3, 4, 5, 6]
120012#[1, 2, 5, 6]
3020001#[0, 1, 2, 3, 4, 5, 6]
1103040#[0, 1]
3020031#[0, 1, 2, 3, 4, 5, 6]
300240#[0, 1, 2, 3, 4, 6]
120021#[1, 2, 5, 6]
210132#[1, 2, 4, 6]
3020022#[0, 1, 2, 3, 4, 5, 6]
120024#[1, 2, 5]
3110130#[1, 2, 4]
120030#[0, 1, 2, 3, 4, 5, 6]
120033#[0, 1, 2, 3, 4, 5, 6]
3200211#[1, 4, 5, 6]
120042#[1, 2, 6]
3200220#[0, 1, 2, 3, 4, 5, 6]
2004210#[0, 4, 5]
1103100#[0, 1, 4]
2012400#[0, 2, 3]
1103103#[0, 1, 4]
4003020#[1, 2, 3, 4, 5, 6]
2004201#[0, 4, 6]
3110103#[1, 2, 4]
3200202#[0, 1, 2, 3, 4, 5, 6]
3110100#[1, 2, 4]
4003011#[5, 6]
1013004#[0, 2]
1013001#[0, 2, 6]
3200310#[0, 1, 2, 3, 4, 5, 6]
300300#[0, 1, 2, 3, 4, 5, 6]
1103130#[0, 1, 4]
300303#[0, 1, 2, 3, 4, 5, 6]
202002#[0, 1, 2, 3, 4, 5, 6]
1013022#[0, 2, 5, 6]
3102012#[1, 3, 5, 6]
3110202#[1, 2, 4, 6]
202011#[1, 3, 5, 6]
4011300#[2, 3]
1013013#[0, 2, 5]
210201#[1, 2, 4, 6]
4003110#[4, 5]
3102003#[0, 1, 2, 3, 4, 5, 6]
300312#[0, 1, 2, 3, 4, 5, 6]
1021203#[0, 2, 3, 4]
3200301#[0, 1, 2, 3, 4, 5, 6]
1013010#[0, 2, 5]
202014#[1, 3, 5]
3102000#[0, 1, 2, 3, 4, 5, 6]
1021200#[0, 2, 3, 4]
210204#[1, 2, 4]
4003101#[4, 6]
210210#[1, 2, 4, 5]
1021230#[0, 2, 3, 4]
202023#[0, 1, 2, 3, 4, 5, 6]
300321#[0, 1, 2, 3, 4, 5, 6]
3020040#[0, 1, 2, 3, 4, 6]
210213#[1, 2, 4, 5]
120102#[1, 2, 4, 6]
202020#[0, 1, 2, 3, 4, 5, 6]
1013031#[0, 2, 6]
210222#[1, 2, 4, 5, 6]
300330#[0, 1, 2, 3, 4, 5, 6]
30000#[0, 1, 2, 3, 4, 5, 6]
202032#[0, 1, 2, 3, 4, 5, 6]
30003#[0, 1, 2, 3, 4, 5, 6]
210231#[1, 2, 4, 6]
120120#[1, 2, 4, 5]
202041#[1, 3, 6]
120123#[1, 2, 4, 5]
243000#[0, 1, 3, 4, 5, 6]
30012#[0, 1, 2, 3, 4, 5, 6]
1013040#[0, 2]
210240#[1, 2, 4]
120132#[1, 2, 4, 6]
30021#[0, 1, 2, 3, 4, 5, 6]
30024#[0, 1, 2, 3, 4, 5]
3020130#[0, 1, 2, 3, 4, 5, 6]
30030#[0, 1, 2, 3, 4, 5, 6]
30033#[0, 1, 2, 3, 4, 5, 6]
2004300#[0, 1, 2, 4, 5, 6]
30042#[0, 1, 2, 3, 4, 6]
1013103#[0, 2, 4]
3102030#[0, 1, 2, 3, 4, 5, 6]
3110220#[1, 2, 4, 5]
1013100#[0, 2, 4]
1103220#[0, 1, 4, 5]
3020103#[0, 1, 2, 3, 4, 5, 6]
3102021#[1, 3, 5, 6]
3020100#[0, 1, 2, 3, 4, 5, 6]
1103202#[0, 1, 4, 6]
202101#[1, 3, 4, 6]
300402#[0, 1, 2, 3, 5, 6]
3020121#[2, 4, 5, 6]
1021302#[0, 2, 3, 6]
202104#[1, 3, 4]
210303#[0, 1, 2, 3, 4, 5, 6]
202110#[1, 3, 4, 5]
3020112#[2, 4, 5, 6]
300411#[5, 6]
210300#[0, 1, 2, 3, 4, 5, 6]
300420#[0, 1, 2, 3, 5, 6]
3012012#[2, 3, 5, 6]
202113#[1, 3, 4, 5]
112002#[1, 2, 3, 6]
3020202#[0, 1, 2, 3, 4, 5, 6]
1013130#[0, 2, 4]
1021320#[0, 2, 3, 5]
3102120#[1, 3, 4, 5]
2201001#[0, 1, 3, 6]
120201#[1, 2, 4, 6]
202122#[1, 3, 4, 5, 6]
3110310#[1, 2, 5]
210312#[1, 2, 5, 6]
3012000#[0, 1, 2, 3, 4, 5, 6]
120204#[1, 2, 4]
2201004#[0, 1, 3]
3012003#[0, 1, 2, 3, 4, 5, 6]
202131#[1, 3, 4, 6]
210321#[1, 2, 5, 6]
3020220#[0, 1, 2, 3, 4, 5, 6]
3012030#[0, 1, 2, 3, 4, 5, 6]
2201010#[0, 1, 3, 5]
120210#[1, 2, 4, 5]
2201013#[0, 1, 3, 5]
120213#[1, 2, 4, 5]
112020#[1, 2, 3, 5]
30102#[0, 1, 2, 3, 4, 5, 6]
112023#[1, 2, 3, 5]
3012021#[2, 3, 5, 6]
210330#[0, 1, 2, 3, 4, 5, 6]
3020211#[2, 4, 5, 6]
2201022#[0, 1, 3, 5, 6]
120222#[1, 2, 4, 5, 6]
30111#[4, 5, 6]
202140#[1, 3, 4]
3200400#[0, 1, 2, 3, 5, 6]
112032#[1, 2, 3, 6]
30114#[4, 5]
120231#[1, 2, 4, 6]
30120#[0, 1, 2, 3, 4, 5, 6]
30123#[0, 1, 2, 3, 4, 5, 6]
120240#[1, 2, 4]
3110301#[1, 2, 6]
30132#[0, 1, 2, 3, 4, 5, 6]
3102102#[1, 3, 4, 6]
4003200#[1, 2, 3, 4, 5, 6]
30141#[4, 6]
1431000#[0, 3]
1103301#[0, 1, 6]
3102201#[1, 3, 4, 6]
202203#[0, 1, 2, 3, 4, 5, 6]
202200#[0, 1, 2, 3, 4, 5, 6]
1013202#[0, 2, 4, 6]
1103310#[0, 1, 5]
210402#[1, 2, 6]
2201031#[0, 1, 3, 6]
202212#[1, 3, 4, 5, 6]
1013220#[0, 2, 4, 5]
120300#[0, 1, 2, 3, 4, 5, 6]
202221#[1, 3, 4, 5, 6]
120303#[0, 1, 2, 3, 4, 5, 6]
2201040#[0, 1, 3]
22002#[0, 1, 2, 3, 4, 5, 6]
202230#[0, 1, 2, 3, 4, 5, 6]
210420#[1, 2, 5]
120312#[1, 2, 5, 6]
30201#[0, 1, 2, 3, 4, 5, 6]
22011#[2, 3, 5, 6]
30204#[0, 1, 2, 3, 4, 5]
22014#[2, 3, 5]
4200000#[1, 2, 3, 4, 5, 6]
120321#[1, 2, 5, 6]
30210#[0, 1, 2, 3, 4, 5, 6]
4200003#[1, 2, 3, 4, 5, 6]
22020#[0, 1, 2, 3, 4, 5, 6]
30213#[0, 1, 2, 3, 4, 5, 6]
22023#[0, 1, 2, 3, 4, 5, 6]
120330#[0, 1, 2, 3, 4, 5, 6]
2201130#[0, 1, 3, 4]
4200012#[1, 5, 6]
30222#[0, 1, 2, 3, 4, 5, 6]
22032#[0, 1, 2, 3, 4, 5, 6]
4200021#[1, 5, 6]
30231#[0, 1, 2, 3, 4, 5, 6]
22041#[2, 3, 6]
4200030#[1, 2, 3, 4, 5, 6]
30240#[0, 1, 2, 3, 4, 6]
3020301#[0, 1, 2, 3, 4, 5, 6]
1300023#[0, 1, 2, 3, 4, 5, 6]
1300020#[0, 1, 2, 3, 4, 5, 6]
3012102#[2, 3, 4, 6]
3102210#[1, 3, 4, 5]
2201100#[0, 1, 3, 4]
2201103#[0, 1, 3, 4]
3110400#[1, 2]
1300002#[0, 1, 2, 3, 4, 5, 6]
1013310#[0, 2, 5]
3012120#[2, 3, 4, 5]
3020310#[0, 1, 2, 3, 4, 5, 6]
1300011#[0, 5, 6]
1103400#[0, 1]
1013301#[0, 2, 6]
1300014#[0, 5]
202302#[0, 1, 2, 3, 4, 5, 6]
104001#[1, 6]
3012201#[2, 3, 4, 6]
202311#[1, 3, 5, 6]
104004#[1]
3004011#[5, 6]
112200#[1, 2, 3, 4]
112203#[1, 2, 3, 4]
104010#[1, 5]
104013#[1, 5]
3004002#[0, 1, 2, 4, 5, 6]
1300032#[0, 1, 2, 3, 4, 5, 6]
2201202#[0, 1, 3, 4, 6]
120402#[1, 2, 6]
202320#[0, 1, 2, 3, 4, 5, 6]
22101#[2, 3, 4, 6]
104022#[1, 5, 6]
22104#[2, 3, 4]
3004020#[0, 1, 2, 4, 5, 6]
1300041#[0, 6]
30300#[0, 1, 2, 3, 4, 5, 6]
1341000#[0, 3]
3020400#[0, 1, 2, 3, 5, 6]
104031#[1, 6]
22110#[2, 3, 4, 5]
3012210#[2, 3, 4, 5]
30303#[0, 1, 2, 3, 4, 5, 6]
22113#[2, 3, 4, 5]
120420#[1, 2, 5]
112230#[1, 2, 3, 4]
30312#[0, 1, 2, 3, 4, 5, 6]
104040#[1]
22122#[2, 3, 4, 5, 6]
30321#[0, 1, 2, 3, 4, 5, 6]
3102300#[0, 1, 2, 3, 4, 5, 6]
22131#[2, 3, 4, 6]
30330#[0, 1, 2, 3, 4, 5, 6]
22140#[2, 3, 4]
1210002#[0, 1, 2, 6]
2021022#[0, 2, 3, 5, 6]
1300113#[0, 4, 5]
1300122#[0, 4, 5, 6]
2021013#[0, 2, 3, 5]
2021010#[0, 2, 3, 5]
4110003#[1, 2]
4110000#[1, 2]
2021004#[0, 2, 3]
1300101#[0, 4, 6]
2021001#[0, 2, 3, 6]
1013400#[0, 2]
1300104#[0, 4]
1300110#[0, 4, 5]
202401#[1, 3, 6]
1210032#[0, 1, 2, 6]
2201220#[0, 1, 3, 4, 5]
104100#[1, 4]
104103#[1, 4]
202410#[1, 3, 5]
2021040#[0, 2, 3]
112302#[1, 2, 3, 6]
1300131#[0, 4, 6]
14001#[2, 6]
14004#[2]
1210023#[0, 1, 2, 5]
1210020#[0, 1, 2, 5]
22200#[0, 1, 2, 3, 4, 5, 6]
2021031#[0, 2, 3, 6]
14010#[2, 5]
22203#[0, 1, 2, 3, 4, 5, 6]
14013#[2, 5]
1300140#[0, 4]
112320#[1, 2, 3, 5]
30402#[0, 1, 2, 3, 5, 6]
104130#[1, 4]
2103012#[0, 1, 5, 6]
22212#[2, 3, 4, 5, 6]
14022#[2, 5, 6]
440001#[6]
30411#[5, 6]
440010#[5]
2103021#[0, 1, 5, 6]
22221#[2, 3, 4, 5, 6]
14031#[2, 6]
30420#[0, 1, 2, 3, 5, 6]
2103030#[0, 1, 2, 3, 4, 5, 6]
22230#[0, 1, 2, 3, 4, 5, 6]
14040#[2]
3012300#[0, 1, 2, 3, 4, 5, 6]
3004110#[4, 5]
4200102#[1, 4, 6]
1300212#[0, 4, 5, 6]
3004101#[4, 6]
1300221#[0, 4, 5, 6]
4110030#[1, 2]
2021103#[0, 2, 3, 4]
2021100#[0, 2, 3, 4]
2201301#[0, 1, 3, 6]
4200120#[1, 4, 5]
2103000#[0, 1, 2, 3, 4, 5, 6]
1300203#[0, 1, 2, 3, 4, 5, 6]
2103003#[0, 1, 2, 3, 4, 5, 6]
1300200#[0, 1, 2, 3, 4, 5, 6]
2201310#[0, 1, 3, 5]
4020030#[1, 2, 3, 4, 5, 6]
3004200#[0, 1, 2, 4, 5, 6]
1120020#[0, 1, 2, 5]
1120023#[0, 1, 2, 5]
4020021#[2, 5, 6]
104202#[1, 4, 6]
4020012#[2, 5, 6]
1120002#[0, 1, 2, 6]
2021130#[0, 2, 3, 4]
14100#[2, 4]
1300230#[0, 1, 2, 3, 4, 5, 6]
14103#[2, 4]
2201400#[0, 1, 3]
4020000#[1, 2, 3, 4, 5, 6]
104220#[1, 4, 5]
4020003#[1, 2, 3, 4, 5, 6]
2103102#[0, 1, 4, 6]
22302#[0, 1, 2, 3, 4, 5, 6]
440100#[4]
22311#[2, 3, 5, 6]
4200300#[1, 2, 3, 4, 5, 6]
22320#[0, 1, 2, 3, 4, 5, 6]
1120032#[0, 1, 2, 6]
14130#[2, 4]
1202001#[0, 1, 3, 6]
2013021#[0, 2, 5, 6]
1300311#[0, 5, 6]
1202004#[0, 1, 3]
1202010#[0, 1, 3, 5]
4200201#[1, 4, 6]
1210203#[0, 1, 2, 4]
2013012#[0, 2, 5, 6]
1210200#[0, 1, 2, 4]
4102002#[1, 3, 6]
2021202#[0, 2, 3, 4, 6]
1202013#[0, 1, 3, 5]
4200210#[1, 4, 5]
2013003#[0, 1, 2, 3, 4, 5, 6]
2013000#[0, 1, 2, 3, 4, 5, 6]
1300302#[0, 1, 2, 3, 4, 5, 6]
1210230#[0, 1, 2, 4]
1202040#[0, 1, 3]
104301#[1, 6]
2103120#[0, 1, 4, 5]
1030014#[0, 5]
1300320#[0, 1, 2, 3, 4, 5, 6]
1202022#[0, 1, 3, 5, 6]
1030011#[0, 5, 6]
104310#[1, 5]
2013030#[0, 1, 2, 3, 4, 5, 6]
2021220#[0, 2, 3, 4, 5]
14202#[2, 4, 6]
1202031#[0, 1, 3, 6]
1030002#[0, 1, 2, 3, 4, 5, 6]
2103201#[0, 1, 4, 6]
22401#[2, 3, 6]
432000#[0, 2, 3, 4, 5, 6]
1030023#[0, 1, 2, 3, 4, 5, 6]
2103210#[0, 1, 4, 5]
22410#[2, 3, 5]
1030020#[0, 1, 2, 3, 4, 5, 6]
14220#[2, 4, 5]
1030041#[0, 6]
1030032#[0, 1, 2, 3, 4, 5, 6]
2021310#[0, 2, 3, 5]
1300401#[0, 6]
4020120#[2, 4, 5]
1202103#[0, 1, 3, 4]
1202100#[0, 1, 3, 4]
1300410#[0, 5]
2021301#[0, 2, 3, 6]
1210302#[0, 1, 2, 6]
2013102#[0, 2, 4, 6]
4102020#[1, 3, 5]
4020102#[2, 4, 6]
1202130#[0, 1, 3, 4]
1210320#[0, 1, 2, 5]
3201012#[1, 3, 5, 6]
4012020#[2, 3, 5]
3201021#[1, 3, 5, 6]
301002#[0, 1, 2, 3, 4, 5, 6]
4020210#[2, 4, 5]
1030110#[0, 4, 5]
104400#[1]
301014#[3, 5]
4020201#[2, 4, 6]
301011#[3, 5, 6]
1030104#[0, 4]
3201000#[0, 1, 2, 3, 4, 5, 6]
301020#[0, 1, 2, 3, 4, 5, 6]
1120200#[0, 1, 2, 4]
1030101#[0, 4, 6]
1120203#[0, 1, 2, 4]
3201003#[0, 1, 2, 3, 4, 5, 6]
301023#[0, 1, 2, 3, 4, 5, 6]
14301#[2, 6]
2013120#[0, 2, 4, 5]
4012002#[2, 3, 6]
4110300#[1, 2]
1030122#[0, 4, 5, 6]
14310#[2, 5]
301032#[0, 1, 2, 3, 4, 5, 6]
1030113#[0, 4, 5]
1030140#[0, 4]
342000#[0, 1, 3, 4, 5, 6]
301041#[3, 6]
1120230#[0, 1, 2, 4]
1030131#[0, 4, 6]
2013210#[0, 2, 4, 5]
4102200#[1, 3, 4]
2021400#[0, 2, 3]
1202202#[0, 1, 3, 4, 6]
2013201#[0, 2, 4, 6]
2103300#[0, 1, 2, 3, 4, 5, 6]
301101#[3, 4, 6]
301110#[3, 4, 5]
1022013#[0, 2, 3, 5]
1030203#[0, 1, 2, 3, 4, 5, 6]
301104#[3, 4]
1022010#[0, 2, 3, 5]
3201030#[0, 1, 2, 3, 4, 5, 6]
1030200#[0, 1, 2, 3, 4, 5, 6]
211002#[1, 2, 3, 6]
1022004#[0, 2, 3]
301113#[3, 4, 5]
1202220#[0, 1, 3, 4, 5]
1022001#[0, 2, 3, 6]
1120302#[0, 1, 2, 6]
1022031#[0, 2, 3, 6]
14400#[2]
2300001#[0, 1, 2, 3, 4, 5, 6]
1030221#[0, 4, 5, 6]
301122#[3, 4, 5, 6]
2300004#[0, 1, 2, 3, 4, 5]
2300010#[0, 1, 2, 3, 4, 5, 6]
1022022#[0, 2, 3, 5, 6]
1030212#[0, 4, 5, 6]
211023#[1, 2, 3, 5]
2300013#[0, 1, 2, 3, 4, 5, 6]
301131#[3, 4, 6]
211020#[1, 2, 3, 5]
3201120#[1, 3, 4, 5]
301140#[3, 4]
1120320#[0, 1, 2, 5]
2300022#[0, 1, 2, 3, 4, 5, 6]
1022040#[0, 2, 3]
1030230#[0, 1, 2, 3, 4, 5, 6]
3111030#[1, 2, 3]
211032#[1, 2, 3, 6]
2300031#[0, 1, 2, 3, 4, 5, 6]
2013300#[0, 1, 2, 3, 4, 5, 6]
1202301#[0, 1, 3, 6]
4020300#[1, 2, 3, 4, 5, 6]
3111003#[1, 2, 3]
3111000#[1, 2, 3]
3201102#[1, 3, 4, 6]
3201201#[1, 3, 4, 6]
3201210#[1, 3, 4, 5]
1104030#[0, 1]
1104000#[0, 1]
1030302#[0, 1, 2, 3, 4, 5, 6]
1104003#[0, 1]
1202310#[0, 1, 3, 5]
301200#[0, 1, 2, 3, 4, 5, 6]
4012200#[2, 3, 4]
4004010#[5]
301203#[0, 1, 2, 3, 4, 5, 6]
301212#[3, 4, 5, 6]
1022103#[0, 2, 3, 4]
1022100#[0, 2, 3, 4]
4004001#[6]
301221#[3, 4, 5, 6]
1030311#[0, 5, 6]
301230#[0, 1, 2, 3, 4, 5, 6]
2300040#[0, 1, 2, 3, 4, 6]
121002#[1, 2, 3, 6]
121020#[1, 2, 3, 5]
1022130#[0, 2, 3, 4]
121023#[1, 2, 3, 5]
1030320#[0, 1, 2, 3, 4, 5, 6]
2300130#[0, 1, 2, 3, 4, 5, 6]
2210022#[0, 1, 2, 5, 6]
3021030#[0, 1, 2, 3, 4, 5, 6]
121032#[1, 2, 3, 6]
2210031#[0, 1, 2, 6]
2210040#[0, 1, 2]
2300103#[0, 1, 2, 3, 4, 5, 6]
3021003#[0, 1, 2, 3, 4, 5, 6]
3021000#[0, 1, 2, 3, 4, 5, 6]
2300100#[0, 1, 2, 3, 4, 5, 6]
2210001#[0, 1, 2, 6]
301302#[0, 1, 2, 3, 4, 5, 6]
1202400#[0, 1, 3]
3021021#[2, 3, 5, 6]
2300112#[0, 4, 5, 6]
1022202#[0, 2, 3, 4, 6]
2210004#[0, 1, 2]
203001#[0, 1, 2, 3, 4, 5, 6]
2300121#[0, 4, 5, 6]
3021012#[2, 3, 5, 6]
2210010#[0, 1, 2, 5]
301311#[3, 5, 6]
1014003#[0, 2]
2210013#[0, 1, 2, 5]
1014000#[0, 2]
203004#[0, 1, 2, 3, 4, 5]
211203#[1, 2, 3, 4]
3021102#[2, 3, 4, 6]
1014030#[0, 2]
203010#[0, 1, 2, 3, 4, 5, 6]
1022220#[0, 2, 3, 4, 5]
3103020#[0, 1, 2, 3, 4, 5, 6]
211200#[1, 2, 3, 4]
1030410#[0, 5]
203013#[0, 1, 2, 3, 4, 5, 6]
2300202#[0, 1, 2, 3, 4, 5, 6]
301320#[0, 1, 2, 3, 4, 5, 6]
3103011#[1, 5, 6]
203022#[0, 1, 2, 3, 4, 5, 6]
1030401#[0, 6]
2300211#[0, 4, 5, 6]
203031#[0, 1, 2, 3, 4, 5, 6]
2210100#[0, 1, 2, 4]
1440000#[0]
2210103#[0, 1, 2, 4]
31002#[0, 1, 2, 3, 4, 5, 6]
211230#[1, 2, 3, 4]
2300220#[0, 1, 2, 3, 4, 5, 6]
203040#[0, 1, 2, 3, 4, 6]
31011#[3, 5, 6]
3201300#[0, 1, 2, 3, 4, 5, 6]
31014#[3, 5]
31020#[0, 1, 2, 3, 4, 5, 6]
31023#[0, 1, 2, 3, 4, 5, 6]
3103002#[0, 1, 2, 3, 4, 5, 6]
31032#[0, 1, 2, 3, 4, 5, 6]
4004100#[4]
31041#[3, 6]
2120040#[0, 1, 2]
3103101#[1, 4, 6]
1022301#[0, 2, 3, 6]
203103#[0, 1, 2, 3, 4, 5, 6]
301401#[3, 6]
203100#[0, 1, 2, 3, 4, 5, 6]
2120001#[0, 1, 2, 6]
2120004#[0, 1, 2]
211302#[1, 2, 3, 6]
301410#[3, 5]
113001#[1, 2, 6]
1022310#[0, 2, 3, 5]
2120010#[0, 1, 2, 5]
203112#[1, 4, 5, 6]
113004#[1, 2]
2120013#[0, 1, 2, 5]
3021120#[2, 3, 4, 5]
121200#[1, 2, 3, 4]
121203#[1, 2, 3, 4]
203121#[1, 4, 5, 6]
113010#[1, 2, 5]
2210130#[0, 1, 2, 4]
113013#[1, 2, 5]
2120022#[0, 1, 2, 5, 6]
203130#[0, 1, 2, 3, 4, 5, 6]
211320#[1, 2, 3, 5]
31101#[3, 4, 6]
113022#[1, 2, 5, 6]
2120031#[0, 1, 2, 6]
31104#[3, 4]
2120100#[0, 1, 2, 4]
2202021#[0, 1, 3, 5, 6]
113031#[1, 2, 6]
31110#[3, 4, 5]
2120103#[0, 1, 2, 4]
31113#[3, 4, 5]
2210220#[0, 1, 2, 4, 5]
121230#[1, 2, 3, 4]
2202030#[0, 1, 2, 3, 4, 5, 6]
113040#[1, 2]
31122#[3, 4, 5, 6]
31131#[3, 4, 6]
2030013#[0, 1, 2, 3, 4, 5, 6]
2030010#[0, 1, 2, 3, 4, 5, 6]
31140#[3, 4]
3013002#[0, 1, 2, 3, 4, 5, 6]
3103110#[1, 4, 5]
2030004#[0, 1, 2, 3, 4, 5]
3111300#[1, 2, 3]
2300301#[0, 1, 2, 3, 4, 5, 6]
2030001#[0, 1, 2, 3, 4, 5, 6]
2202000#[0, 1, 2, 3, 4, 5, 6]
3013020#[0, 1, 2, 3, 4, 5, 6]
2202003#[0, 1, 2, 3, 4, 5, 6]
3021210#[2, 3, 4, 5]
2300310#[0, 1, 2, 3, 4, 5, 6]
2210202#[0, 1, 2, 4, 6]
1104300#[0, 1]
2202012#[0, 1, 3, 5, 6]
3013011#[2, 5, 6]
3021201#[2, 3, 4, 6]
3013101#[2, 4, 6]
203202#[0, 1, 2, 3, 4, 5, 6]
2030040#[0, 1, 2, 3, 4, 6]
203211#[1, 4, 5, 6]
113100#[1, 2, 4]
113103#[1, 2, 4]
3103200#[0, 1, 2, 3, 4, 5, 6]
1022400#[0, 2, 3]
2030031#[0, 1, 2, 3, 4, 5, 6]
2300400#[0, 1, 2, 3, 5, 6]
203220#[0, 1, 2, 3, 4, 5, 6]
121302#[1, 2, 3, 6]
2202102#[0, 1, 3, 4, 6]
2030022#[0, 1, 2, 3, 4, 5, 6]
23001#[0, 1, 2, 3, 4, 5, 6]
3021300#[0, 1, 2, 3, 4, 5, 6]
3013110#[2, 4, 5]
23004#[0, 1, 2, 3, 4, 5]
2210301#[0, 1, 2, 6]
31200#[0, 1, 2, 3, 4, 5, 6]
2120130#[0, 1, 2, 4]
23010#[0, 1, 2, 3, 4, 5, 6]
31203#[0, 1, 2, 3, 4, 5, 6]
23013#[0, 1, 2, 3, 4, 5, 6]
121320#[1, 2, 3, 5]
113130#[1, 2, 4]
31212#[3, 4, 5, 6]
23022#[0, 1, 2, 3, 4, 5, 6]
31221#[3, 4, 5, 6]
23031#[0, 1, 2, 3, 4, 5, 6]
31230#[0, 1, 2, 3, 4, 5, 6]
23040#[0, 1, 2, 3, 4, 6]
1301010#[0, 3, 5]
1301013#[0, 3, 5]
2030103#[0, 1, 2, 3, 4, 5, 6]
2030100#[0, 1, 2, 3, 4, 5, 6]
1301022#[0, 3, 5, 6]
1014300#[0, 2]
1301001#[0, 3, 6]
1301004#[0, 3]
2112000#[0, 1, 2, 3]
2112003#[0, 1, 2, 3]
1301040#[0, 3]
203301#[0, 1, 2, 3, 4, 5, 6]
2210310#[0, 1, 2, 5]
2202120#[0, 1, 3, 4, 5]
2120202#[0, 1, 2, 4, 6]
2030130#[0, 1, 2, 3, 4, 5, 6]
203310#[0, 1, 2, 3, 4, 5, 6]
113202#[1, 2, 4, 6]
1301031#[0, 3, 6]
2030121#[0, 4, 5, 6]
2120220#[0, 1, 2, 4, 5]
23100#[0, 1, 2, 3, 4, 5, 6]
2112030#[0, 1, 2, 3]
2030112#[0, 4, 5, 6]
23103#[0, 1, 2, 3, 4, 5, 6]
2210400#[0, 1, 2]
2202210#[0, 1, 3, 4, 5]
113220#[1, 2, 4, 5]
31302#[0, 1, 2, 3, 4, 5, 6]
23112#[2, 4, 5, 6]
2120301#[0, 1, 2, 6]
31311#[3, 5, 6]
23121#[2, 4, 5, 6]
2120310#[0, 1, 2, 5]
31320#[0, 1, 2, 3, 4, 5, 6]
23130#[0, 1, 2, 3, 4, 5, 6]
2022012#[0, 2, 3, 5, 6]
2030202#[0, 1, 2, 3, 4, 5, 6]
4201002#[1, 3, 6]
2022003#[0, 1, 2, 3, 4, 5, 6]
2022000#[0, 1, 2, 3, 4, 5, 6]
2202201#[0, 1, 3, 4, 6]
4201020#[1, 3, 5]
1301103#[0, 3, 4]
3013200#[0, 1, 2, 3, 4, 5, 6]
1301100#[0, 3, 4]
400002#[0, 2, 3, 4, 5, 6]
3300021#[0, 1, 2, 3, 4, 5, 6]
400014#[5]
203400#[0, 1, 2, 3, 5, 6]
3300030#[0, 1, 2, 3, 4, 5, 6]
400011#[5, 6]
2022030#[0, 1, 2, 3, 4, 5, 6]
3300003#[0, 1, 2, 3, 4, 5, 6]
400023#[0, 2, 3, 4, 5, 6]
2030220#[0, 1, 2, 3, 4, 5, 6]
3300000#[0, 1, 2, 3, 4, 5, 6]
400020#[0, 2, 3, 4, 5, 6]
113301#[1, 2, 6]
1301130#[0, 3, 4]
2022021#[0, 2, 3, 5, 6]
2202300#[0, 1, 2, 3, 4, 5, 6]
2030211#[0, 4, 5, 6]
3300012#[0, 1, 2, 3, 4, 5, 6]
113310#[1, 2, 5]
23202#[0, 1, 2, 3, 4, 5, 6]
400032#[0, 2, 3, 4, 5, 6]
31401#[3, 6]
23211#[2, 4, 5, 6]
441000#[3]
400041#[6]
4201200#[1, 3, 4]
31410#[3, 5]
23220#[0, 1, 2, 3, 4, 5, 6]
1301202#[0, 3, 4, 6]
2030301#[0, 1, 2, 3, 4, 5, 6]
2022102#[0, 2, 3, 4, 6]
2104002#[0, 1, 6]
400101#[4, 6]
400110#[4, 5]
400104#[4]
2120400#[0, 1, 2]
2104020#[0, 1, 5]
310002#[0, 1, 2, 3, 4, 5, 6]
2022120#[0, 2, 3, 4, 5]
1301220#[0, 3, 4, 5]
400113#[4, 5]
2030310#[0, 1, 2, 3, 4, 5, 6]
113400#[1, 2]
310014#[2, 5]
400122#[4, 5, 6]
310011#[2, 5, 6]
310020#[0, 1, 2, 3, 4, 5, 6]
310023#[0, 1, 2, 3, 4, 5, 6]
23301#[0, 1, 2, 3, 4, 5, 6]
400131#[4, 6]
400140#[4]
2112300#[0, 1, 2, 3]
23310#[0, 1, 2, 3, 4, 5, 6]
310032#[0, 1, 2, 3, 4, 5, 6]
3210021#[1, 2, 5, 6]
310041#[2, 6]
3210030#[0, 1, 2, 3, 4, 5, 6]
3210000#[0, 1, 2, 3, 4, 5, 6]
4021020#[2, 3, 5]
3210003#[0, 1, 2, 3, 4, 5, 6]
1301301#[0, 3, 6]
2022201#[0, 2, 3, 4, 6]
1203003#[0, 1, 2, 3, 4, 5, 6]
3300120#[0, 1, 2, 3, 4, 5, 6]
1203000#[0, 1, 2, 3, 4, 5, 6]
3210012#[1, 2, 5, 6]
2014002#[0, 2, 6]
1301310#[0, 3, 5]
3300102#[0, 1, 2, 3, 4, 5, 6]
4021002#[2, 3, 6]
3300111#[4, 5, 6]
3300210#[0, 1, 2, 3, 4, 5, 6]
1203030#[0, 1, 2, 3, 4, 5, 6]
3210102#[1, 2, 4, 6]
400203#[0, 2, 3, 4, 5, 6]
400200#[0, 2, 3, 4, 5, 6]
310101#[2, 4, 6]
400212#[4, 5, 6]
1031004#[0, 3]
1203012#[0, 1, 5, 6]
1031001#[0, 3, 6]
2014020#[0, 2, 5]
310110#[2, 4, 5]
3300201#[0, 1, 2, 3, 4, 5, 6]
400221#[4, 5, 6]
4103010#[1, 5]
2022210#[0, 2, 3, 4, 5]
310104#[2, 4]
2030400#[0, 1, 2, 3, 5, 6]
1203021#[0, 1, 5, 6]
400230#[0, 2, 3, 4, 5, 6]
220002#[0, 1, 2, 3, 4, 5, 6]
1031022#[0, 3, 5, 6]
310113#[2, 4, 5]
4103001#[1, 6]
23400#[0, 1, 2, 3, 5, 6]
220011#[1, 2, 5, 6]
1031013#[0, 3, 5]
220014#[1, 2, 5]
1031010#[0, 3, 5]
310122#[2, 4, 5, 6]
220023#[0, 1, 2, 3, 4, 5, 6]
220020#[0, 1, 2, 3, 4, 5, 6]
310131#[2, 4, 6]
310140#[2, 4]
1031031#[0, 3, 6]
4103100#[1, 4]
2022300#[0, 1, 2, 3, 4, 5, 6]
220032#[0, 1, 2, 3, 4, 5, 6]
220041#[1, 2, 6]
1301400#[0, 3]
1203102#[0, 1, 4, 6]
1031040#[0, 3]
1203120#[0, 1, 4, 5]
3120012#[1, 2, 5, 6]
2104200#[0, 1, 4]
400302#[0, 2, 3, 4, 5, 6]
3120003#[0, 1, 2, 3, 4, 5, 6]
3120000#[0, 1, 2, 3, 4, 5, 6]
302004#[0, 1, 2, 3, 4, 5]
1031103#[0, 3, 4]
3120030#[0, 1, 2, 3, 4, 5, 6]
400311#[5, 6]
1031100#[0, 3, 4]
302001#[0, 1, 2, 3, 4, 5, 6]
3210120#[1, 2, 4, 5]
1113000#[0, 1, 2]
302013#[0, 1, 2, 3, 4, 5, 6]
3120021#[1, 2, 5, 6]
1113003#[0, 1, 2]
310200#[0, 1, 2, 3, 4, 5, 6]
302010#[0, 1, 2, 3, 4, 5, 6]
310203#[0, 1, 2, 3, 4, 5, 6]
310212#[2, 4, 5, 6]
302022#[0, 1, 2, 3, 4, 5, 6]
220101#[1, 2, 4, 6]
400320#[0, 2, 3, 4, 5, 6]
3120102#[1, 2, 4, 6]
310221#[2, 4, 5, 6]
302031#[0, 1, 2, 3, 4, 5, 6]
220104#[1, 2, 4]
220110#[1, 2, 4, 5]
310230#[0, 1, 2, 3, 4, 5, 6]
220113#[1, 2, 4, 5]
3210210#[1, 2, 4, 5]
3030012#[0, 1, 2, 3, 4, 5, 6]
130002#[0, 1, 2, 3, 4, 5, 6]
3202020#[0, 1, 2, 3, 4, 5, 6]
1031130#[0, 3, 4]
1113030#[0, 1, 2]
3120120#[1, 2, 4, 5]
220122#[1, 2, 4, 5, 6]
130011#[1, 5, 6]
302040#[0, 1, 2, 3, 4, 6]
3030003#[0, 1, 2, 3, 4, 5, 6]
3030000#[0, 1, 2, 3, 4, 5, 6]
130014#[1, 5]
220131#[1, 2, 4, 6]
3202002#[0, 1, 2, 3, 4, 5, 6]
130020#[0, 1, 2, 3, 4, 5, 6]
130023#[0, 1, 2, 3, 4, 5, 6]
2014200#[0, 2, 4]
3210201#[1, 2, 4, 6]
3202011#[1, 3, 5, 6]
4021200#[2, 3, 4]
220140#[1, 2, 4]
4013010#[2, 5]
130032#[0, 1, 2, 3, 4, 5, 6]
4013001#[2, 6]
130041#[1, 6]
3300300#[0, 1, 2, 3, 4, 5, 6]
3202101#[1, 3, 4, 6]
3210300#[0, 1, 2, 3, 4, 5, 6]
3202110#[1, 3, 4, 5]
302100#[0, 1, 2, 3, 4, 5, 6]
4013100#[2, 4]
302103#[0, 1, 2, 3, 4, 5, 6]
1203201#[0, 1, 4, 6]
1023003#[0, 1, 2, 3, 4, 5, 6]
1023000#[0, 1, 2, 3, 4, 5, 6]
400401#[6]
1203210#[0, 1, 4, 5]
310302#[0, 1, 2, 3, 4, 5, 6]
400410#[5]
3030030#[0, 1, 2, 3, 4, 5, 6]
212001#[1, 2, 3, 6]
1023021#[0, 2, 5, 6]
310311#[2, 5, 6]
302112#[3, 4, 5, 6]
212004#[1, 2, 3]
220203#[0, 1, 2, 3, 4, 5, 6]
212010#[1, 2, 3, 5]
220200#[0, 1, 2, 3, 4, 5, 6]
3030021#[0, 1, 2, 3, 4, 5, 6]
1023012#[0, 2, 5, 6]
1031202#[0, 3, 4, 6]
302121#[3, 4, 5, 6]
212013#[1, 2, 3, 5]
310320#[0, 1, 2, 3, 4, 5, 6]
130101#[1, 4, 6]
212022#[1, 2, 3, 5, 6]
302130#[0, 1, 2, 3, 4, 5, 6]
220212#[1, 2, 4, 5, 6]
1023030#[0, 1, 2, 3, 4, 5, 6]
130104#[1, 4]
1031220#[0, 3, 4, 5]
212031#[1, 2, 3, 6]
220221#[1, 2, 4, 5, 6]
130110#[1, 4, 5]
130113#[1, 4, 5]
40002#[0, 1, 3, 4, 5, 6]
220230#[0, 1, 2, 3, 4, 5, 6]
2301030#[0, 1, 2, 3, 4, 5, 6]
3030120#[0, 1, 2, 3, 4, 5, 6]
212040#[1, 2, 3]
130122#[1, 4, 5, 6]
40011#[5, 6]
40014#[5]
130131#[1, 4, 6]
40020#[0, 1, 3, 4, 5, 6]
40023#[0, 1, 3, 4, 5, 6]
130140#[1, 4]
40032#[0, 1, 3, 4, 5, 6]
3120201#[1, 2, 4, 6]
2301003#[0, 1, 2, 3, 4, 5, 6]
40041#[6]
2301000#[0, 1, 2, 3, 4, 5, 6]
3112002#[1, 2, 3, 6]
1023102#[0, 2, 4, 6]
3030111#[4, 5, 6]
1203300#[0, 1, 2, 3, 4, 5, 6]
2301012#[0, 3, 5, 6]
3030102#[0, 1, 2, 3, 4, 5, 6]
3112020#[1, 2, 3, 5]
3120210#[1, 2, 4, 5]
302202#[0, 1, 2, 3, 4, 5, 6]
2301021#[0, 3, 5, 6]
1031310#[0, 3, 5]
3120300#[0, 1, 2, 3, 4, 5, 6]
212103#[1, 2, 3, 4]
310401#[2, 6]
212100#[1, 2, 3, 4]
302211#[3, 4, 5, 6]
302220#[0, 1, 2, 3, 4, 5, 6]
1031301#[0, 3, 6]
220302#[0, 1, 2, 3, 4, 5, 6]
2301102#[0, 3, 4, 6]
310410#[2, 5]
122001#[1, 2, 3, 6]
220311#[1, 2, 5, 6]
122004#[1, 2, 3]
3022011#[2, 3, 5, 6]
3030201#[0, 1, 2, 3, 4, 5, 6]
2211000#[0, 1, 2, 3]
130200#[0, 1, 2, 3, 4, 5, 6]
130203#[0, 1, 2, 3, 4, 5, 6]
2211003#[0, 1, 2, 3]
122010#[1, 2, 3, 5]
122013#[1, 2, 3, 5]
3022002#[0, 1, 2, 3, 4, 5, 6]
1023120#[0, 2, 4, 5]
212130#[1, 2, 3, 4]
4300002#[1, 2, 3, 4, 5, 6]
220320#[0, 1, 2, 3, 4, 5, 6]
130212#[1, 4, 5, 6]
40101#[4, 6]
122022#[1, 2, 3, 5, 6]
3202200#[0, 1, 2, 3, 4, 5, 6]
40104#[4]
4300011#[5, 6]
130221#[1, 4, 5, 6]
122031#[1, 2, 3, 6]
40110#[4, 5]
40113#[4, 5]
4300020#[1, 2, 3, 4, 5, 6]
130230#[0, 1, 2, 3, 4, 5, 6]
122040#[1, 2, 3]
40122#[4, 5, 6]
1400022#[0, 5, 6]
40131#[4, 6]
1113300#[0, 1, 2]
1400031#[0, 6]
40140#[4]
1400004#[0]
1400001#[0, 6]
1400013#[0, 5]
302301#[0, 1, 2, 3, 4, 5, 6]
1400010#[0, 5]
204003#[0, 1, 2, 4, 5, 6]
302310#[0, 1, 2, 3, 4, 5, 6]
2301120#[0, 3, 4, 5]
204000#[0, 1, 2, 4, 5, 6]
1023210#[0, 2, 4, 5]
1031400#[0, 3]
212202#[1, 2, 3, 4, 6]
3022020#[0, 1, 2, 3, 4, 5, 6]
3030210#[0, 1, 2, 3, 4, 5, 6]
1023201#[0, 2, 4, 6]
204012#[1, 5, 6]
220401#[1, 2, 6]
122100#[1, 2, 3, 4]
122103#[1, 2, 3, 4]
204021#[1, 5, 6]
2211030#[0, 1, 2, 3]
220410#[1, 2, 5]
204030#[0, 1, 2, 4, 5, 6]
1400040#[0]
130302#[0, 1, 2, 3, 4, 5, 6]
212220#[1, 2, 3, 4, 5]
32001#[0, 1, 2, 3, 4, 5, 6]
32004#[0, 1, 2, 3, 4, 5]
4300101#[4, 6]
130311#[1, 5, 6]
40200#[0, 1, 3, 4, 5, 6]
2121000#[0, 1, 2, 3]
32010#[0, 1, 2, 3, 4, 5, 6]
40203#[0, 1, 3, 4, 5, 6]
2121003#[0, 1, 2, 3]
32013#[0, 1, 2, 3, 4, 5, 6]
4300110#[4, 5]
130320#[0, 1, 2, 3, 4, 5, 6]
4210002#[1, 2, 6]
122130#[1, 2, 3, 4]
40212#[4, 5, 6]
32022#[0, 1, 2, 3, 4, 5, 6]
40221#[4, 5, 6]
32031#[0, 1, 2, 3, 4, 5, 6]
1310001#[0, 2, 6]
4210020#[1, 2, 5]
3104010#[1, 5]
40230#[0, 1, 3, 4, 5, 6]
3112200#[1, 2, 3, 4]
1310004#[0, 2]
32040#[0, 1, 2, 3, 4, 6]
1310010#[0, 2, 5]
3104001#[1, 6]
1310013#[0, 2, 5]
3022110#[2, 3, 4, 5]
1400100#[0, 4]
2301201#[0, 3, 4, 6]
3030300#[0, 1, 2, 3, 4, 5, 6]
1400103#[0, 4]
2301210#[0, 3, 4, 5]
3022101#[2, 3, 4, 6]
302400#[0, 1, 2, 3, 5, 6]
204102#[1, 4, 6]
1023300#[0, 1, 2, 3, 4, 5, 6]
3104100#[1, 4]
1310040#[0, 2]
212301#[1, 2, 3, 6]
114000#[1, 2]
114003#[1, 2]
212310#[1, 2, 3, 5]
1310022#[0, 2, 5, 6]
3022200#[0, 1, 2, 3, 4, 5, 6]
2301300#[0, 1, 2, 3, 4, 5, 6]
3014010#[2, 5]
1400130#[0, 4]
2203002#[0, 1, 2, 3, 4, 5, 6]
122202#[1, 2, 3, 4, 6]
204120#[1, 4, 5]
1310031#[0, 2, 6]
3014001#[2, 6]
130401#[1, 6]
32100#[0, 1, 2, 3, 4, 5, 6]
2121030#[0, 1, 2, 3]
32103#[0, 1, 2, 3, 4, 5, 6]
130410#[1, 5]
122220#[1, 2, 3, 4, 5]
40302#[0, 1, 3, 4, 5, 6]
114030#[1, 2]
32112#[3, 4, 5, 6]
40311#[5, 6]
32121#[3, 4, 5, 6]
40320#[0, 1, 3, 4, 5, 6]
32130#[0, 1, 2, 3, 4, 5, 6]
1310103#[0, 2, 4]
2031003#[0, 1, 2, 3, 4, 5, 6]
2031000#[0, 1, 2, 3, 4, 5, 6]
1310100#[0, 2, 4]
1400220#[0, 4, 5]
1400202#[0, 4, 6]
1310130#[0, 2, 4]
2203011#[0, 1, 5, 6]
1220022#[0, 1, 2, 5, 6]
2031030#[0, 1, 2, 3, 4, 5, 6]
204201#[1, 4, 6]
2203020#[0, 1, 2, 3, 4, 5, 6]
1220031#[0, 1, 2, 6]
204210#[1, 4, 5]
2031021#[0, 3, 5, 6]
212400#[1, 2, 3]
1220001#[0, 1, 2, 6]
1220004#[0, 1, 2]
1220010#[0, 1, 2, 5]
2031012#[0, 3, 5, 6]
122301#[1, 2, 3, 6]
1220013#[0, 1, 2, 5]
24000#[0, 1, 2, 4, 5, 6]
24003#[0, 1, 2, 4, 5, 6]
2211300#[0, 1, 2, 3]
2203110#[0, 1, 4, 5]
122310#[1, 2, 3, 5]
32202#[0, 1, 2, 3, 4, 5, 6]
2113002#[0, 1, 2, 6]
24012#[2, 5, 6]
40401#[6]
32211#[3, 4, 5, 6]
24021#[2, 5, 6]
1220040#[0, 1, 2]
40410#[5]
32220#[0, 1, 2, 3, 4, 5, 6]
2113020#[0, 1, 2, 5]
24030#[0, 1, 2, 4, 5, 6]
1302003#[0, 1, 2, 3, 4, 5, 6]
2031102#[0, 3, 4, 6]
1400310#[0, 5]
1302000#[0, 1, 2, 3, 4, 5, 6]
1310202#[0, 2, 4, 6]
4300200#[1, 2, 3, 4, 5, 6]
4120020#[1, 2, 5]
1302012#[0, 3, 5, 6]
1400301#[0, 6]
3014100#[2, 4]
2203101#[0, 1, 4, 6]
4120002#[1, 2, 6]
1130001#[0, 1, 6]
1130004#[0, 1]
4030011#[5, 6]
1130010#[0, 1, 5]
1130013#[0, 1, 5]
2031120#[0, 3, 4, 5]
204300#[0, 1, 2, 4, 5, 6]
4030002#[1, 2, 3, 4, 5, 6]
1220103#[0, 1, 2, 4]
1220100#[0, 1, 2, 4]
1302021#[0, 3, 5, 6]
1302030#[0, 1, 2, 3, 4, 5, 6]
1310220#[0, 2, 4, 5]
122400#[1, 2, 3]
24102#[2, 4, 6]
1130040#[0, 1]
32301#[0, 1, 2, 3, 4, 5, 6]
1220130#[0, 1, 2, 4]
4202100#[1, 3, 4]
32310#[0, 1, 2, 3, 4, 5, 6]
1130022#[0, 1, 5, 6]
24120#[2, 4, 5]
1130031#[0, 1, 6]
2023002#[0, 1, 2, 3, 4, 5, 6]
1400400#[0]
1302102#[0, 3, 4, 6]
1310301#[0, 2, 6]
4202001#[1, 3, 6]
4210200#[1, 2, 4]
4202010#[1, 3, 5]
2203200#[0, 1, 2, 3, 4, 5, 6]
1130100#[0, 1, 4]
1130103#[0, 1, 4]
401004#[3]
1212030#[0, 1, 2, 3]
1220220#[0, 1, 2, 4, 5]
401001#[3, 6]
1212003#[0, 1, 2, 3]
1212000#[0, 1, 2, 3]
2023020#[0, 1, 2, 3, 4, 5, 6]
401013#[3, 5]
2031210#[0, 3, 4, 5]
2121300#[0, 1, 2, 3]
401010#[3, 5]
1310310#[0, 2, 5]
1220202#[0, 1, 2, 4, 6]
401022#[3, 5, 6]
4030020#[1, 2, 3, 4, 5, 6]
1302120#[0, 3, 4, 5]
2023011#[0, 2, 5, 6]
114300#[1, 2]
2031201#[0, 3, 4, 6]
401031#[3, 6]
1040013#[0, 5]
1130130#[0, 1, 4]
1040010#[0, 5]
24201#[2, 4, 6]
1040004#[0]
1040001#[0, 6]
1040031#[0, 6]
32400#[0, 1, 2, 3, 5, 6]
2113200#[0, 1, 2, 4]
24210#[2, 4, 5]
401040#[3]
1040022#[0, 5, 6]
3301011#[3, 5, 6]
2023101#[0, 2, 4, 6]
4030110#[4, 5]
1040040#[0]
4030101#[4, 6]
1302201#[0, 3, 4, 6]
3301020#[0, 1, 2, 3, 4, 5, 6]
4120200#[1, 2, 4]
3301002#[0, 1, 2, 3, 4, 5, 6]
1122000#[0, 1, 2, 3]
1122003#[0, 1, 2, 3]
1220310#[0, 1, 2, 5]
3301110#[3, 4, 5]
4030200#[1, 2, 3, 4, 5, 6]
4022010#[2, 3, 5]
401103#[3, 4]
401100#[3, 4]
3211002#[1, 2, 3, 6]
1130202#[0, 1, 4, 6]
4022001#[2, 3, 6]
1302210#[0, 3, 4, 5]
1310400#[0, 2]
2023110#[0, 2, 4, 5]
311004#[2, 3]
2031300#[0, 1, 2, 3, 4, 5, 6]
311001#[2, 3, 6]
1220301#[0, 1, 2, 6]
3301101#[3, 4, 6]
311013#[2, 3, 5]
311010#[2, 3, 5]
1040103#[0, 4]
311022#[2, 3, 5, 6]
1040100#[0, 4]
24300#[0, 1, 2, 4, 5, 6]
401130#[3, 4]
311031#[2, 3, 6]
1130220#[0, 1, 4, 5]
1122030#[0, 1, 2, 3]
311040#[2, 3]
1040130#[0, 4]
1302300#[0, 1, 2, 3, 4, 5, 6]
1220400#[0, 1, 2]
2400000#[0, 2, 3, 4, 5, 6]
1204020#[0, 1, 5]
2400003#[0, 2, 3, 4, 5, 6]
2400012#[0, 5, 6]
1130301#[0, 1, 6]
1204002#[0, 1, 6]
2400021#[0, 5, 6]
401202#[3, 4, 6]
311100#[2, 3, 4]
2400030#[0, 2, 3, 4, 5, 6]
311103#[2, 3, 4]
3211020#[1, 2, 3, 5]
2023200#[0, 1, 2, 3, 4, 5, 6]
2400102#[0, 4, 6]
401220#[3, 4, 5]
1032012#[0, 3, 5, 6]
1040202#[0, 4, 6]
3121002#[1, 2, 3, 6]
221001#[1, 2, 3, 6]
1032003#[0, 1, 2, 3, 4, 5, 6]
1032000#[0, 1, 2, 3, 4, 5, 6]
221004#[1, 2, 3]
2310003#[0, 1, 2, 3, 4, 5, 6]
1032030#[0, 1, 2, 3, 4, 5, 6]
221010#[1, 2, 3, 5]
2310000#[0, 1, 2, 3, 4, 5, 6]
1040220#[0, 4, 5]
3121020#[1, 2, 3, 5]
221013#[1, 2, 3, 5]
1130310#[0, 1, 5]
1032021#[0, 3, 5, 6]
2400120#[0, 4, 5]
221022#[1, 2, 3, 5, 6]
311130#[2, 3, 4]
2310012#[0, 2, 5, 6]
3301200#[0, 1, 2, 3, 4, 5, 6]
221031#[1, 2, 3, 6]
4022100#[2, 3, 4]
221040#[1, 2, 3]
4104000#[1]
3203001#[0, 1, 2, 3, 4, 5, 6]
4014000#[2]
401301#[3, 6]
401310#[3, 5]
303000#[0, 1, 2, 3, 4, 5, 6]
1212300#[0, 1, 2, 3]
303003#[0, 1, 2, 3, 4, 5, 6]
303012#[0, 1, 2, 3, 4, 5, 6]
1040301#[0, 6]
311202#[2, 3, 4, 6]
2310021#[0, 2, 5, 6]
1032102#[0, 3, 4, 6]
303021#[0, 1, 2, 3, 4, 5, 6]
221103#[1, 2, 3, 4]
2310030#[0, 1, 2, 3, 4, 5, 6]
221100#[1, 2, 3, 4]
311220#[2, 3, 4, 5]
1130400#[0, 1]
303030#[0, 1, 2, 3, 4, 5, 6]
1032120#[0, 3, 4, 5]
131001#[1, 3, 6]
1040310#[0, 5]
131004#[1, 3]
2220000#[0, 1, 2, 3, 4, 5, 6]
2220003#[0, 1, 2, 3, 4, 5, 6]
3031020#[0, 1, 2, 3, 4, 5, 6]
131010#[1, 3, 5]
131013#[1, 3, 5]
221130#[1, 2, 3, 4]
2310120#[0, 2, 4, 5]
2220012#[0, 1, 2, 5, 6]
3031011#[3, 5, 6]
131022#[1, 3, 5, 6]
2220021#[0, 1, 2, 5, 6]
131031#[1, 3, 6]
2220030#[0, 1, 2, 3, 4, 5, 6]
131040#[1, 3]
2400201#[0, 4, 6]
1122300#[0, 1, 2, 3]
3211200#[1, 2, 3, 4]
3203010#[0, 1, 2, 3, 4, 5, 6]
3031002#[0, 1, 2, 3, 4, 5, 6]
2310102#[0, 2, 4, 6]
2400210#[0, 4, 5]
303102#[0, 1, 2, 3, 4, 5, 6]
1204200#[0, 1, 4]
401400#[3]
