1
4
210000001
1030
10
110100100
13
210000010
10110100
11001001
10021000
110010010
11001010
22
31000000
3100
31
110010001
20000020
100000210
40
10020010
20000002
2101
100120000
11002000
10020001
20000011
211000
10300
100000201
101011000
2110
300100
40000
101100100
300100000
1110100
100001200
1021000
2002000
1102
210001
20000101
101010001
1111
210010
200110000
20000110
101010010
210000100
1120
40000000
100
11000002
1020010
103
10102000
2001010
11000011
1020001
112
11000020
2001001
121
110010100
20001100
10111000
130
2000020
100000120
100000102
2000011
110101000
2200
100000111
2000002
11010100
1102000
10110010
21100000
100001110
110100010
100210000
121000
201010000
10110001
200200000
110100001
301000000
101010100
1201
210100
100001101
111000100
1210
10200100
120001
100002100
1101010
202
1020100
120010
22000000
2001100
211
1101001
220
100000021
1100020
100000030
210001000
2000110
1100002
100000000
100000003
110011000
20000200
100000012
2000101
1100011
10010011
110000011
100001011
100001020
10010002
110000002
202000
1300
10100110
101002000
12100000
31000
100300000
110000020
10011010
201100000
100001002
10100101
20010001
200000200
100002001
120100
120000001
201001
20010010
101001001
120000010
301
100010200
100002010
1012000
11000200
201010
30001
310
20100100
1011001
101001010
30010
1101100
10010020
4000000
200002
110001100
120000100
10011100
20010100
101000002
200011
100003000
1011010
101000011
3100000
101000020
1010011
1100101
2000200
200020
1010002
1100110
110000110
10010110
110000101
1010020
10010101
10100200
112000
11000101
100010101
200000110
13000000
100010110
10101010
101001100
11000110
200000101
201100
400
1011100
10101001
30100
111001
10020100
100100200
101000101
111010
200101
200001100
100011100
101000110
11001100
200110
10100020
10100011
1010110
110002
1100200
10100002
110011
1010101
20001010
110020
100010020
20001001
110002000
200000011
20002000
2200000
10011001
103000000
100010002
110001001
200000002
100010011
22000
100100101
100011010
10101100
1003000
10012000
100100110
110001010
3010000
111100
200000020
21000001
200001001
10000030
21001
21000010
200200
101000200
10000021
100011001
2110000
20020000
21010
110101
10000012
1002010
100012000
1010200
10000000
200001010
10000003
100101100
220000000
1002001
110110
20002
1001002
20011
10002100
30000100
1300000
1001020
20020
102100000
120010000
200002000
1001011
30000010
100100020
1000012
30000001
11020000
10210000
1000003
111010000
10001110
1000000
110200000
1000030
211000000
100100002
10001101
103000
1000021
100100011
12001000
10000120
100101010
21001000
21100
102001
100020100
10000111
110200
102010
1002100
100101001
10000102
1210000
1001101
102010000
300000100
3001000
20101
400000
100102000
101200000
202000000
101002
20110
101011
20100001
20100010
1001110
101020
200010100
10003000
1000111
30001000
100000
100003
12010000
1000102
11200000
112000000
100012
100021
1000120
20101000
2020000
100030
10010200
10002010
110000200
13000
20011000
10002001
120001000
102100
100020001
11110000
100020010
300000001
12001
100110100
21000100
10001020
3000010
20200
200100100
12010
300000010
10001011
3000001
101101
200010010
10001002
310000
101110000
101110
200010001
11002
10300000
100021000
111100000
1001200
2100001
11011
1000201
100102
300001000
3000100
2100010
11020
100111
21010000
10000
11011000
1120000
200011000
10003
210010000
100120
10012
1000210
10021
2101000
10030000
110020000
10030
10201000
10000300
111001000
130000000
12100
100110001
200100010
200100001
100110010
101200
10200010
111000010
30010000
10200001
100200100
111000001
11101
201000100
1000300
220000
200101000
101020000
2011000
11110
100201
11100100
100111000
100210
20200000
121000000
10102
11010001
1201000
102001000
11010010
1030000
10111
20110000
2010010
120100000
10120
2010001
1200001
102000001
1200010
102000010
110110000
4000
2100100
210100000
10001200
201000010
100200010
12000001
100200001
3001
201000001
12000010
11200
3010
11100010
100030000
1111000
11100001
10000210
200020000
301000
100300
101101000
100201000
130000
10000201
2002
201001000
12000100
400000000
100000300
10201
10120000
2011
11101000
1110001
10210
2020
300001
101100001
1000
2010100
1110010
30100000
1003
101100010
300010
102000100
300010000
1012
1200100
310000000
1021
