300012000
3
11002020
21021000
11010210
213000
12
21
24
30
131100
33
11100300
112101000
41001
42
100001220
11010201
41010
11002002
11002011
201010110
102000210
100001202
110012100
201010101
100001211
11002101
201100200
11010300
112011000
210210000
11002110
102000201
300020100
20210001
102
20210010
111
2130000
20300100
114
120
123000
123
20210100
110020110
11100201
132
110020101
41100
141
41100000
300102000
100001121
11010111
11100210
11010102
201010020
100001130
201010011
201010002
100001112
203001000
201100110
102000300
201100101
100001100
100001103
1401000
300020001
110102100
201
300020010
204
210
213
222
2040000
11010120
110012010
100001040
110020200
231
210300000
33000
131000100
110012001
240
100001031
20120001
300110100
20120010
320001000
100001013
131000010
100001010
201100020
100001022
1311000
12100020
10011030
131000001
12100011
10011021
201100011
100001004
12100002
10101120
100001001
10011012
201100002
41010000
202100010
230010000
202100001
21201000
300
101001000
101001003
303
101001012
210030000
101001021
312
300200100
10101210
321
101001030
10011102
330
13001100
111110100
10101201
300110001
300110010
321000000
10011120
200002200
111020010
10011111
111020001
10101021
101001102
10101012
202100100
202010010
10101003
10101000
101001111
402
230100000
410001
1221000
21111000
411
202010001
410010
111200001
420
300200001
101001120
111200010
300200010
110004000
10101030
111200100
210120000
301011000
20300001
200002110
200010300
200002101
20300010
10011000
103000002
10011003
111110010
103000011
1131000
10101111
111110001
13001001
410100
13001010
101001201
10101102
103000020
202010100
101001210
11002200
10003101
320001
220000020
200010210
320010
200002020
101000202
101000211
220000011
101000220
220000002
200100300
111011001
30000111
30000102
200002011
30000120
200010201
111101100
200002002
10011300
10003110
100100040
1000014
100100022
1000011
110200020
30000012
100100031
30000000
30000003
1000002
110200002
100100004
402000
100100001
30000030
1000023
41001000
202002000
110200011
100100013
1000020
30000021
113100000
100100010
111011010
320100
200010120
21300000
1000041
12002001
1041000
101000301
12002010
1000032
12010200
220000110
230001
101000310
220000101
230010
200100201
301020000
12010020
410000100
200010111
200010102
200100210
1000110
10003002
12010002
1000104
1000101
12010011
10101300
1000122
12100110
12100101
1000113
40100001
12010101
1000140
312000
200010030
40100010
12010110
1000131
111101010
200010021
12100200
10011210
21210000
220000200
10003020
101000400
111101001
230100
10011201
10003011
200100111
140001
140010
200100102
410000001
200100120
130000200
200010012
200010003
410000010
200010000
20030001
301110000
1000203
11101101
110110101
1000200
20030010
201001200
110110110
1000221
11011002
320000001
40010100
20120100
320000010
110200200
1000212
11101110
20202000
110020011
13100001
1000230
130000020
110020002
13100010
222000
130000011
110020020
130000002
200100012
10200030
140100
200100000
200100003
10200021
130000110
200100030
10200012
10200003
200100021
130000101
10200000
1000302
110102001
11011020
40100100
110110200
110102010
11011011
201001110
301200000
40010001
320000100
201001101
1000311
40010010
203100000
111011100
102000021
12002100
102000030
100001400
1000320
102000000
102000003
10003200
102000012
110110002
132000
20030100
110110011
40002000
20112000
110200101
14001000
110200110
20022000
1410000
201001020
201001011
203010000
201001002
110110020
1000410
1000401
100001301
11101002
111003000
1002
100001310
113010000
102000120
102000102
1011
11101020
1014
11101011
102000111
1020
1023
320010000
110011020
201003000
112100010
10110111
1032
10200210
20211000
10110102
31000020
110011011
112100001
42000
1041
31000011
10200201
100000230
120030000
31000002
100000212
11003010
10020030
100000221
11011200
200110020
10020021
10110120
10020012
10020000
10020003
100000200
100000203
200200110
110101200
200200101
1101
1104
110011101
1320000
200110011
1110
1113
200110002
10102011
1122
10110201
201011100
110011110
10102002
1131
13010100
211020000
1140
100000131
10200300
100000140
11003100
2000031
110101011
13100100
100000113
2000022
110101020
11011110
100000122
100000101
2000013
113001000
2000010
211200000
13010001
110101002
2000004
100000110
20121000
13010010
100000104
2000001
1230000
10200120
200200011
10110012
10110003
10110000
200200002
1200
1203
10200111
11011101
2000040
201011010
11101200
200200020
1212
10200102
411000000
201011001
1221
1230
201101100
203000010
10110030
100000032
203000001
100000041
230001000
100041000
11003001
10110021
100000020
100000023
211110000
110101110
2000121
300021000
2000112
110011002
100000002
2000103
2000100
100000014
110101101
100000011
110003100
1302
2000130
1311
10102200
40200000
1320
12101010
201101010
210201000
21030000
1140000
12101001
201101001
203000100
101000004
21120000
2000220
101000001
101000013
2000211
12011001
100131000
101000010
101000022
10020300
2000202
12101100
10012110
101000031
10012101
30000300
101000040
1401
120210000
300111000
112002000
411000
30000201
10020120
1410
10020111
10110210
30000210
10102020
10020102
101000100
101000103
2000310
112100100
100221000
2000301
320100000
101000112
110003001
112010010
101000121
112010001
10102110
10110300
101000130
300201000
110003010
110011200
10102101
40110000
13002000
112010100
120120000
10020210
321000
10012020
10020201
10012011
400020000
200003100
10012002
20301000
30001101
210021000
2000400
12003000
410001000
100140000
10004100
30001110
300120000
1001004
1001001
200003010
200011200
11110020
1001022
1001013
1001010
11020011
14010000
111010011
1001031
11020002
114000000
111010002
111100110
200003001
111100101
231000
11020020
1001040
11200200
202001001
400110000
11110110
202001010
111010020
11110101
1001103
1001100
100230000
200011110
110002200
1001112
400200000
40011000
210111000
11200011
30001002
100002
1001130
11200002
100011
1001121
100014
10012200
10004010
300210000
30001020
100020
12011010
200011101
100023
20400000
10004001
30001011
200101200
11200020
100032
11200110
20310000
202001100
100041
141000
120300000
11200101
11110011
11110002
112001100
3000012
200011020
200011011
111100020
40101000
12011100
3000000
3000003
3000030
111100011
1001211
14100000
3000021
100320000
111100002
1001202
200101101
11020200
3000111
11012010
100101
111010200
300300000
111002010
100104
11012001
3000102
1001220
111002001
13101000
100110
100113
200011002
10002
3000120
200101110
100122
10011
10014
100131
10020
10023
10201020
204000000
10201011
20031000
100140
120021000
10032
10201002
10041
11102100
31000200
1001310
1001301
100000401
200101002
100200
111002100
100203
100410000
100000410
200101020
100212
10101
10104
100221
200101011
10110
10113
100230
10122
201002100
11110200
10131
11102010
11102001
10140
111010110
3000201
111010101
100000320
111100200
1001400
3000210
3000300
100000311
100302
2001
2004
100311
10200
2010
100000302
10203
2013
201002010
100320
201010200
10212
11020110
2022
201002001
11020101
10221
2031
10230
31000110
2040
31000101
12110010
10021020
420000000
12110001
120000300
10021011
10021002
10111110
12200100
111120000
101101101
101101110
100401
310000200
230000001
2100
2103
100410
10302
230000010
101011002
2112
10103001
103100001
101011011
10311
101011020
2121
103100010
10320
230000100
2130
2001021
2001012
31001010
111030000
10021110
31001001
20040000
100003200
2001003
10021101
2001000
10103010
10111200
200000400
10111002
10201110
101101200
10201101
2001030
101011101
2202
10401
101011110
2211
420000
10410
2220
11012100
111210000
212010000
10111020
10111011
210003000
200000301
130011000
11004000
130101000
2001111
2001102
100011300
100003110
200000310
103100100
1100022
10111101
100003101
10201200
1100031
12200010
1100001
103010001
1100004
103010010
1100010
12200001
101003001
2301
1100013
13011000
2001120
101011200
2310
101003010
330000
103010100
1100040
200000202
120000003
2001210
120000000
110211000
4000020
211011000
120000012
2001201
120000021
12020100
10013100
100003011
4000011
200000220
100011201
200000211
120000030
100003020
100011210
4000002
1100112
120000102
100101300
311000010
11201001
210200001
120000111
311000001
1100121
210200010
100003002
1010013
4000110
20220000
1100100
1010010
12012000
1100103
4000101
11201010
101003100
1010004
1010001
120000120
2400
1010031
200000130
1010022
1100130
1010040
240000
100011120
2001300
200000103
32000100
200000100
100011111
200000121
12020001
200000112
12020010
1100211
100101201
10103100
100011102
12110100
1100220
100101210
103002000
1010103
1100202
1010100
200000040
1010121
10021200
12102000
10013010
1010112
10013001
300030000
110301000
211101000
1010130
100011030
200000010
32000010
20130000
200000013
32000001
200000001
120000201
200000004
100011012
200000031
120000210
4000200
100101120
140100000
30001200
100011021
200000022
32001000
110202000
100012020
231000000
100020210
1100310
210110100
1002012
100012002
11111100
1010202
1002003
100012011
1100301
131010000
1002000
100020201
102100020
1002030
100102101
1010220
210020001
100102110
1002021
100110300
1010211
210020010
103001100
110030010
110120100
102100002
13110000
102100011
110030001
10210011
40020000
140010000
13200000
10210002
10300110
10300101
1100400
11021001
100020120
1002111
100020102
1010301
100102020
210102000
100110210
100020111
1002102
11021010
30002100
10210020
202000011
100102002
102010002
3001002
1002120
202000002
101001
1010310
100102011
101004
100110201
102010011
102100101
30010200
3001020
30002010
101010
100200300
101013
30002001
102100110
202000020
3001011
101022
210200100
110210100
101031
131100000
102010020
101040
210110001
210110010
100020021
100020030
11111010
110120001
100020003
100020000
1002201
100020012
110120010
100110120
102010101
100110102
202000110
11201100
100110111
10300020
102010110
100200210
1002210
101100
101103
202000101
1010400
11111001
100200201
10300011
101112
11001
11004
102100200
10300002
2100000
101121
10202010
111300000
11010
2100003
10210200
11013
10202001
101130
2100012
11022
2100021
11031
2100030
11013000
3001101
11040
10030011
30100200
10030002
100110021
1002300
10120110
30010110
100110030
3001110
30010101
10120101
100200120
202000200
100110003
30100110
102002001
100110000
100110012
102010200
30100101
102002010
30010011
101202
100200111
101211
30010002
11100
10030020
3001200
100200102
11103
101220
11112
30010020
10202100
11121
11130
210020100
2010012
11021100
2010003
2010000
110112000
310000110
110030100
310000101
102002100
10210110
100200030
13020000
2100102
100200021
10210101
2100111
2010030
11103000
100200012
101301
10300200
33000000
100200000
3000
2100120
100200003
3003
2010021
101310
11202
3012
2100201
11211
101101002
3021
10120020
10120011
2100210
11220
31001100
101101011
3030
10120002
104001000
101101020
30100011
2010111
210012000
2010102
30100002
310000020
130002000
310000011
310000002
110022000
30100020
11300010
100002300
11300001
2010120
20000040
101400
3102
12111000
102001200
130010010
11301
3111
20000022
130010001
20000031
11310
210002100
20000001
3120
104000001
20000004
104000010
20000010
20000013
101100102
20000112
130100100
2002011
2010201
111201000
20000121
101100111
31002000
212001000
130010100
10022100
2002002
101010000
20000100
100010400
101010003
20000103
104000100
100002210
101010012
10104000
101100120
101010021
101010030
2100300
100002201
2002020
2010210
3201
10030110
11400
3210
10030101
112020000
10112010
12201000
10120200
312000000
10112001
2002110
2010300
2002101
101100201
100010310
20000130
101010102
101100210
101010111
100002120
100002102
1101012
110013000
100100400
100002111
100010301
101010120
1101021
4001010
4001001
210002001
1101000
1101003
210010200
210002010
130100001
10030200
20000211
10022010
3300
10022001
130100010
31010100
20000220
1101030
20000202
10112100
200001300
31010010
2002200
31010001
101100300
100002021
100010211
101002002
100010220
100002030
101010201
31100100
101002011
311001000
101002020
100100310
11120010
100002000
100002003
1101111
101010210
11120001
100002012
100010202
1011003
1011000
100100301
1101102
110210001
211010001
200001
1011021
3100011
200004
211010010
200010
110210010
1011012
11120100
3100002
200013
1101120
211100100
200001210
11030010
200022
111021000
110300100
1011030
11030001
200001201
3100020
200031
100010130
131001000
200040
101002101
4001100
100010112
101010300
11202000
101002110
100010121
100010103
1101201
100010100
100100211
103001001
1101210
200001120
100100220
103001010
1011102
100100202
200103
200001102
200100
10014000
1011111
11300100
31100010
110001
11210010
200112
110004
200121
11210001
31100001
110010
200001111
110013
1011120
12021000
200130
111111000
110022
3010020
100010040
110031
100010022
100100130
100010031
110040
101002200
11210100
3100110
100010004
1101300
100100112
100010001
3100101
100010013
100010010
200001030
100100121
100100103
110300001
100100100
211100001
1003002
3010011
110300010
211100010
3010002
200001003
100101111
21000000
200001000
211002000
21000003
1003020
1011210
103000101
3100200
200202
1003011
21000012
103000110
100011003
100011000
1011201
200211
3010110
110100
21000021
200001021
110103
3010101
11022000
100101102
21000030
200001012
200220
20001
110112
10211001
110201010
20004
110121
20010
20013
10301100
110130
20022
110201001
111012000
20031
20040
100101030
101001300
1003101
10211010
12300000
100101012
1003110
100101021
1011300
200301
102000
102003
200310
110202
100101003
102012
100101000
110211
20100
102021
20103
110220
102030
20112
201000300
20121
20130
211010100
103000200
311000100
111102000
3010200
3002010
3002001
10301010
1003200
200400
10301001
102102
3002100
111020100
110301
132000000
102111
12000
12003
21000102
110310
11112000
201000210
102120
20202
12012
21000111
30003000
201000201
20211
12021
32010000
21000120
20220
11030100
12030
10031001
212100000
210011010
20000310
110021001
310001010
310001001
30011100
10121100
110021010
20000301
112110000
2101002
2101011
102201
10031010
2101020
110400
201000120
102210
12102
110103000
32100000
30011010
2101101
20301
12111
201000111
2101110
20310
210011100
12120
201000102
110021100
2011002
10031100
102001011
102001020
10113000
130001100
12120000
102001002
10211100
1200021
110111001
210101001
1200030
1200003
1200000
2011020
4100010
210101010
110201100
2011011
102300
1200012
4100001
20000400
4002
201000030
30101100
10121010
12201
4011
201000021
30011001
20400
12210
110111010
10121001
4020
310001100
201000012
201000003
201000000
102001110
30101001
2011101
130001010
130001001
30101010
102001101
1110000
1110003
10203000
101100003
101100000
210101100
12210000
101100012
1200120
110111100
1110012
112200000
2101200
101100021
1200102
101100030
2011110
210011001
1200111
4101
12300
101013000
4110
1110021
1110030
100120020
11301000
400001010
2003001
4010010
4010001
100120002
20001030
4100100
30102000
100120011
220020000
400001001
1200210
1110102
100210110
210001101
4010100
100210101
1110111
20001120
210001110
100300200
11211000
311010000
1200201
2003010
2011200
30110100
30020010
1020012
20001111
121010001
4200
30020001
121010010
1020003
1020000
1020030
121100100
1110120
1020021
20001102
20001201
121010100
2003100
12030000
20001210
100210020
22000110
100210011
1102002
1110201
22000101
100210002
1102011
100300110
1200300
100300101
102201000
10023000
1020111
22000011
1020102
22000002
1110210
1102020
1020120
22000020
30200100
311100000
4002000
210001002
30110010
200031000
210001011
210001020
30110001
110000013
110000010
1102101
30200010
110000004
1110300
30200001
102111000
100300020
1102110
110000001
100300011
110000031
120002100
100300002
110000022
101300010
1012011
110000040
1020201
101300001
201003
201000
21000300
122001000
1012002
201012
1012020
1020210
201021
401000100
200121000
201030
10310100
21000201
21000210
220200000
31011000
3101001
1102200
110000103
110000100
11031000
10220010
110000121
10220001
3101010
110000112
1012110
3101100
1020300
1012101
101300100
201102
31101000
101210010
3011001
201111
10400010
111000
101210001
111003
102021000
10400001
212000001
201120
111012
401000001
212000010
401000010
111021
220110000
210001200
111030
11121000
20001012
212000100
20001021
200211000
121100001
20001000
100013100
20001003
121100010
2200002
1004010
1012200
10310010
2200011
10310001
1004001
3011010
201201
2200020
201210
10400100
101210100
111102
120010020
2200101
111111
21000
21003
2200110
102020100
111120
2110002
21012
2110011
21021
211001010
120100110
21030
300000201
120100101
10130100
3011100
300000210
120010002
200301000
31020000
211001001
10212000
120010011
120100200
100014000
1004100
240000000
310100010
120010101
10040010
3003000
201300
10040001
120010110
310100001
103002
111201
101201001
103011
2110020
21001002
111210
103020
21102
21001011
102012000
21111
101201010
21001020
21120
300000102
20100021
201030000
20100030
310010100
300000111
20100003
20100000
23000010
300000120
20100012
23000001
100022100
2200200
31110000
2020020
10302000
21001200
2020011
2110101
100104000
2020002
103101
2110110
10130010
101201100
111300
103110
13002
10130001
21001101
21201
2102001
13011
21001110
2110200
2102010
21210
31200000
13020
101111001
10220100
310010010
300000000
300000003
101111010
310010001
300000012
300000021
120002001
201120000
120002010
300000030
310100100
120010200
210100101
121001010
22000200
100022001
210100110
100022010
100030200
2020110
100112100
210010002
10032000
2020101
11310000
400000200
210010011
121001001
210010020
103200
20001300
103200000
310002000
13101
21300
13110
101111100
140000100
101021001
140000010
103110000
101021010
140000001
1201011
100030101
100030110
210100200
201210000
1201020
210010101
2102100
2012010
2020200
100112001
1201002
210010110
100112010
100120200
2012001
120100011
120100002
10122000
100202100
13200
123000000
120100020
101103000
211001100
210100002
101021100
30012000
210100011
210100020
400000101
100030020
4101000
400000110
121001100
10040100
400000020
103020000
100030002
1201110
4011000
1111002
100030011
30020100
100120101
400000002
100120110
2012100
400000011
201300000
1201101
100210200
100202010
300000
300003
300012
100202001
11400000
300021
213000000
1111011
300030
1111020
210000000
20002101
210000003
210000012
20010300
20002110
210000021
101102100
210000030
1201200
101012001
22001001
101020200
1111101
101012010
3200001
11130000
3200010
22001010
2004000
30021000
300102
1021002
300111
210003
210000
1021020
3200100
301000101
3110010
1111110
300120
1021011
301000110
3110001
210012
210000102
210021
210000111
103101000
210030
110220000
10401000
210000120
101012100
22001100
1103001
11220000
110400000
220101000
103011000
1021101
21100002
301000020
20002200
21100011
300201
1111200
301000002
1103010
21100020
210102
300210
1021110
301000011
210111
310200000
120000
120003
3020010
210120
120012
3020001
30111000
120021
102200001
102200010
120030
110310000
220011000
101004000
1103100
100004100
3110100
1013001
300300
202002
20010021
202011
210201
1013010
130020000
20010030
3102000
1021200
20010000
210210
20010003
141000000
102110001
202020
120102
210000300
20100120
330000000
102110010
20010012
120111
30000
30003
102200100
20100102
120120
30012
20100111
20100210
30021
20010102
310110000
30030
20010111
110040000
10221000
100004001
20100201
100012200
100004010
1013100
30201000
120001101
3020100
120001110
202101
23000100
221010000
202110
210300
302000001
102110100
112002
120201
2201001
302000010
112011
3012000
2201010
120210
112020
30102
120001200
30111
122000100
11040000
30120
200040000
100012101
102020001
100012110
20010120
100020300
102020010
110130000
122000001
10311000
300000300
210000201
122000010
100102200
20010210
20002020
210000210
310020000
202200
20002002
302000100
112101
102102000
20010201
20002011
120300
112110
130110000
22002
30201
22011
20100300
4200000
130200000
310011000
2111010
30210
22020
102101010
10000020
10000023
10000011
110031000
10000014
10000002
30210000
102101001
100013010
100021200
1300020
2201100
10041000
10000041
1300002
21002100
10000032
1300011
2111001
200130000
121000200
100013001
104001
211000020
112200
100103100
104010
300001200
211000002
21002001
22101
211000011
21010200
21002010
30300
2111100
22110
10000122
10000113
102011001
10000104
310101000
10000110
102101100
10000101
100021110
1210002
101200011
1210011
101200002
2021010
4110000
200220000
104100000
100103010
1300101
102011010
100111200
2021001
100021101
101200020
1300110
20101011
10131000
104100
300001101
30300000
20101020
100103001
140001000
14001
1210020
300001110
22200
110121000
20101002
14010
20101110
102011100
20011002
120001002
120001011
120001020
20101101
100021011
101200110
1210101
100021020
1210110
101200101
100111110
2021100
101110002
23001000
2103000
1300200
100021002
101110011
200310000
101110020
21100101
1120020
100201200
100111101
300001002
21100110
300001011
21010002
1120002
14100
1120011
211000200
21010011
300001020
4020000
104010000
21010020
102003000
10000311
10000302
101200200
1202001
1202010
1210200
101110101
100111011
2013000
101110110
10000320
100111020
121000020
101020002
100111002
100201110
24000000
101020011
200400000
101020020
121000002
1030011
1120101
100201101
121000011
1030002
1120110
1030020
121000101
10000140
121000110
10000131
1202100
211000101
101102001
101102010
211000110
101110200
101020101
100201020
10000221
101020110
100201011
10000212
301002
10000200
1030110
1112001
100201002
10000203
301011
3201000
301020
1120200
1030101
1112010
21100200
21010101
301000200
10000230
21010110
110100111
120201000
221001000
40000101
110100102
40000110
200111100
110010012
110100120
113000100
10320000
110010003
110010000
22002000
110010030
301101
110010021
20003100
301110
1112100
1022010
1030200
101310000
211002
202110000
1022001
211011
300100002
2300001
300100011
2300010
200111010
211020
11000040
100040100
300100020
40000002
200201100
11000004
110100201
11000001
100122000
40000011
11000013
10230000
11000010
110010111
11000022
200111001
40000020
3111000
110010102
11000031
301001100
110100210
10000410
21101001
10000401
111001110
10410000
1104000
111001101
21101010
301200
1022100
211101
110100012
211110
101220000
202020000
40000200
121002
110100003
110100000
120111000
110100030
121011
220100010
100040001
110100021
100040010
121020
220100001
301001010
100130100
200201001
100212000
301001001
201012000
200201010
3021000
2300100
111001200
2210001
113000010
203001
2210010
113000001
1014000
203010
211200
121101
2210100
101130000
121110
31002
31011
100130001
31020
100130010
11000202
400011000
110002110
110010300
20011011
11000211
110002101
11000220
20011020
100220100
201020100
112001001
100302000
11000301
201102000
410100000
400101000
11000310
121020000
20011110
112001010
203100
2120001
20101200
302001000
113001
2120010
20011101
22100001
121200
113010
30030000
22100010
31101
11000103
11000100
2120100
101040000
31110
110010120
20003001
30120000
201020010
100220010
11000112
100220001
201020001
11000121
2030010
201110100
100310100
2030001
2202000
22010100
110100300
113100
110002011
22100100
22010010
110010201
23001
110002002
22010001
410010000
31200
23010
11000130
110002020
110010210
20011200
20003010
10140000
1301010
20020020
201110010
10001040
2030100
201110001
301100001
20020002
301100010
20020011
110001300
201200100
1301001
10001031
2112000
100311000
20110101
20110110
20200200
23100
10001112
20102001
20102010
20110200
200004000
10001100
10001103
101031000
112000200
1211001
2022000
10001130
201200010
10001121
201200001
1301100
400002
400011
1211010
3300000
400020
100401000
112000011
112000002
200012100
20020101
110001210
401010000
112000020
121200000
20020110
110001201
112000110
121110000
112000101
221100000
1211100
20012001
300002100
20020200
20012010
400101
1121010
20102100
10001022
400110
10001010
10001013
10001001
10001004
310002
11000400
1121001
310011
23100000
310020
200012010
21011010
200020200
120020001
10001310
220010010
401100000
200012001
220010001
120020010
10001301
220100100
3210000
111001020
1203000
111001011
300002001
111001002
300010200
200102100
300002010
120110100
400200
310101
1031001
120102000
310110
1121100
20200020
10001400
220002
200020110
12000210
220011
220010100
200020101
21101100
1031010
20200002
220020
21011001
12000201
20200011
20110002
20110011
300100200
23010000
20200101
300010101
200110200
200102010
20200110
200102001
300010110
12000021
120020100
10001211
12000030
10001202
3120000
1031100
12000003
302001
12000000
1113000
21003000
12000012
310200
302010
300010020
220101
200020011
120012000
101400000
220002000
220110
200020002
303000000
12000120
12000102
130002
200020020
12000111
130011
21011100
10001220
3030000
130020
200200200
300100101
300100110
300010002
200110110
100032000
20110020
200110101
300010011
100203000
42000000
400002000
11001003
121011000
300101100
11001000
111000210
302100
11001012
111000201
21110100
1023000
300011001
11001021
200022000
302100000
21020001
212001
212010
21020010
220200
40001100
130101
130110
40002
100121010
40011
40020
102120000
100121001
120200010
11001030
100211100
221000010
300101001
120200001
2301000
200112000
221000001
300101010
111000300
200030100
21020100
212100
221000100
120200100
302010000
122001
120110010
120110001
2211000
130200
12000300
122010
400010100
102030000
40101
111000120
40110
111000111
100211010
111000102
100211001
400010001
200120100
400010010
1400001
100301100
200030010
400100100
200030001
1400010
301002000
204000
21102000
122100
200202000
101301000
32001
10010010
202101000
10100121
10010013
110001030
2121000
40200
10010001
32010
10100112
10010004
10100103
10100100
10010040
1310001
200120010
100301010
1310010
200120001
1400100
100301001
22011000
10010031
10100130
10010022
110001102
301010100
114000
22101000
110001111
200210100
13000101
32100
10100220
13000110
10100211
10010100
110001120
10010103
101211000
10100202
202011000
400100010
11001300
20012100
400100001
13000002
2031000
1310100
11001120
13000011
20004000
13000020
301010001
10100031
21200100
11001102
301010010
10100022
11001111
10100010
201021000
21110001
1220001
200300100
200210010
301100100
10100013
21110010
1220010
10100001
10100004
200210001
24000
21200001
21200010
401001000
10100040
11001201
11001210
1302000
110001003
110001000
101121000
110001021
110001012
121101000
100310010
1130001
101120001
100310001
1130010
101120010
200300001
1220100
200300010
100400100
20021010
110000301
201111000
120011010
10010301
10002111
10100400
10002102
41000001
110000310
20021001
301101000
41000010
12001011
12001020
220001100
10002120
101202000
20021100
12001002
10010310
22110000
101120100
1130100
122100000
20103000
401001
100400010
1212000
101030001
401010
100400001
120011100
101030010
1040010
10010130
110000130
1040001
10010121
201201000
10010112
120003000
222000000
1122000
10010202
110000202
10002012
101112000
10002000
401100
10002003
10100310
13000200
101030100
110000220
122010000
41000100
10100301
110000211
311001
311010
1040100
22020000
10010220
10002030
20013000
10010211
10002021
20201010
12001200
20201001
200013000
2400000
121002000
100023000
14000100
101022000
311100
11010021
111000030
111000021
11010030
221001
1032000
221010
111000012
2310000
14000001
300003000
111000000
111000003
14000010
21012000
11100111
11100102
11100120
11010003
402000000
11010000
102300000
11010012
200021100
10002201
100031100
40001001
40001010
20111010
22200000
400001100
303000
110000400
100113000
120101001
20111001
221100
200103000
20201100
10010400
131001
120101010
10002210
300011100
2220000
131010
120101100
11100012
102210000
11100000
11100003
202200000
20111100
100031010
11100030
11100021
120011001
12001110
300011010
10002300
200021001
220001010
100031001
220001001
12001101
100121100
200021010
