2#[0, 1, 2, 3, 4, 5, 6]
4100#[0, 1, 2, 4, 5, 6]
1031#[0, 1, 2, 3, 4, 5, 6]
11#[0, 1, 2, 3, 4, 5, 6]
14#[0, 1, 2, 3, 4, 5]
1040#[0, 1, 2, 3, 4, 6]
20#[0, 1, 2, 3, 4, 5, 6]
1110020#[0, 1, 2, 3, 4, 5, 6]
23#[0, 1, 2, 3, 4, 5, 6]
3101#[0, 1, 2, 3, 4, 5, 6]
32#[0, 1, 2, 3, 4, 5, 6]
212000#[0, 1, 2, 3, 4, 5, 6]
11300#[0, 1, 2, 3, 4, 5, 6]
3110#[0, 1, 2, 3, 4, 5, 6]
2003000#[0, 1, 2, 3, 4, 5, 6]
301100#[0, 1, 2, 3, 4, 5, 6]
41000#[0, 1, 3, 4, 5, 6]
41#[0, 1, 2, 3, 4, 6]
1111100#[0, 1, 2, 3, 4]
4010000#[1, 2, 3, 4, 5, 6]
3200000#[0, 1, 2, 3, 4, 5, 6]
100400#[0, 1, 2, 3, 5, 6]
130100#[0, 1, 2, 3, 4, 5, 6]
2102#[0, 1, 2, 3, 4, 5, 6]
211001#[0, 1, 2, 3, 4, 5, 6]
10301#[0, 1, 2, 3, 4, 5, 6]
1022000#[0, 1, 2, 3, 4, 5, 6]
2111#[0, 1, 2, 3, 4, 5, 6]
300101#[0, 1, 2, 3, 4, 5, 6]
40001#[0, 1, 3, 4, 5, 6]
211010#[0, 1, 2, 3, 4, 5, 6]
2300000#[0, 1, 2, 3, 4, 5, 6]
2002010#[0, 1, 2, 3, 4, 5, 6]
1110101#[0, 1, 2, 4, 6]
1021001#[0, 1, 2, 3, 4, 5, 6]
10310#[0, 1, 2, 3, 4, 5, 6]
2010200#[0, 1, 2, 3, 4, 5, 6]
2120#[0, 1, 2, 3, 4, 5, 6]
300110#[0, 1, 2, 3, 4, 5, 6]
40010#[0, 1, 3, 4, 5, 6]
1100#[0, 1, 2, 3, 4, 5, 6]
1110110#[0, 1, 2, 4, 5]
2002001#[0, 1, 2, 3, 4, 5, 6]
1103#[0, 1, 2, 3, 4, 5, 6]
210002#[0, 1, 2, 3, 4, 5, 6]
1112#[0, 1, 2, 3, 4, 5, 6]
210011#[0, 1, 2, 3, 4, 5, 6]
1200200#[0, 1, 2, 3, 4, 5, 6]
1021010#[0, 1, 2, 3, 4, 5, 6]
3110000#[0, 1, 2, 3, 4, 5, 6]
1121#[0, 1, 2, 3, 4, 5, 6]
2001020#[0, 1, 2, 3, 4, 5, 6]
1020011#[0, 1, 2, 3, 4, 5, 6]
101#[0, 1, 2, 3, 4, 5, 6]
210020#[0, 1, 2, 3, 4, 5, 6]
104#[0, 1, 2, 3, 4, 5]
1130#[0, 1, 2, 3, 4, 5, 6]
1020002#[0, 1, 2, 3, 4, 5, 6]
2001011#[0, 1, 2, 3, 4, 5, 6]
110#[0, 1, 2, 3, 4, 5, 6]
113#[0, 1, 2, 3, 4, 5, 6]
2001002#[0, 1, 2, 3, 4, 5, 6]
122#[0, 1, 2, 3, 4, 5, 6]
1020020#[0, 1, 2, 3, 4, 5, 6]
3200#[0, 1, 2, 3, 4, 5, 6]
2000030#[0, 1, 2, 3, 4, 5, 6]
131#[0, 1, 2, 3, 4, 5, 6]
1103000#[0, 1, 2, 3, 4, 5, 6]
2000021#[0, 1, 2, 3, 4, 5, 6]
140#[0, 1, 2, 3, 4, 6]
122000#[0, 1, 2, 3, 4, 5, 6]
2000012#[0, 1, 2, 3, 4, 5, 6]
2201#[0, 1, 2, 3, 4, 5, 6]
2000003#[0, 1, 2, 3, 4, 5, 6]
2000000#[0, 1, 2, 3, 4, 5, 6]
211100#[0, 1, 2, 3, 4, 5, 6]
10400#[0, 1, 2, 3, 5, 6]
1102001#[0, 1, 2, 3, 4, 5, 6]
2210#[0, 1, 2, 3, 4, 5, 6]
1021100#[0, 1, 2, 3, 4, 5, 6]
40100#[0, 1, 3, 4, 5, 6]
1110200#[0, 1, 2, 3, 4, 5, 6]
121001#[0, 1, 2, 3, 4, 5, 6]
2002100#[0, 1, 2, 3, 4, 5, 6]
1102010#[0, 1, 2, 3, 4, 5, 6]
300200#[0, 1, 2, 3, 4, 5, 6]
1202#[0, 1, 2, 3, 4, 5, 6]
121010#[0, 1, 2, 3, 4, 5, 6]
210101#[0, 1, 2, 3, 4, 5, 6]
1211#[0, 1, 2, 3, 4, 5, 6]
210110#[0, 1, 2, 3, 4, 5, 6]
1020110#[0, 1, 2, 3, 4, 5, 6]
120002#[0, 1, 2, 3, 4, 5, 6]
1101011#[0, 1, 3, 5, 6]
1220#[0, 1, 2, 3, 4, 5, 6]
200#[0, 1, 2, 3, 4, 5, 6]
2001110#[0, 1, 2, 3, 4, 5, 6]
120011#[0, 1, 2, 3, 4, 5, 6]
1020101#[0, 1, 2, 3, 4, 5, 6]
203#[0, 1, 2, 3, 4, 5, 6]
1101020#[0, 1, 2, 3, 4, 5, 6]
3020000#[0, 1, 2, 3, 4, 5, 6]
2001101#[0, 1, 2, 3, 4, 5, 6]
212#[0, 1, 2, 3, 4, 5, 6]
1400000#[0, 2, 3, 4, 5, 6]
120020#[0, 1, 2, 3, 4, 5, 6]
4001000#[1, 2, 3, 4, 5, 6]
1101002#[0, 1, 2, 3, 4, 5, 6]
221#[0, 1, 2, 3, 4, 5, 6]
1100021#[0, 1, 2, 3, 4, 5, 6]
230#[0, 1, 2, 3, 4, 5, 6]
2000120#[0, 1, 2, 3, 4, 5, 6]
1100030#[0, 1, 2, 3, 4, 5, 6]
1100000#[0, 1, 2, 3, 4, 5, 6]
2000111#[0, 1, 2, 3, 4, 5, 6]
2210000#[0, 1, 2, 3, 4, 5, 6]
1100003#[0, 1, 2, 3, 4, 5, 6]
2000102#[0, 1, 2, 3, 4, 5, 6]
203000#[0, 1, 2, 3, 4, 5, 6]
2300#[0, 1, 2, 3, 4, 5, 6]
1100012#[0, 1, 2, 3, 4, 5, 6]
32000#[0, 1, 2, 3, 4, 5, 6]
1102100#[0, 1, 2, 3, 4, 5, 6]
1013000#[0, 1, 2, 3, 4, 5, 6]
121100#[0, 1, 2, 3, 4, 5, 6]
202001#[0, 1, 2, 3, 4, 5, 6]
1301#[0, 1, 2, 3, 4, 5, 6]
31001#[0, 1, 2, 3, 4, 5, 6]
202010#[0, 1, 2, 3, 4, 5, 6]
210200#[0, 1, 2, 3, 4, 5, 6]
1310#[0, 1, 2, 3, 4, 5, 6]
31010#[0, 1, 2, 3, 4, 5, 6]
1310000#[0, 1, 2, 3, 4, 5, 6]
120101#[0, 1, 2, 3, 4, 5, 6]
1012010#[0, 1, 2, 3, 4, 5, 6]
1101110#[0, 1, 3, 4, 5]
1020200#[0, 1, 2, 3, 4, 5, 6]
201002#[0, 1, 2, 3, 4, 5, 6]
1012001#[0, 1, 2, 3, 4, 5, 6]
302#[0, 1, 2, 3, 4, 5, 6]
2001200#[0, 1, 2, 3, 4, 5, 6]
120110#[0, 1, 2, 3, 4, 5, 6]
201011#[0, 1, 2, 3, 4, 5, 6]
30002#[0, 1, 2, 3, 4, 5, 6]
1011002#[0, 1, 2, 3, 4, 5, 6]
4000010#[1, 2, 3, 4, 5, 6]
311#[0, 1, 2, 3, 4, 5, 6]
30011#[0, 1, 2, 3, 4, 5, 6]
4000001#[1, 2, 3, 4, 5, 6]
1101101#[0, 1, 3, 4, 6]
201020#[0, 1, 2, 3, 4, 5, 6]
320#[0, 1, 2, 3, 4, 5, 6]
200003#[0, 1, 2, 3, 4, 5, 6]
200000#[0, 1, 2, 3, 4, 5, 6]
1011020#[0, 1, 2, 3, 4, 5, 6]
30020#[0, 1, 2, 3, 4, 5, 6]
3100010#[0, 1, 2, 3, 4, 5, 6]
1100120#[0, 1, 2, 3, 4, 5, 6]
2000210#[0, 1, 2, 3, 4, 5, 6]
1011011#[0, 2, 3, 5, 6]
3100001#[0, 1, 2, 3, 4, 5, 6]
200012#[0, 1, 2, 3, 4, 5, 6]
1010012#[0, 1, 2, 3, 4, 5, 6]
1100102#[0, 1, 2, 3, 4, 5, 6]
200021#[0, 1, 2, 3, 4, 5, 6]
2000201#[0, 1, 2, 3, 4, 5, 6]
4000100#[1, 2, 3, 4, 5, 6]
1010003#[0, 1, 2, 3, 4, 5, 6]
200030#[0, 1, 2, 3, 4, 5, 6]
1010000#[0, 1, 2, 3, 4, 5, 6]
1100111#[0, 1, 4, 5, 6]
2120000#[0, 1, 2, 3, 4, 5, 6]
1010030#[0, 1, 2, 3, 4, 5, 6]
3101000#[0, 1, 2, 3, 4, 5, 6]
113000#[0, 1, 2, 3, 4, 5, 6]
1010021#[0, 1, 2, 3, 4, 5, 6]
202100#[0, 1, 2, 3, 4, 5, 6]
1400#[0, 1, 2, 3, 5, 6]
31100#[0, 1, 2, 3, 4, 5, 6]
1101200#[0, 1, 2, 3, 4, 5, 6]
112001#[0, 1, 2, 3, 4, 5, 6]
120200#[0, 1, 2, 3, 4, 5, 6]
2201000#[0, 1, 2, 3, 4, 5, 6]
1012100#[0, 1, 2, 3, 4, 5, 6]
112010#[0, 1, 2, 3, 4, 5, 6]
201101#[0, 1, 2, 3, 4, 5, 6]
401#[0, 1, 2, 3, 5, 6]
1011101#[0, 2, 3, 4, 6]
201110#[0, 1, 2, 3, 4, 5, 6]
3011000#[0, 1, 2, 3, 4, 5, 6]
30101#[0, 1, 2, 3, 4, 5, 6]
410000#[0, 2, 3, 4, 5, 6]
410#[0, 1, 2, 3, 5, 6]
111002#[0, 1, 2, 3, 4, 5, 6]
30110#[0, 1, 2, 3, 4, 5, 6]
1100210#[0, 1, 2, 3, 4, 5, 6]
111011#[1, 2, 3, 5, 6]
200102#[0, 1, 2, 3, 4, 5, 6]
1011110#[0, 2, 3, 4, 5]
200111#[0, 1, 2, 3, 4, 5, 6]
111020#[0, 1, 2, 3, 4, 5, 6]
2030000#[0, 1, 2, 3, 4, 5, 6]
1010111#[0, 2, 4, 5, 6]
110000#[0, 1, 2, 3, 4, 5, 6]
2000300#[0, 1, 2, 3, 4, 5, 6]
1220000#[0, 1, 2, 3, 4, 5, 6]
110003#[0, 1, 2, 3, 4, 5, 6]
1010102#[0, 1, 2, 3, 4, 5, 6]
1100201#[0, 1, 2, 3, 4, 5, 6]
200120#[0, 1, 2, 3, 4, 5, 6]
110012#[0, 1, 2, 3, 4, 5, 6]
110021#[0, 1, 2, 3, 4, 5, 6]
1010120#[0, 1, 2, 3, 4, 5, 6]
110030#[0, 1, 2, 3, 4, 5, 6]
23000#[0, 1, 2, 3, 4, 5, 6]
2200001#[0, 1, 2, 3, 4, 5, 6]
112100#[0, 1, 2, 3, 4, 5, 6]
3100100#[0, 1, 2, 3, 4, 5, 6]
2200010#[0, 1, 2, 3, 4, 5, 6]
1004000#[0, 1, 2, 4, 5, 6]
22001#[0, 1, 2, 3, 4, 5, 6]
201200#[0, 1, 2, 3, 4, 5, 6]
1003001#[0, 1, 2, 3, 4, 5, 6]
3010010#[0, 1, 2, 3, 4, 5, 6]
30200#[0, 1, 2, 3, 4, 5, 6]
22010#[0, 1, 2, 3, 4, 5, 6]
3010001#[0, 1, 2, 3, 4, 5, 6]
111101#[1, 2, 3, 4, 6]
1130000#[0, 1, 2, 3, 4, 5, 6]
320000#[0, 1, 2, 3, 4, 5, 6]
2200100#[0, 1, 2, 3, 4, 5, 6]
111110#[1, 2, 3, 4, 5]
200201#[0, 1, 2, 3, 4, 5, 6]
21002#[0, 1, 2, 3, 4, 5, 6]
1003010#[0, 1, 2, 3, 4, 5, 6]
1011200#[0, 1, 2, 3, 4, 5, 6]
200210#[0, 1, 2, 3, 4, 5, 6]
2110001#[0, 1, 2, 3, 4, 5, 6]
21011#[0, 1, 2, 3, 4, 5, 6]
1002011#[0, 1, 2, 3, 4, 5, 6]
1010201#[0, 1, 2, 3, 4, 5, 6]
110102#[0, 1, 2, 3, 4, 5, 6]
3010100#[0, 1, 2, 3, 4, 5, 6]
2110010#[0, 1, 2, 3, 4, 5, 6]
1301000#[0, 1, 2, 3, 4, 5, 6]
21020#[0, 1, 2, 3, 4, 5, 6]
1100300#[0, 1, 2, 3, 4, 5, 6]
1002002#[0, 1, 2, 3, 4, 5, 6]
110111#[1, 2, 4, 5, 6]
20000#[0, 1, 2, 3, 4, 5, 6]
20003#[0, 1, 2, 3, 4, 5, 6]
1001003#[0, 1, 2, 3, 4, 5, 6]
1001000#[0, 1, 2, 3, 4, 5, 6]
110120#[0, 1, 2, 3, 4, 5, 6]
1002020#[0, 1, 2, 3, 4, 5, 6]
20012#[0, 1, 2, 3, 4, 5, 6]
1010210#[0, 1, 2, 3, 4, 5, 6]
1300001#[0, 1, 2, 3, 4, 5, 6]
1001021#[0, 1, 2, 3, 4, 5, 6]
20021#[0, 1, 2, 3, 4, 5, 6]
2111000#[0, 1, 2, 3, 4, 5, 6]
1300010#[0, 1, 2, 3, 4, 5, 6]
1001012#[0, 1, 2, 3, 4, 5, 6]
20030#[0, 1, 2, 3, 4, 5, 6]
104000#[0, 1, 2, 4, 5, 6]
1000013#[0, 1, 2, 3, 4, 5, 6]
1000010#[0, 1, 2, 3, 4, 5, 6]
1001030#[0, 1, 2, 3, 4, 5, 6]
1000004#[0, 1, 2, 3, 4, 5]
1000001#[0, 1, 2, 3, 4, 5, 6]
1000031#[0, 1, 2, 3, 4, 5, 6]
1003100#[0, 1, 2, 3, 4, 5, 6]
22100#[0, 1, 2, 3, 4, 5, 6]
103001#[0, 1, 2, 3, 4, 5, 6]
1000022#[0, 1, 2, 3, 4, 5, 6]
111200#[0, 1, 2, 3, 4, 5, 6]
103010#[0, 1, 2, 3, 4, 5, 6]
1000040#[0, 1, 2, 3, 4, 6]
1211000#[0, 1, 2, 3, 4, 5, 6]
21101#[0, 1, 2, 3, 4, 5, 6]
401000#[0, 2, 3, 4, 5, 6]
200300#[0, 1, 2, 3, 4, 5, 6]
1002110#[0, 1, 2, 3, 4, 5, 6]
102002#[0, 1, 2, 3, 4, 5, 6]
1010300#[0, 1, 2, 3, 4, 5, 6]
230000#[0, 1, 2, 3, 4, 5, 6]
21110#[0, 1, 2, 3, 4, 5, 6]
110201#[0, 1, 2, 3, 4, 5, 6]
102011#[0, 1, 2, 3, 4, 5, 6]
1002101#[0, 1, 2, 3, 4, 5, 6]
1001102#[0, 1, 2, 3, 4, 5, 6]
110210#[0, 1, 2, 3, 4, 5, 6]
1210001#[0, 1, 2, 3, 4, 5, 6]
3001001#[0, 1, 2, 3, 4, 5, 6]
102020#[0, 1, 2, 3, 4, 5, 6]
20102#[0, 1, 2, 3, 4, 5, 6]
400001#[0, 2, 3, 4, 5, 6]
1210010#[0, 1, 2, 3, 4, 5, 6]
101000#[0, 1, 2, 3, 4, 5, 6]
101003#[0, 1, 2, 3, 4, 5, 6]
400010#[0, 2, 3, 4, 5, 6]
20111#[0, 1, 2, 3, 4, 5, 6]
1040000#[0, 1, 3, 4, 5, 6]
101012#[0, 1, 2, 3, 4, 5, 6]
2021000#[0, 1, 2, 3, 4, 5, 6]
1300100#[0, 1, 2, 3, 4, 5, 6]
1001111#[0, 3, 4, 5, 6]
20120#[0, 1, 2, 3, 4, 5, 6]
101021#[0, 1, 2, 3, 4, 5, 6]
3001010#[0, 1, 2, 3, 4, 5, 6]
100001#[0, 1, 2, 3, 4, 5, 6]
100004#[0, 1, 2, 3, 4, 5]
101030#[0, 1, 2, 3, 4, 5, 6]
1000103#[0, 1, 2, 3, 4, 5, 6]
100010#[0, 1, 2, 3, 4, 5, 6]
1000100#[0, 1, 2, 3, 4, 5, 6]
100013#[0, 1, 2, 3, 4, 5, 6]
1001120#[0, 1, 2, 3, 4, 5, 6]
14000#[0, 1, 2, 4, 5, 6]
2110100#[0, 1, 2, 3, 4, 5, 6]
2020010#[0, 1, 2, 3, 4, 5, 6]
1000121#[0, 1, 2, 3, 4, 5, 6]
100022#[0, 1, 2, 3, 4, 5, 6]
3002000#[0, 1, 2, 3, 4, 5, 6]
103100#[0, 1, 2, 3, 4, 5, 6]
100031#[0, 1, 2, 3, 4, 5, 6]
1000112#[0, 1, 2, 3, 4, 5, 6]
2020001#[0, 1, 2, 3, 4, 5, 6]
100040#[0, 1, 2, 3, 4, 6]
13001#[0, 1, 2, 3, 4, 5, 6]
1000130#[0, 1, 2, 3, 4, 5, 6]
21200#[0, 1, 2, 3, 4, 5, 6]
2102000#[0, 1, 2, 3, 4, 5, 6]
13010#[0, 1, 2, 3, 4, 5, 6]
102101#[0, 1, 2, 3, 4, 5, 6]
1002200#[0, 1, 2, 3, 4, 5, 6]
311000#[0, 1, 2, 3, 4, 5, 6]
110300#[0, 1, 2, 3, 4, 5, 6]
102110#[0, 1, 2, 3, 4, 5, 6]
12002#[0, 1, 2, 3, 4, 5, 6]
140000#[0, 1, 3, 4, 5, 6]
400100#[0, 2, 3, 4, 5, 6]
1210100#[0, 1, 2, 3, 4, 5, 6]
3000011#[0, 1, 2, 3, 4, 5, 6]
20201#[0, 1, 2, 3, 4, 5, 6]
12011#[0, 1, 2, 3, 4, 5, 6]
3000002#[0, 1, 2, 3, 4, 5, 6]
101102#[0, 1, 2, 3, 4, 5, 6]
20210#[0, 1, 2, 3, 4, 5, 6]
12020#[0, 1, 2, 3, 4, 5, 6]
1001210#[0, 1, 2, 3, 4, 5, 6]
310001#[0, 1, 2, 3, 4, 5, 6]
101111#[1, 3, 4, 5, 6]
11000#[0, 1, 2, 3, 4, 5, 6]
3000020#[0, 1, 2, 3, 4, 5, 6]
1121000#[0, 1, 2, 3, 4, 5, 6]
11003#[0, 1, 2, 3, 4, 5, 6]
1001201#[0, 1, 2, 3, 4, 5, 6]
310010#[0, 1, 2, 3, 4, 5, 6]
101120#[0, 1, 2, 3, 4, 5, 6]
2100002#[0, 1, 2, 3, 4, 5, 6]
3000110#[0, 1, 2, 3, 4, 5, 6]
11012#[0, 1, 2, 3, 4, 5, 6]
100100#[0, 1, 2, 3, 4, 5, 6]
1000202#[0, 1, 2, 3, 4, 5, 6]
100103#[0, 1, 2, 3, 4, 5, 6]
3000101#[0, 1, 2, 3, 4, 5, 6]
2100011#[0, 1, 2, 3, 4, 5, 6]
11021#[0, 1, 2, 3, 4, 5, 6]
1120001#[0, 1, 2, 3, 4, 5, 6]
100112#[0, 1, 2, 3, 4, 5, 6]
10001#[0, 1, 2, 3, 4, 5, 6]
1000220#[0, 1, 2, 3, 4, 5, 6]
10004#[0, 1, 2, 3, 4, 5]
2100020#[0, 1, 2, 3, 4, 5, 6]
11030#[0, 1, 2, 3, 4, 5, 6]
100121#[0, 1, 2, 3, 4, 5, 6]
10010#[0, 1, 2, 3, 4, 5, 6]
2020100#[0, 1, 2, 3, 4, 5, 6]
1120010#[0, 1, 2, 3, 4, 5, 6]
1000211#[0, 1, 2, 3, 4, 5, 6]
10013#[0, 1, 2, 3, 4, 5, 6]
3001100#[0, 1, 2, 3, 4, 5, 6]
100130#[0, 1, 2, 3, 4, 5, 6]
10022#[0, 1, 2, 3, 4, 5, 6]
2101001#[0, 1, 2, 3, 4, 5, 6]
13100#[0, 1, 2, 3, 4, 5, 6]
10031#[0, 1, 2, 3, 4, 5, 6]
2101010#[0, 1, 2, 3, 4, 5, 6]
10040#[0, 1, 2, 3, 4, 6]
102200#[0, 1, 2, 3, 4, 5, 6]
1202000#[0, 1, 2, 3, 4, 5, 6]
12101#[0, 1, 2, 3, 4, 5, 6]
221000#[0, 1, 2, 3, 4, 5, 6]
20300#[0, 1, 2, 3, 4, 5, 6]
2101100#[0, 1, 2, 3, 4, 5, 6]
12110#[0, 1, 2, 3, 4, 5, 6]
310100#[0, 1, 2, 3, 4, 5, 6]
101201#[0, 1, 2, 3, 4, 5, 6]
1031000#[0, 1, 2, 3, 4, 5, 6]
1001300#[0, 1, 2, 3, 4, 5, 6]
101210#[0, 1, 2, 3, 4, 5, 6]
11102#[0, 1, 2, 3, 4, 5, 6]
1201010#[0, 1, 2, 3, 4, 5, 6]
220001#[0, 1, 2, 3, 4, 5, 6]
1000301#[0, 1, 2, 3, 4, 5, 6]
2011001#[0, 1, 2, 3, 4, 5, 6]
11111#[2, 3, 4, 5, 6]
220010#[0, 1, 2, 3, 4, 5, 6]
100202#[0, 1, 2, 3, 4, 5, 6]
11120#[0, 1, 2, 3, 4, 5, 6]
100211#[0, 1, 2, 3, 4, 5, 6]
10100#[0, 1, 2, 3, 4, 5, 6]
1120100#[0, 1, 2, 3, 4, 5, 6]
1030010#[0, 1, 2, 3, 4, 5, 6]
10103#[0, 1, 2, 3, 4, 5, 6]
1000310#[0, 1, 2, 3, 4, 5, 6]
1201001#[0, 1, 2, 3, 4, 5, 6]
100220#[0, 1, 2, 3, 4, 5, 6]
1030001#[0, 1, 2, 3, 4, 5, 6]
2012000#[0, 1, 2, 3, 4, 5, 6]
10112#[0, 1, 2, 3, 4, 5, 6]
2010011#[0, 1, 2, 3, 4, 5, 6]
1200020#[0, 1, 2, 3, 4, 5, 6]
10121#[0, 1, 2, 3, 4, 5, 6]
2010002#[0, 1, 2, 3, 4, 5, 6]
1200002#[0, 1, 2, 3, 4, 5, 6]
10130#[0, 1, 2, 3, 4, 5, 6]
1200011#[0, 1, 2, 3, 4, 5, 6]
2011010#[0, 1, 2, 3, 4, 5, 6]
4100000#[1, 2, 3, 4, 5, 6]
4001#[0, 1, 2, 4, 5, 6]
3000200#[0, 1, 2, 3, 4, 5, 6]
2100101#[0, 1, 2, 3, 4, 5, 6]
12200#[0, 1, 2, 3, 4, 5, 6]
4010#[0, 1, 2, 4, 5, 6]
2100110#[0, 1, 2, 3, 4, 5, 6]
302000#[0, 1, 2, 3, 4, 5, 6]
101300#[0, 1, 2, 3, 4, 5, 6]
131000#[0, 1, 2, 3, 4, 5, 6]
3002#[0, 1, 2, 3, 4, 5, 6]
2010020#[0, 1, 2, 3, 4, 5, 6]
11201#[0, 1, 2, 3, 4, 5, 6]
2011100#[0, 1, 2, 3, 4, 5, 6]
3011#[0, 1, 2, 3, 4, 5, 6]
220100#[0, 1, 2, 3, 4, 5, 6]
2100200#[0, 1, 2, 3, 4, 5, 6]
1111001#[0, 1, 2, 3, 6]
11210#[0, 1, 2, 3, 4, 5, 6]
100301#[0, 1, 2, 3, 4, 5, 6]
3020#[0, 1, 2, 3, 4, 5, 6]
301001#[0, 1, 2, 3, 4, 5, 6]
2000#[0, 1, 2, 3, 4, 5, 6]
1112000#[0, 1, 2, 3, 4, 5, 6]
130001#[0, 1, 2, 3, 4, 5, 6]
2003#[0, 1, 2, 3, 4, 5, 6]
301010#[0, 1, 2, 3, 4, 5, 6]
100310#[0, 1, 2, 3, 4, 5, 6]
10202#[0, 1, 2, 3, 4, 5, 6]
1030100#[0, 1, 2, 3, 4, 5, 6]
130010#[0, 1, 2, 3, 4, 5, 6]
2012#[0, 1, 2, 3, 4, 5, 6]
1201100#[0, 1, 2, 3, 4, 5, 6]
1000400#[0, 1, 2, 3, 5, 6]
2010110#[0, 1, 2, 3, 4, 5, 6]
1110002#[0, 1, 2, 3, 4, 5, 6]
10211#[0, 1, 2, 3, 4, 5, 6]
2021#[0, 1, 2, 3, 4, 5, 6]
300002#[0, 1, 2, 3, 4, 5, 6]
1001#[0, 1, 2, 3, 4, 5, 6]
1110011#[0, 1, 2, 5, 6]
2010101#[0, 1, 2, 3, 4, 5, 6]
10220#[0, 1, 2, 3, 4, 5, 6]
1004#[0, 1, 2, 3, 4, 5]
2030#[0, 1, 2, 3, 4, 5, 6]
300011#[0, 1, 2, 3, 4, 5, 6]
300020#[0, 1, 2, 3, 4, 5, 6]
1111010#[0, 1, 2, 3, 5]
1010#[0, 1, 2, 3, 4, 5, 6]
1013#[0, 1, 2, 3, 4, 5, 6]
1200101#[0, 1, 2, 3, 4, 5, 6]
1200110#[0, 1, 2, 3, 4, 5, 6]
1022#[0, 1, 2, 3, 4, 5, 6]
