3203120#[1, 4, 5]
311300#[2, 3]
2#[0, 1, 2, 3, 4, 5, 6]
303110#[4, 5]
311303#[2, 3]
1032203#[0, 3, 4]
303104#[4]
3113003#[1, 2]
1032200#[0, 3, 4]
3113000#[1, 2]
213002#[1, 2, 6]
2400302#[0, 6]
11#[5, 6]
303113#[4, 5]
14#[5]
3031103#[3, 4]
2302001#[0, 3, 6]
3031100#[3, 4]
20#[0, 1, 2, 3, 4, 5, 6]
303122#[4, 5, 6]
23#[0, 1, 2, 3, 4, 5, 6]
2302004#[0, 3]
2310203#[0, 2, 4]
2302010#[0, 3, 5]
2310200#[0, 2, 4]
213023#[1, 2, 5]
2302013#[0, 3, 5]
303131#[4, 6]
213020#[1, 2, 5]
32#[0, 1, 2, 3, 4, 5, 6]
303140#[4]
2220032#[0, 1, 2, 6]
4022300#[2, 3]
311330#[2, 3]
41000#[3]
41#[6]
1032230#[0, 3, 4]
3301400#[3]
213032#[1, 2, 6]
41003#[3]
3203102#[1, 4, 6]
3031040#[3]
2130020#[0, 1, 5]
41030#[3]
2130023#[0, 1, 5]
41033#[3]
2130032#[0, 1, 6]
1032302#[0, 3, 6]
303200#[0, 1, 2, 3, 4, 5, 6]
2400320#[0, 5]
2302022#[0, 3, 5, 6]
101#[4, 6]
303203#[0, 1, 2, 3, 4, 5, 6]
303212#[4, 5, 6]
104#[4]
3113030#[1, 2]
2302031#[0, 3, 6]
110#[4, 5]
303221#[4, 5, 6]
113#[4, 5]
2130002#[0, 1, 6]
3031130#[3, 4]
221303#[1, 2, 3]
2310230#[0, 2, 4]
221300#[1, 2, 3]
303230#[0, 1, 2, 3, 4, 5, 6]
122#[4, 5, 6]
123002#[1, 2, 6]
2302040#[0, 3]
3023021#[2, 5, 6]
131#[4, 6]
134#[4]
2220200#[0, 1, 2, 4]
4301000#[3]
3023012#[2, 5, 6]
2220203#[0, 1, 2, 4]
4301003#[3]
3031202#[3, 4, 6]
140#[4]
123020#[1, 2, 5]
123023#[1, 2, 5]
1032320#[0, 3, 5]
143#[4]
2302130#[0, 3, 4]
221330#[1, 2, 3]
2310320#[0, 2, 5]
3023030#[0, 1, 2, 3, 4, 5, 6]
123032#[1, 2, 6]
3031220#[3, 4, 5]
4301030#[3]
3203201#[1, 4, 6]
2302103#[0, 3, 4]
3023003#[0, 1, 2, 3, 4, 5, 6]
3023000#[0, 1, 2, 3, 4, 5, 6]
2302100#[0, 3, 4]
3203210#[1, 4, 5]
2310302#[0, 2, 6]
303302#[0, 1, 2, 3, 4, 5, 6]
200#[0, 1, 2, 3, 4, 5, 6]
2040023#[0, 5]
2040020#[0, 5]
203#[0, 1, 2, 3, 4, 5, 6]
303311#[5, 6]
3023102#[2, 4, 6]
213203#[1, 2, 4]
213200#[1, 2, 4]
3203300#[0, 1, 2, 3, 4, 5, 6]
212#[4, 5, 6]
2302202#[0, 3, 4, 6]
303320#[0, 1, 2, 3, 4, 5, 6]
2040002#[0, 6]
221#[4, 5, 6]
224#[4, 5]
131303#[1, 3]
230#[0, 1, 2, 3, 4, 5, 6]
131300#[1, 3]
2220230#[0, 1, 2, 4]
233#[0, 1, 2, 3, 4, 5, 6]
33002#[0, 1, 2, 3, 4, 5, 6]
213230#[1, 2, 4]
242#[4, 6]
33011#[5, 6]
33014#[5]
33020#[0, 1, 2, 3, 4, 5, 6]
2040032#[0, 6]
33023#[0, 1, 2, 3, 4, 5, 6]
131330#[1, 3]
2220320#[0, 1, 2, 5]
33032#[0, 1, 2, 3, 4, 5, 6]
33041#[6]
2130230#[0, 1, 4]
3031310#[3, 5]
3031301#[3, 6]
303401#[6]
302#[0, 1, 2, 3, 4, 5, 6]
2220302#[0, 1, 2, 6]
2302220#[0, 3, 4, 5]
213302#[1, 2, 6]
303410#[5]
311#[5, 6]
2130200#[0, 1, 4]
314#[5]
2130203#[0, 1, 4]
3023120#[2, 4, 5]
320#[0, 1, 2, 3, 4, 5, 6]
123200#[1, 2, 4]
2204000#[0, 1]
123203#[1, 2, 4]
2204003#[0, 1]
323#[0, 1, 2, 3, 4, 5, 6]
3023210#[2, 4, 5]
2302310#[0, 3, 5]
3031400#[3]
213320#[1, 2, 5]
332#[0, 1, 2, 3, 4, 5, 6]
33101#[4, 6]
3023201#[2, 4, 6]
33104#[4]
41300#[3]
341#[6]
33110#[4, 5]
41303#[3]
33113#[4, 5]
2130302#[0, 1, 6]
123230#[1, 2, 4]
2204030#[0, 1]
33122#[4, 5, 6]
3400022#[5, 6]
33131#[4, 6]
3400031#[6]
3400001#[6]
41330#[3]
33140#[4]
3400010#[5]
3113300#[1, 2]
3400013#[5]
2302301#[0, 3, 6]
2032031#[0, 3, 6]
3310001#[2, 6]
3310004#[2]
3310010#[2, 5]
2032022#[0, 3, 5, 6]
3310013#[2, 5]
401#[6]
2032013#[0, 3, 5]
2040203#[0, 4]
3400103#[4]
2032010#[0, 3, 5]
410003#[2]
410000#[2]
2040200#[0, 4]
3400100#[4]
410#[5]
2032004#[0, 3]
413#[5]
2032001#[0, 3, 6]
422#[5, 6]
123302#[1, 2, 6]
410030#[2]
431#[6]
33200#[0, 1, 2, 3, 4, 5, 6]
2130320#[0, 1, 5]
33203#[0, 1, 2, 3, 4, 5, 6]
4301300#[3]
2032040#[0, 3]
410033#[2]
123320#[1, 2, 5]
2040230#[0, 4]
4203002#[1, 6]
33212#[4, 5, 6]
33221#[4, 5, 6]
1303001#[0, 6]
33230#[0, 1, 2, 3, 4, 5, 6]
1303004#[0]
2302400#[0, 3]
1303031#[0, 6]
3023300#[0, 1, 2, 3, 4, 5, 6]
3310040#[2]
2040302#[0, 6]
1303010#[0, 5]
3400130#[4]
3310022#[2, 5, 6]
1303013#[0, 5]
2032103#[0, 3, 4]
2032100#[0, 3, 4]
3310031#[2, 6]
1303022#[0, 5, 6]
3310130#[2, 4]
320000#[0, 1, 2, 3, 4, 5, 6]
320003#[0, 1, 2, 3, 4, 5, 6]
3220022#[1, 2, 5, 6]
320012#[2, 5, 6]
4031030#[3]
3220031#[1, 2, 6]
3220001#[1, 2, 6]
320021#[2, 5, 6]
1303040#[0]
3220004#[1, 2]
33302#[0, 1, 2, 3, 4, 5, 6]
320030#[0, 1, 2, 3, 4, 5, 6]
3220010#[1, 2, 5]
3220013#[1, 2, 5]
320024#[2, 5]
2032130#[0, 3, 4]
2040320#[0, 5]
33311#[5, 6]
320033#[0, 1, 2, 3, 4, 5, 6]
3310103#[2, 4]
4031000#[3]
3310100#[2, 4]
4031003#[3]
33320#[0, 1, 2, 3, 4, 5, 6]
1303103#[0, 4]
320042#[2, 6]
3400220#[4, 5]
1303100#[0, 4]
3400202#[4, 6]
2024030#[0, 2]
3302003#[0, 1, 2, 3, 4, 5, 6]
3302000#[0, 1, 2, 3, 4, 5, 6]
1000013#[0, 5]
2032220#[0, 3, 4, 5]
1000010#[0, 5]
3400310#[5]
3310202#[2, 4, 6]
1303130#[0, 4]
1000004#[0]
4203020#[1, 5]
1000001#[0, 6]
3302012#[3, 5, 6]
1000031#[0, 6]
402002#[3, 6]
2032202#[0, 3, 4, 6]
1000022#[0, 5, 6]
2024003#[0, 2]
3400301#[6]
2024000#[0, 2]
402023#[3, 5]
320102#[2, 4, 6]
402020#[3, 5]
1000043#[0]
1000040#[0]
1000034#[0]
230003#[0, 1, 2, 3, 4, 5, 6]
230000#[0, 1, 2, 3, 4, 5, 6]
402032#[3, 6]
33401#[6]
3220040#[1, 2]
320120#[2, 4, 5]
230012#[1, 5, 6]
320123#[2, 4, 5]
320132#[2, 4, 6]
3130031#[1, 6]
4203200#[1, 4]
33410#[5]
230021#[1, 5, 6]
3130022#[1, 5, 6]
230024#[1, 5]
230030#[0, 1, 2, 3, 4, 5, 6]
230033#[0, 1, 2, 3, 4, 5, 6]
3220130#[1, 2, 4]
3130040#[1]
230042#[1, 6]
1303220#[0, 4, 5]
1000103#[0, 4]
2032310#[0, 3, 5]
1000100#[0, 4]
2204300#[0, 1]
1303202#[0, 4, 6]
3130013#[1, 5]
2032301#[0, 3, 6]
3130010#[1, 5]
3220100#[1, 2, 4]
3220103#[1, 2, 4]
3302021#[3, 5, 6]
410303#[2]
410300#[2]
3130004#[1]
3302030#[0, 1, 2, 3, 4, 5, 6]
3310220#[2, 4, 5]
3130001#[1, 6]
312002#[2, 3, 6]
320204#[2, 4]
1000133#[0, 4]
320201#[2, 4, 6]
1000130#[0, 4]
3220220#[1, 2, 4, 5]
3212030#[1, 2, 3]
312020#[2, 3, 5]
4023020#[2, 5]
320213#[2, 4, 5]
3212000#[1, 2, 3]
3212003#[1, 2, 3]
312023#[2, 3, 5]
3310310#[2, 5]
230102#[1, 4, 6]
320210#[2, 4, 5]
3130103#[1, 4]
3302120#[3, 4, 5]
320222#[2, 4, 5, 6]
3220202#[1, 2, 4, 6]
3130100#[1, 4]
410330#[2]
140003#[1]
140000#[1]
320231#[2, 4, 6]
312032#[2, 3, 6]
3302102#[3, 4, 6]
4023002#[2, 6]
230123#[1, 4, 5]
230120#[1, 4, 5]
3310301#[2, 6]
320240#[2, 4]
230132#[1, 4, 6]
140030#[1]
140033#[1]
1000202#[0, 4, 6]
3302201#[3, 4, 6]
2032400#[0, 3]
1000223#[0, 4, 5]
1000220#[0, 4, 5]
1303301#[0, 6]
1303310#[0, 5]
402203#[3, 4]
402200#[3, 4]
3040013#[5]
1033004#[0]
3040010#[5]
1033001#[0, 6]
1000232#[0, 4, 6]
320300#[0, 1, 2, 3, 4, 5, 6]
320303#[0, 1, 2, 3, 4, 5, 6]
3040001#[6]
402230#[3, 4]
3040031#[6]
1033022#[0, 5, 6]
222002#[1, 2, 3, 6]
3040022#[5, 6]
1033013#[0, 5]
230201#[1, 4, 6]
320312#[2, 5, 6]
1033010#[0, 5]
3130130#[1, 4]
230204#[1, 4]
230210#[1, 4, 5]
3122030#[1, 2, 3]
3130220#[1, 4, 5]
222023#[1, 2, 3, 5]
320321#[2, 5, 6]
230213#[1, 4, 5]
222020#[1, 2, 3, 5]
1033031#[0, 6]
3040103#[4]
3040100#[4]
230222#[1, 4, 5, 6]
320330#[0, 1, 2, 3, 4, 5, 6]
222032#[1, 2, 3, 6]
230231#[1, 4, 6]
1033040#[0]
1000301#[0, 6]
230240#[1, 4]
3220310#[1, 2, 5]
3302210#[3, 4, 5]
2024300#[0, 2]
3310400#[2]
3130202#[1, 4, 6]
1000313#[0, 5]
402302#[3, 6]
1000310#[0, 5]
4031300#[3]
1303400#[0]
3220301#[1, 2, 6]
3122003#[1, 2, 3]
1000304#[0]
3122000#[1, 2, 3]
1033103#[0, 4]
1000334#[0]
3220400#[1, 2]
1033100#[0, 4]
1000331#[0, 6]
3204020#[1, 5]
304001#[6]
304013#[5]
312200#[2, 3, 4]
1000322#[0, 5, 6]
304010#[5]
312203#[2, 3, 4]
3130301#[1, 6]
3204002#[1, 6]
304022#[5, 6]
320402#[2, 6]
402320#[3, 5]
1000343#[0]
304031#[6]
1000340#[0]
230303#[0, 1, 2, 3, 4, 5, 6]
4023200#[2, 4]
230300#[0, 1, 2, 3, 4, 5, 6]
132002#[1, 3, 6]
320420#[2, 5]
312230#[2, 3, 4]
1033130#[0, 4]
230312#[1, 5, 6]
3040130#[4]
3302300#[0, 1, 2, 3, 4, 5, 6]
4310000#[2]
230321#[1, 5, 6]
4310003#[2]
132023#[1, 3, 5]
132020#[1, 3, 5]
230330#[0, 1, 2, 3, 4, 5, 6]
132032#[1, 3, 6]
1000403#[0]
1000400#[0]
304100#[4]
1000430#[0]
3032012#[3, 5, 6]
304103#[4]
3040202#[4, 6]
1001#[3, 6]
3130310#[1, 5]
312302#[2, 3, 6]
1004#[3]
3032003#[0, 1, 2, 3, 4, 5, 6]
3032000#[0, 1, 2, 3, 4, 5, 6]
3032030#[0, 1, 2, 3, 4, 5, 6]
3040220#[4, 5]
1010#[3, 5]
1013#[3, 5]
222203#[1, 2, 3, 4]
3032021#[3, 5, 6]
222200#[1, 2, 3, 4]
1033202#[0, 4, 6]
1022#[3, 5, 6]
1000433#[0]
230402#[1, 6]
3040301#[6]
312320#[2, 3, 5]
304130#[4]
2303012#[0, 5, 6]
1031#[3, 6]
3032102#[3, 4, 6]
1034#[3]
1033220#[0, 4, 5]
140303#[1]
2303021#[0, 5, 6]
140300#[1]
3130400#[1]
1040#[3]
42002#[3, 6]
1043#[3]
2303030#[0, 1, 2, 3, 4, 5, 6]
222230#[1, 2, 3, 4]
3032120#[3, 4, 5]
230420#[1, 5]
3040310#[5]
4220000#[1, 2]
4220003#[1, 2]
42020#[3, 5]
42023#[3, 5]
140330#[1]
42032#[3, 6]
2303003#[0, 1, 2, 3, 4, 5, 6]
2303000#[0, 1, 2, 3, 4, 5, 6]
3212300#[1, 2, 3]
4220030#[1, 2]
1320020#[0, 2, 5]
1320023#[0, 2, 5]
1100#[3, 4]
304202#[4, 6]
1103#[3, 4]
4310030#[2]
1033310#[0, 5]
3122300#[1, 2, 3]
1320002#[0, 2, 6]
304220#[4, 5]
3204200#[1, 4]
1033301#[0, 6]
2303102#[0, 4, 6]
222302#[1, 2, 3, 6]
132203#[1, 3, 4]
132200#[1, 3, 4]
1130#[3, 4]
1133#[3, 4]
222320#[1, 2, 3, 5]
1320032#[0, 2, 6]
2000030#[0, 1, 2, 3, 4, 5, 6]
132230#[1, 3, 4]
4302020#[3, 5]
2000024#[0, 5]
2213030#[0, 1, 2]
2000021#[0, 5, 6]
2000012#[0, 5, 6]
2000003#[0, 1, 2, 3, 4, 5, 6]
2000000#[0, 1, 2, 3, 4, 5, 6]
1230002#[0, 1, 6]
3032201#[3, 4, 6]
304301#[6]
2213000#[0, 1, 2]
2213003#[0, 1, 2]
3024002#[2, 6]
1202#[3, 4, 6]
304310#[5]
2303120#[0, 4, 5]
2000042#[0, 6]
1033400#[0]
3024020#[2, 5]
3032210#[3, 4, 5]
2000033#[0, 1, 2, 3, 4, 5, 6]
2303201#[0, 4, 6]
1230032#[0, 1, 6]
3032300#[0, 1, 2, 3, 4, 5, 6]
1220#[3, 4, 5]
1223#[3, 4, 5]
2303210#[0, 4, 5]
132302#[1, 3, 6]
1232#[3, 4, 6]
34001#[6]
4130030#[1]
1230023#[0, 1, 5]
1230020#[0, 1, 5]
42200#[3, 4]
2123000#[0, 1, 2]
34010#[5]
42203#[3, 4]
2123003#[0, 1, 2]
34013#[5]
132320#[1, 3, 5]
2000123#[0, 4, 5]
34022#[5, 6]
2000120#[0, 4, 5]
4130003#[1]
34031#[6]
4130000#[1]
4302002#[3, 6]
42230#[3, 4]
2000102#[0, 4, 6]
1301#[3, 6]
1304#[3]
3401003#[3]
2000132#[0, 4, 6]
3401000#[3]
1320200#[0, 2, 4]
1310#[3, 5]
1320203#[0, 2, 4]
1313#[3, 5]
1322#[3, 5, 6]
1320230#[0, 2, 4]
1331#[3, 6]
34100#[4]
2123030#[0, 1, 2]
1334#[3]
34103#[4]
4302200#[3, 4]
1340#[3]
42302#[3, 6]
1343#[3]
2000222#[0, 4, 5, 6]
2000213#[0, 4, 5]
2000210#[0, 4, 5]
42320#[3, 5]
2000204#[0, 4]
34130#[4]
2000201#[0, 4, 6]
4310300#[2]
2033021#[0, 5, 6]
3024200#[2, 4]
2303300#[0, 1, 2, 3, 4, 5, 6]
1230203#[0, 1, 4]
1230200#[0, 1, 4]
2033012#[0, 5, 6]
2000243#[0, 4]
2000240#[0, 4]
2033003#[0, 1, 2, 3, 4, 5, 6]
2000234#[0, 4]
3401030#[3]
2033000#[0, 1, 2, 3, 4, 5, 6]
1400#[3]
2000231#[0, 4, 6]
1320302#[0, 2, 6]
1403#[3]
1230230#[0, 1, 4]
3311030#[2, 3]
1320320#[0, 2, 5]
2213300#[0, 1, 2]
1430#[3]
2033030#[0, 1, 2, 3, 4, 5, 6]
1433#[3]
34202#[4, 6]
2000312#[0, 5, 6]
3311003#[2, 3]
3311000#[2, 3]
34220#[4, 5]
2000303#[0, 1, 2, 3, 4, 5, 6]
2000300#[0, 1, 2, 3, 4, 5, 6]
4130300#[1]
2000342#[0, 6]
1230302#[0, 1, 6]
4220300#[1, 2]
1304030#[0]
1304003#[0]
2033102#[0, 4, 6]
2000333#[0, 1, 2, 3, 4, 5, 6]
1304000#[0]
2000330#[0, 1, 2, 3, 4, 5, 6]
2000324#[0, 5]
2000321#[0, 5, 6]
1230320#[0, 1, 5]
321002#[2, 3, 6]
321020#[2, 3, 5]
321023#[2, 3, 5]
34301#[6]
2033120#[0, 4, 5]
2123300#[0, 1, 2]
34310#[5]
2000402#[0, 6]
321032#[2, 3, 6]
3221030#[1, 2, 3]
1001003#[0, 3]
2033210#[0, 4, 5]
1001000#[0, 3]
4032020#[3, 5]
2033201#[0, 4, 6]
2000432#[0, 6]
2000423#[0, 5]
3221000#[1, 2, 3]
2000420#[0, 5]
3221003#[1, 2, 3]
403001#[6]
4032002#[3, 6]
403013#[5]
403010#[5]
1001033#[0, 3]
403022#[5, 6]
1001030#[0, 3]
3303011#[5, 6]
403031#[6]
3131003#[1, 3]
3131000#[1, 3]
231002#[1, 3, 6]
3303020#[0, 1, 2, 3, 4, 5, 6]
3401300#[3]
3303002#[0, 1, 2, 3, 4, 5, 6]
231023#[1, 3, 5]
231020#[1, 3, 5]
231032#[1, 3, 6]
2033300#[0, 1, 2, 3, 4, 5, 6]
2320040#[0, 2]
3303101#[4, 6]
403103#[4]
403100#[4]
100001#[1, 6]
2320001#[0, 2, 6]
100004#[1]
2320004#[0, 2]
313004#[2]
2320010#[0, 2, 5]
100010#[1, 5]
100013#[1, 5]
313001#[2, 6]
2320013#[0, 2, 5]
313013#[2, 5]
321200#[2, 3, 4]
2320022#[0, 2, 5, 6]
313010#[2, 5]
100022#[1, 5, 6]
321203#[2, 3, 4]
3131030#[1, 3]
313022#[2, 5, 6]
2320031#[0, 2, 6]
403130#[4]
100031#[1, 6]
313031#[2, 6]
100034#[1]
3000041#[6]
2320103#[0, 2, 4]
3041003#[3]
3041000#[3]
2320100#[0, 2, 4]
100040#[1]
321230#[2, 3, 4]
2402030#[0, 3]
100043#[1]
3000032#[0, 1, 2, 3, 4, 5, 6]
2230001#[0, 1, 6]
313040#[2]
2230004#[0, 1]
2230010#[0, 1, 5]
2230013#[0, 1, 5]
3000014#[5]
3000011#[5, 6]
3213020#[1, 2, 5]
3000002#[0, 1, 2, 3, 4, 5, 6]
3303110#[4, 5]
2402000#[0, 3]
4032200#[3, 4]
3311300#[2, 3]
2402003#[0, 3]
3000020#[0, 1, 2, 3, 4, 5, 6]
3000023#[0, 1, 2, 3, 4, 5, 6]
3213002#[1, 2, 6]
1304300#[0]
3000110#[4, 5]
403202#[4, 6]
100100#[1, 4]
3000104#[4]
3221300#[1, 2, 3]
100103#[1, 4]
3000101#[4, 6]
313100#[2, 4]
313103#[2, 4]
10001#[2, 6]
321302#[2, 3, 6]
3303200#[0, 1, 2, 3, 4, 5, 6]
403220#[4, 5]
10004#[2]
3123002#[1, 2, 6]
3000122#[4, 5, 6]
223001#[1, 2, 6]
10010#[2, 5]
3000113#[4, 5]
1034003#[0]
10013#[2, 5]
1034000#[0]
223004#[1, 2]
231203#[1, 3, 4]
223010#[1, 2, 5]
2320130#[0, 2, 4]
1034030#[0]
231200#[1, 3, 4]
100130#[1, 4]
2230022#[0, 1, 5, 6]
100133#[1, 4]
10022#[2, 5, 6]
223013#[1, 2, 5]
3041030#[3]
321320#[2, 3, 5]
223022#[1, 2, 5, 6]
2230031#[0, 1, 6]
313130#[2, 4]
10031#[2, 6]
10034#[2]
223031#[1, 2, 6]
10040#[2]
2230040#[0, 1]
10043#[2]
231230#[1, 3, 4]
223040#[1, 2]
2230130#[0, 1, 4]
1001303#[0, 3]
1001300#[0, 3]
2312003#[0, 2, 3]
3000140#[4]
3000143#[4]
403301#[6]
3123020#[1, 2, 5]
2312000#[0, 2, 3]
403310#[5]
2320202#[0, 2, 4, 6]
100202#[1, 4, 6]
3000134#[4]
3000131#[4, 6]
10100#[2, 4]
2230103#[0, 1, 4]
313202#[2, 4, 6]
2230100#[0, 1, 4]
10103#[2, 4]
1001333#[0, 3]
223103#[1, 2, 4]
100220#[1, 4, 5]
1001330#[0, 3]
2312030#[0, 2, 3]
100223#[1, 4, 5]
2320220#[0, 2, 4, 5]
223100#[1, 2, 4]
313220#[2, 4, 5]
3033002#[0, 1, 2, 3, 4, 5, 6]
3000233#[0, 1, 2, 3, 4, 5, 6]
231302#[1, 3, 6]
100232#[1, 4, 6]
133001#[1, 6]
3000230#[0, 1, 2, 3, 4, 5, 6]
3131300#[1, 3]
3000224#[4, 5]
2320301#[0, 2, 6]
133004#[1]
133010#[1, 5]
2222000#[0, 1, 2, 3]
3033020#[0, 1, 2, 3, 4, 5, 6]
10130#[2, 4]
2222003#[0, 1, 2, 3]
2320310#[0, 2, 5]
10133#[2, 4]
133013#[1, 5]
2230202#[0, 1, 4, 6]
223130#[1, 2, 4]
231320#[1, 3, 5]
133022#[1, 5, 6]
3033011#[5, 6]
3000242#[4, 6]
3213200#[1, 2, 4]
3000200#[0, 1, 2, 3, 4, 5, 6]
133031#[1, 6]
3000203#[0, 1, 2, 3, 4, 5, 6]
3000221#[4, 5, 6]
133040#[1]
3000212#[4, 5, 6]
3000302#[0, 1, 2, 3, 4, 5, 6]
100301#[1, 6]
2000#[0, 1, 2, 3, 4, 5, 6]
313301#[2, 6]
100304#[1]
2003#[0, 1, 2, 3, 4, 5, 6]
100310#[1, 5]
3000314#[5]
100313#[1, 5]
2402300#[0, 3]
3000311#[5, 6]
10202#[2, 4, 6]
313310#[2, 5]
2012#[3, 5, 6]
223202#[1, 2, 4, 6]
100322#[1, 5, 6]
2021#[3, 5, 6]
2024#[3, 5]
100331#[1, 6]
10220#[2, 4, 5]
133103#[1, 4]
2030#[0, 1, 2, 3, 4, 5, 6]
2230220#[0, 1, 4, 5]
133100#[1, 4]
10223#[2, 4, 5]
2222030#[0, 1, 2, 3]
100334#[1]
2033#[0, 1, 2, 3, 4, 5, 6]
100340#[1]
100343#[1]
223220#[1, 2, 4, 5]
10232#[2, 4, 6]
43001#[6]
2042#[3, 6]
2132000#[0, 1, 3]
43010#[5]
2132003#[0, 1, 3]
2230310#[0, 1, 5]
43013#[5]
133130#[1, 4]
43022#[5, 6]
43031#[6]
2132030#[0, 1, 3]
3000332#[0, 1, 2, 3, 4, 5, 6]
2304002#[0, 6]
3033101#[4, 6]
3000320#[0, 1, 2, 3, 4, 5, 6]
3000323#[0, 1, 2, 3, 4, 5, 6]
3123200#[1, 2, 4]
100400#[1]
100403#[1]
2320400#[0, 2]
1034300#[0]
2102#[3, 4, 6]
2304020#[0, 5]
3033110#[4, 5]
3000341#[6]
3041300#[3]
313400#[2]
10301#[2, 6]
2230301#[0, 1, 6]
10304#[2]
3000431#[6]
223301#[1, 2, 6]
10310#[2, 5]
2120#[3, 4, 5]
10313#[2, 5]
3000422#[5, 6]
2123#[3, 4, 5]
223310#[1, 2, 5]
2312300#[0, 2, 3]
100430#[1]
133202#[1, 4, 6]
100433#[1]
10322#[2, 5, 6]
2132#[3, 4, 6]
3410030#[2]
10331#[2, 6]
43100#[4]
3033200#[0, 1, 2, 3, 4, 5, 6]
10334#[2]
43103#[4]
2001023#[0, 3, 5]
2001020#[0, 3, 5]
3410000#[2]
10340#[2]
133220#[1, 4, 5]
3410003#[2]
10343#[2]
1403000#[0]
1403003#[0]
3000413#[5]
2001002#[0, 3, 6]
3000410#[5]
43130#[4]
3000401#[6]
1403030#[0]
2042003#[0, 3]
2042000#[0, 3]
2001032#[0, 3, 6]
2201#[3, 4, 6]
2204#[3, 4]
10400#[2]
2210#[3, 4, 5]
2230400#[0, 1]
10403#[2]
420002#[2, 6]
2213#[3, 4, 5]
223400#[1, 2]
2222#[3, 4, 5, 6]
420023#[2, 5]
2042030#[0, 3]
420020#[2, 5]
133301#[1, 6]
2231#[3, 4, 6]
2234#[3, 4]
133310#[1, 5]
4303100#[4]
10430#[2]
2240#[3, 4]
10433#[2]
43202#[4, 6]
2243#[3, 4]
420032#[2, 6]
43220#[4, 5]
4303001#[6]
4303010#[5]
3320021#[2, 5, 6]
2304200#[0, 4]
3320030#[0, 1, 2, 3, 4, 5, 6]
1100030#[0, 1]
1100000#[0, 1]
3320003#[0, 1, 2, 3, 4, 5, 6]
3320000#[0, 1, 2, 3, 4, 5, 6]
1100003#[0, 1]
2300#[0, 1, 2, 3, 4, 5, 6]
1313000#[0, 2]
2222300#[0, 1, 2, 3]
3320012#[2, 5, 6]
2303#[0, 1, 2, 3, 4, 5, 6]
1313003#[0, 2]
3230000#[0, 1, 2, 3, 4, 5, 6]
3230003#[0, 1, 2, 3, 4, 5, 6]
2312#[3, 5, 6]
3320120#[2, 4, 5]
3230012#[1, 5, 6]
2321#[3, 5, 6]
1100033#[0, 1]
1313030#[0, 2]
3320102#[2, 4, 6]
2324#[3, 5]
330002#[0, 1, 2, 3, 4, 5, 6]
3402020#[3, 5]
2330#[0, 1, 2, 3, 4, 5, 6]
133400#[1]
330014#[5]
2333#[0, 1, 2, 3, 4, 5, 6]
330011#[5, 6]
330020#[0, 1, 2, 3, 4, 5, 6]
3402002#[3, 6]
330023#[0, 1, 2, 3, 4, 5, 6]
4000031#[6]
43301#[6]
2342#[3, 6]
4000022#[5, 6]
2001203#[0, 3, 4]
43310#[5]
2001200#[0, 3, 4]
4000013#[5]
330032#[0, 1, 2, 3, 4, 5, 6]
4000010#[5]
4000001#[6]
330041#[6]
3410300#[2]
1223003#[0, 1, 2]
1223000#[0, 1, 2]
2034002#[0, 6]
2001233#[0, 3, 4]
2001230#[0, 3, 4]
4000100#[4]
4000103#[4]
1010003#[0, 2]
1010000#[0, 2]
1010030#[0, 2]
2402#[3, 6]
1223030#[0, 1, 2]
2132300#[0, 1, 3]
420203#[2, 4]
420200#[2, 4]
330101#[4, 6]
3230021#[1, 5, 6]
2420#[3, 5]
2423#[3, 5]
2034020#[0, 5]
330110#[4, 5]
330104#[4]
1010033#[0, 2]
3230030#[0, 1, 2, 3, 4, 5, 6]
420230#[2, 4]
2432#[3, 6]
240002#[1, 6]
330113#[4, 5]
2001302#[0, 3, 6]
3140003#[1]
3140000#[1]
330122#[4, 5, 6]
3140030#[1]
240023#[1, 5]
330131#[4, 6]
240020#[1, 5]
3230120#[1, 4, 5]
330140#[4]
3320210#[2, 4, 5]
240032#[1, 6]
2042300#[0, 3]
3312020#[2, 3, 5]
3230102#[1, 4, 6]
2001332#[0, 3, 6]
3312002#[2, 3, 6]
1403300#[0]
2001323#[0, 3, 5]
2001320#[0, 3, 5]
4000133#[4]
3320201#[2, 4, 6]
4000130#[4]
3222002#[1, 2, 3, 6]
3230201#[1, 4, 6]
420302#[2, 6]
4033010#[5]
322004#[2, 3]
4033001#[6]
322001#[2, 3, 6]
4000232#[4, 6]
1133000#[0, 1]
322013#[2, 3, 5]
1133003#[0, 1]
330200#[0, 1, 2, 3, 4, 5, 6]
330203#[0, 1, 2, 3, 4, 5, 6]
3320300#[0, 1, 2, 3, 4, 5, 6]
322010#[2, 3, 5]
4000220#[4, 5]
330212#[4, 5, 6]
322022#[2, 3, 5, 6]
4000223#[4, 5]
420320#[2, 5]
330221#[4, 5, 6]
322031#[2, 3, 6]
3402200#[3, 4]
330230#[0, 1, 2, 3, 4, 5, 6]
1133030#[0, 1]
4000202#[4, 6]
322040#[2, 3]
1313300#[0, 2]
4000313#[5]
2034200#[0, 4]
4000310#[5]
4000301#[6]
1100300#[0, 1]
1002002#[0, 3, 6]
1100303#[0, 1]
1002023#[0, 3, 5]
1002020#[0, 3, 5]
322100#[2, 3, 4]
3230210#[1, 4, 5]
322103#[2, 3, 4]
1043003#[0]
3222020#[1, 2, 3, 5]
1043000#[0]
1100330#[0, 1]
330302#[0, 1, 2, 3, 4, 5, 6]
1100333#[0, 1]
1002032#[0, 3, 6]
232001#[1, 3, 6]
330311#[5, 6]
232004#[1, 3]
240203#[1, 4]
2321003#[0, 2, 3]
232010#[1, 3, 5]
240200#[1, 4]
2321000#[0, 2, 3]
3132002#[1, 3, 6]
232013#[1, 3, 5]
232022#[1, 3, 5, 6]
330320#[0, 1, 2, 3, 4, 5, 6]
322130#[2, 3, 4]
1043030#[0]
3132020#[1, 3, 5]
232031#[1, 3, 6]
240230#[1, 4]
232040#[1, 3]
3230300#[0, 1, 2, 3, 4, 5, 6]
1010303#[0, 2]
4033100#[4]
1010300#[0, 2]
3304001#[6]
4000331#[6]
3304010#[5]
3312200#[2, 3, 4]
4000322#[5, 6]
3001004#[3]
3001001#[3, 6]
101000#[1, 3]
3222200#[1, 2, 3, 4]
101003#[1, 3]
1010333#[0, 2]
3001022#[3, 5, 6]
314000#[2]
1010330#[0, 2]
1223300#[0, 1, 2]
3304100#[4]
314003#[2]
3001013#[3, 5]
322202#[2, 3, 4, 6]
2403002#[0, 6]
3001010#[3, 5]
232103#[1, 3, 4]
330401#[6]
2321030#[0, 2, 3]
232100#[1, 3, 4]
101030#[1, 3]
101033#[1, 3]
322220#[2, 3, 4, 5]
314030#[2]
240302#[1, 6]
330410#[5]
232130#[1, 3, 4]
240320#[1, 5]
3042020#[3, 5]
2231030#[0, 1, 3]
1002203#[0, 3, 4]
1002200#[0, 3, 4]
3140300#[1]
1133300#[0, 1]
3001034#[3]
2403020#[0, 5]
3001031#[3, 6]
1002233#[0, 3, 4]
11000#[2, 3]
2231003#[0, 1, 3]
322301#[2, 3, 6]
1002230#[0, 3, 4]
2231000#[0, 1, 3]
11003#[2, 3]
3042002#[3, 6]
3001040#[3]
3001043#[3]
224003#[1, 2]
3001133#[3, 4]
2100002#[0, 1, 6]
322310#[2, 3, 5]
224000#[1, 2]
3132200#[1, 3, 4]
3001130#[3, 4]
232202#[1, 3, 4, 6]
2313002#[0, 2, 6]
2100020#[0, 1, 5]
11030#[2, 3]
2100023#[0, 1, 5]
11033#[2, 3]
224030#[1, 2]
232220#[1, 3, 4, 5]
2313020#[0, 2, 5]
3001100#[3, 4]
3001103#[3, 4]
1002302#[0, 3, 6]
4230002#[1, 6]
1330004#[0]
4320002#[2, 6]
1330001#[0, 6]
1330013#[0, 5]
1330010#[0, 5]
1002332#[0, 3, 6]
4320020#[2, 5]
1002323#[0, 3, 5]
1002320#[0, 3, 5]
3001202#[3, 4, 6]
2100032#[0, 1, 6]
322400#[2, 3]
1043300#[0]
1330040#[0]
232301#[1, 3, 6]
134003#[1]
134000#[1]
1330022#[0, 5, 6]
232310#[1, 3, 5]
1330031#[0, 6]
4320200#[2, 4]
134030#[1]
2010002#[0, 2, 6]
2223020#[0, 1, 2, 5]
1330100#[0, 4]
1330103#[0, 4]
2403200#[0, 4]
3001220#[3, 4, 5]
3001223#[3, 4, 5]
2010032#[0, 2, 6]
3034010#[5]
101300#[1, 3]
101303#[1, 3]
3042200#[3, 4]
2321300#[0, 2, 3]
314300#[2]
2010023#[0, 2, 5]
3002#[0, 1, 2, 3, 4, 5, 6]
2010020#[0, 2, 5]
2223002#[0, 1, 2, 6]
3001232#[3, 4, 6]
3034001#[6]
3011#[5, 6]
4230020#[1, 5]
3014#[5]
1330130#[0, 4]
3001322#[3, 5, 6]
2100200#[0, 1, 4]
2100203#[0, 1, 4]
3020#[0, 1, 2, 3, 4, 5, 6]
3001313#[3, 5]
3023#[0, 1, 2, 3, 4, 5, 6]
3001340#[3]
101330#[1, 3]
232400#[1, 3]
2313200#[0, 2, 4]
101333#[1, 3]
3032#[0, 1, 2, 3, 4, 5, 6]
3034100#[4]
3001331#[3, 6]
3041#[6]
3001310#[3, 5]
3001304#[3]
3001301#[3, 6]
1322000#[0, 2, 3]
1322003#[0, 2, 3]
1330202#[0, 4, 6]
3001400#[3]
3001403#[3]
3101#[4, 6]
3104#[4]
11300#[2, 3]
2231300#[0, 1, 3]
2100230#[0, 1, 4]
3110#[4, 5]
11303#[2, 3]
2100233#[0, 1, 4]
3113#[4, 5]
2133002#[0, 1, 6]
224300#[1, 2]
3122#[4, 5, 6]
1330220#[0, 4, 5]
1322030#[0, 2, 3]
3131#[4, 6]
2133020#[0, 1, 5]
3134#[4]
2100320#[0, 1, 5]
2223200#[0, 1, 2, 4]
11330#[2, 3]
2002013#[0, 3, 5]
2100323#[0, 1, 5]
2002010#[0, 3, 5]
3140#[4]
11333#[2, 3]
2010203#[0, 2, 4]
2010200#[0, 2, 4]
3143#[4]
2002004#[0, 3]
2100332#[0, 1, 6]
2002001#[0, 3, 6]
2002043#[0, 3]
2043002#[0, 6]
2002040#[0, 3]
2010233#[0, 2, 4]
2010230#[0, 2, 4]
1330301#[0, 6]
2002034#[0, 3]
2100302#[0, 1, 6]
2002031#[0, 3, 6]
2002022#[0, 3, 5, 6]
4230200#[1, 4]
3001430#[3]
3200#[0, 1, 2, 3, 4, 5, 6]
3203#[0, 1, 2, 3, 4, 5, 6]
1232030#[0, 1, 3]
3212#[4, 5, 6]
3321020#[2, 3, 5]
1232003#[0, 1, 3]
1232000#[0, 1, 3]
1330310#[0, 5]
2043020#[0, 5]
3221#[4, 5, 6]
3321002#[2, 3, 6]
3224#[4, 5]
3230#[0, 1, 2, 3, 4, 5, 6]
134300#[1]
2010302#[0, 2, 6]
3233#[0, 1, 2, 3, 4, 5, 6]
2002103#[0, 3, 4]
2002100#[0, 3, 4]
3242#[4, 6]
2010332#[0, 2, 6]
3403001#[6]
2002133#[0, 3, 4]
2002130#[0, 3, 4]
2010323#[0, 2, 5]
2010320#[0, 2, 5]
4001000#[3]
4001003#[3]
3302#[0, 1, 2, 3, 4, 5, 6]
3311#[5, 6]
2133200#[0, 1, 4]
3314#[5]
1330400#[0]
3320#[0, 1, 2, 3, 4, 5, 6]
331004#[3]
3323#[0, 1, 2, 3, 4, 5, 6]
331001#[3, 6]
331013#[3, 5]
3332#[0, 1, 2, 3, 4, 5, 6]
2002202#[0, 3, 4, 6]
2420000#[0, 2]
331010#[3, 5]
2420003#[0, 2]
331022#[3, 5, 6]
3341#[6]
331031#[3, 6]
2420030#[0, 2]
3231020#[1, 3, 5]
331040#[3]
2002232#[0, 3, 4, 6]
1322300#[0, 2, 3]
3231002#[1, 3, 6]
2002223#[0, 3, 4, 5]
3403010#[5]
2002220#[0, 3, 4, 5]
4001033#[3]
4001030#[3]
200003#[0, 1, 2, 3, 4, 5, 6]
3313010#[2, 5]
3321200#[2, 3, 4]
3100013#[1, 5]
200000#[0, 1, 2, 3, 4, 5, 6]
3100010#[1, 5]
3401#[6]
3100004#[1]
413003#[2]
3100001#[1, 6]
413000#[2]
200012#[1, 5, 6]
3100031#[1, 6]
3410#[5]
3413#[5]
200021#[1, 5, 6]
331100#[3, 4]
3100022#[1, 5, 6]
331103#[3, 4]
200024#[1, 5]
3313001#[2, 6]
200030#[0, 1, 2, 3, 4, 5, 6]
3422#[5, 6]
2043200#[0, 4]
413030#[2]
200033#[0, 1, 2, 3, 4, 5, 6]
2002301#[0, 3, 6]
3431#[6]
200042#[1, 6]
3403100#[4]
331130#[3, 4]
2002331#[0, 3, 6]
2330021#[0, 5, 6]
2002322#[0, 3, 5, 6]
2330030#[0, 1, 2, 3, 4, 5, 6]
2002313#[0, 3, 5]
2002310#[0, 3, 5]
2002304#[0, 3]
3100043#[1]
200102#[1, 4, 6]
3100040#[1]
3100034#[1]
2330003#[0, 1, 2, 3, 4, 5, 6]
110000#[1, 2]
110003#[1, 2]
2330000#[0, 1, 2, 3, 4, 5, 6]
200123#[1, 4, 5]
2002340#[0, 3]
200120#[1, 4, 5]
323000#[0, 1, 2, 3, 4, 5, 6]
1232300#[0, 1, 3]
323003#[0, 1, 2, 3, 4, 5, 6]
2330012#[0, 5, 6]
323012#[2, 5, 6]
3010031#[2, 6]
331202#[3, 4, 6]
200132#[1, 4, 6]
323021#[2, 5, 6]
3100133#[1, 4]
3010022#[2, 5, 6]
3100130#[1, 4]
110030#[1, 2]
110033#[1, 2]
331220#[3, 4, 5]
3231200#[1, 3, 4]
323030#[0, 1, 2, 3, 4, 5, 6]
3223010#[1, 2, 5]
2330102#[0, 4, 6]
3010040#[2]
3010043#[2]
3010034#[2]
2002430#[0, 3]
3223001#[1, 2, 6]
3100103#[1, 4]
3100100#[1, 4]
3010013#[2, 5]
1003004#[0]
1003001#[0, 6]
3010010#[2, 5]
3010004#[2]
3010001#[2, 6]
2002403#[0, 3]
2002400#[0, 3]
3313100#[2, 4]
1003022#[0, 5, 6]
3100202#[1, 4, 6]
1003013#[0, 5]
200201#[1, 4, 6]
1003010#[0, 5]
3223100#[1, 2, 4]
4001330#[3]
200204#[1, 4]
3100223#[1, 4, 5]
200210#[1, 4, 5]
3100220#[1, 4, 5]
1003034#[0]
200213#[1, 4, 5]
1003031#[0, 6]
3010100#[2, 4]
323102#[2, 4, 6]
3010103#[2, 4]
200222#[1, 4, 5, 6]
20000#[0, 1, 2, 3, 4, 5, 6]
331301#[3, 6]
2240003#[0, 1]
2240000#[0, 1]
20003#[0, 1, 2, 3, 4, 5, 6]
200231#[1, 4, 6]
233003#[0, 1, 2, 3, 4, 5, 6]
4001300#[3]
200234#[1, 4]
4001303#[3]
233000#[0, 1, 2, 3, 4, 5, 6]
2330120#[0, 4, 5]
331310#[3, 5]
1003043#[0]
20012#[2, 5, 6]
1003040#[0]
200243#[1, 4]
200240#[1, 4]
323120#[2, 4, 5]
20021#[2, 5, 6]
233012#[1, 5, 6]
20024#[2, 5]
2240030#[0, 1]
20030#[0, 1, 2, 3, 4, 5, 6]
233021#[1, 5, 6]
20033#[0, 1, 2, 3, 4, 5, 6]
2330210#[0, 4, 5]
233030#[0, 1, 2, 3, 4, 5, 6]
2322020#[0, 2, 3, 5]
20042#[2, 6]
1003103#[0, 4]
1003100#[0, 4]
3133001#[1, 6]
3100232#[1, 4, 6]
2420300#[0, 2]
200303#[0, 1, 2, 3, 4, 5, 6]
200300#[0, 1, 2, 3, 4, 5, 6]
2322002#[0, 2, 3, 6]
1003133#[0, 4]
413300#[2]
102002#[1, 3, 6]
1003130#[0, 4]
3010133#[2, 4]
2330201#[0, 4, 6]
200312#[1, 5, 6]
3133010#[1, 5]
3010130#[2, 4]
3010220#[2, 4, 5]
200321#[1, 5, 6]
3010223#[2, 4, 5]
3002030#[0, 1, 2, 3, 4, 5, 6]
3133100#[1, 4]
3100331#[1, 6]
102020#[1, 3, 5]
3002024#[3, 5]
323201#[2, 4, 6]
102023#[1, 3, 5]
20102#[2, 4, 6]
200324#[1, 5]
3002021#[3, 5, 6]
200330#[0, 1, 2, 3, 4, 5, 6]
331400#[3]
233102#[1, 4, 6]
3100322#[1, 5, 6]
200333#[0, 1, 2, 3, 4, 5, 6]
323210#[2, 4, 5]
102032#[1, 3, 6]
200342#[1, 6]
3010232#[2, 4, 6]
3002042#[3, 6]
3043001#[6]
20120#[2, 4, 5]
143003#[1]
143000#[1]
3100340#[1]
20123#[2, 4, 5]
3002033#[0, 1, 2, 3, 4, 5, 6]
2330300#[0, 1, 2, 3, 4, 5, 6]
3100301#[1, 6]
233120#[1, 4, 5]
20132#[2, 4, 6]
3002012#[3, 5, 6]
143030#[1]
3100313#[1, 5]
3010202#[2, 4, 6]
3100310#[1, 5]
3002000#[0, 1, 2, 3, 4, 5, 6]
3002003#[0, 1, 2, 3, 4, 5, 6]
3100304#[1]
1003202#[0, 4, 6]
3010301#[2, 6]
200402#[1, 6]
1003223#[0, 4, 5]
1003220#[0, 4, 5]
3002102#[3, 4, 6]
3100403#[1]
110300#[1, 2]
110303#[1, 2]
3100400#[1]
323300#[0, 1, 2, 3, 4, 5, 6]
2232002#[0, 1, 3, 6]
12002#[2, 3, 6]
200423#[1, 5]
200420#[1, 5]
20201#[2, 4, 6]
20204#[2, 4]
3043010#[5]
1003232#[0, 4, 6]
233201#[1, 4, 6]
20210#[2, 4, 5]
200432#[1, 6]
12020#[2, 3, 5]
20213#[2, 4, 5]
2232020#[0, 1, 3, 5]
12023#[2, 3, 5]
233210#[1, 4, 5]
110330#[1, 2]
110333#[1, 2]
20222#[2, 4, 5, 6]
12032#[2, 3, 6]
20231#[2, 4, 6]
3010340#[2]
20234#[2, 4]
2240300#[0, 1]
20240#[2, 4]
20243#[2, 4]
1003310#[0, 5]
3100430#[1]
3010313#[2, 5]
3002120#[3, 4, 5]
3002123#[3, 4, 5]
1003304#[0]
1003301#[0, 6]
3010310#[2, 5]
1331000#[0, 3]
3010304#[2]
1331003#[0, 3]
3043100#[4]
1003322#[0, 5, 6]
3010331#[2, 6]
3002132#[3, 4, 6]
102200#[1, 3, 4]
102203#[1, 3, 4]
2322200#[0, 2, 3, 4]
1003313#[0, 5]
3010322#[2, 5, 6]
3420020#[2, 5]
1331030#[0, 3]
1003340#[0]
3002222#[3, 4, 5, 6]
3002213#[3, 4, 5]
20300#[0, 1, 2, 3, 4, 5, 6]
1003331#[0, 6]
3010400#[2]
3010403#[2]
20303#[0, 1, 2, 3, 4, 5, 6]
3002210#[3, 4, 5]
3010430#[2]
3420002#[2, 6]
233300#[0, 1, 2, 3, 4, 5, 6]
102230#[1, 3, 4]
102233#[1, 3, 4]
20312#[2, 5, 6]
3002231#[3, 4, 6]
20321#[2, 5, 6]
20324#[2, 5]
20330#[0, 1, 2, 3, 4, 5, 6]
20333#[0, 1, 2, 3, 4, 5, 6]
3002204#[3, 4]
3002201#[3, 4, 6]
20342#[2, 6]
4100030#[1]
1003403#[0]
1200023#[0, 1, 5]
1200020#[0, 1, 5]
1003400#[0]
1200002#[0, 1, 6]
3002300#[0, 1, 2, 3, 4, 5, 6]
3002303#[0, 1, 2, 3, 4, 5, 6]
4100003#[1]
4100000#[1]
102302#[1, 3, 6]
4001#[6]
12200#[2, 3, 4]
1003430#[0]
2232200#[0, 1, 3, 4]
4010#[5]
12203#[2, 3, 4]
3002240#[3, 4]
4013#[5]
102320#[1, 3, 5]
1200032#[0, 1, 6]
102323#[1, 3, 5]
20402#[2, 6]
4022#[5, 6]
430001#[6]
430013#[5]
430010#[5]
102332#[1, 3, 6]
4031#[6]
430022#[5, 6]
20420#[2, 5]
12230#[2, 3, 4]
143300#[1]
20423#[2, 5]
12233#[2, 3, 4]
430031#[6]
20432#[2, 6]
3330020#[0, 1, 2, 3, 4, 5, 6]
3330002#[0, 1, 2, 3, 4, 5, 6]
3002312#[3, 5, 6]
4313000#[2]
3330011#[5, 6]
1323002#[0, 2, 6]
3002330#[0, 1, 2, 3, 4, 5, 6]
3002321#[3, 5, 6]
4100033#[1]
4100#[4]
3330101#[4, 6]
4103#[4]
3330110#[4, 5]
4010033#[2]
12302#[2, 3, 6]
3002402#[3, 6]
430103#[4]
430100#[4]
4010030#[2]
1323020#[0, 2, 5]
3002420#[3, 5]
3420200#[2, 4]
12320#[2, 3, 5]
4130#[4]
12323#[2, 3, 5]
340001#[6]
2003003#[0, 1, 2, 3, 4, 5, 6]
4133#[4]
2003000#[0, 1, 2, 3, 4, 5, 6]
340013#[5]
12332#[2, 3, 6]
4010000#[2]
4010003#[2]
340010#[5]
340022#[5, 6]
430130#[4]
340031#[6]
2003033#[0, 1, 2, 3, 4, 5, 6]
2003030#[0, 1, 2, 3, 4, 5, 6]
2003024#[0, 5]
2003021#[0, 5, 6]
4223000#[1, 2]
1200203#[0, 1, 4]
2003012#[0, 5, 6]
1200200#[0, 1, 4]
3240020#[1, 5]
4202#[4, 6]
1020002#[0, 2, 6]
1233020#[0, 1, 5]
1331300#[0, 3]
3240002#[1, 6]
1200230#[0, 1, 4]
422003#[2, 3]
422000#[2, 3]
1233002#[0, 1, 6]
1020023#[0, 2, 5]
1020020#[0, 2, 5]
1200233#[0, 1, 4]
2003042#[0, 6]
430202#[4, 6]
4220#[4, 5]
4223#[4, 5]
2003102#[0, 4, 6]
340100#[4]
340103#[4]
4232#[4, 6]
422030#[2, 3]
430220#[4, 5]
1020032#[0, 2, 6]
2003132#[0, 4, 6]
3322001#[2, 3, 6]
340130#[4]
3322010#[2, 3, 5]
3330200#[0, 1, 2, 3, 4, 5, 6]
2003123#[0, 4, 5]
2003120#[0, 4, 5]
4133000#[1]
1200302#[0, 1, 6]
3322100#[2, 3, 4]
4002032#[3, 6]
4301#[6]
1200323#[0, 1, 5]
1200320#[0, 1, 5]
1323200#[0, 2, 4]
4100330#[1]
4310#[5]
4002020#[3, 5]
4313#[5]
4002023#[3, 5]
430301#[6]
1200332#[0, 1, 6]
430310#[5]
4322#[5, 6]
332000#[0, 1, 2, 3, 4, 5, 6]
332003#[0, 1, 2, 3, 4, 5, 6]
332012#[3, 5, 6]
4331#[6]
4002002#[3, 6]
340202#[4, 6]
332021#[3, 5, 6]
4100303#[1]
4100300#[1]
340220#[4, 5]
332030#[0, 1, 2, 3, 4, 5, 6]
2003231#[0, 4, 6]
4010300#[2]
4010303#[2]
2003222#[0, 4, 5, 6]
2003213#[0, 4, 5]
2003210#[0, 4, 5]
2003204#[0, 4]
2003201#[0, 4, 6]
1233200#[0, 1, 4]
1020203#[0, 2, 4]
1020200#[0, 2, 4]
201002#[1, 3, 6]
3232001#[1, 3, 6]
2003240#[0, 4]
3240200#[1, 4]
3232010#[1, 3, 5]
201023#[1, 3, 5]
201020#[1, 3, 5]
332102#[3, 4, 6]
1020233#[0, 2, 4]
3101033#[1, 3]
340301#[6]
1020230#[0, 2, 4]
3101030#[1, 3]
201032#[1, 3, 6]
242003#[1, 3]
340310#[5]
242000#[1, 3]
3232100#[1, 3, 4]
2331002#[0, 3, 6]
332120#[3, 4, 5]
3314000#[2]
3101003#[1, 3]
2003321#[0, 5, 6]
3101000#[1, 3]
4010330#[2]
242030#[1, 3]
2003312#[0, 5, 6]
2003303#[0, 1, 2, 3, 4, 5, 6]
2003300#[0, 1, 2, 3, 4, 5, 6]
1020302#[0, 2, 6]
4002230#[3, 4]
3011000#[2, 3]
3011003#[2, 3]
422300#[2, 3]
2003330#[0, 1, 2, 3, 4, 5, 6]
1020332#[0, 2, 6]
4002200#[3, 4]
324002#[2, 6]
4002203#[3, 4]
1020323#[0, 2, 5]
332201#[3, 4, 6]
1020320#[0, 2, 5]
2331020#[0, 3, 5]
324020#[2, 5]
332210#[3, 4, 5]
2003420#[0, 5]
4002302#[3, 6]
2200034#[0, 1]
2200040#[0, 1]
2200043#[0, 1]
2003402#[0, 6]
2200001#[0, 1, 6]
1430000#[0]
2200004#[0, 1]
1430003#[0]
2200010#[0, 1, 5]
2200013#[0, 1, 5]
1004003#[0]
1004000#[0]
201203#[1, 3, 4]
1004030#[0]
3224000#[1, 2]
201200#[1, 3, 4]
3011033#[2, 3]
2200022#[0, 1, 5, 6]
3011030#[2, 3]
2200031#[0, 1, 6]
2200100#[0, 1, 4]
2200103#[0, 1, 4]
332300#[0, 1, 2, 3, 4, 5, 6]
21002#[2, 3, 6]
201230#[1, 3, 4]
1004033#[0]
234002#[1, 6]
201233#[1, 3, 4]
2323001#[0, 2, 6]
1430030#[0]
21020#[2, 3, 5]
21023#[2, 3, 5]
3134000#[1]
234020#[1, 5]
21032#[2, 3, 6]
4002320#[3, 5]
4330100#[4]
4330001#[6]
201302#[1, 3, 6]
3003002#[0, 1, 2, 3, 4, 5, 6]
103001#[1, 6]
4330010#[5]
3101303#[1, 3]
3101300#[1, 3]
103004#[1]
2323010#[0, 2, 5]
103010#[1, 5]
2331200#[0, 3, 4]
2200130#[0, 1, 4]
103013#[1, 5]
2200133#[0, 1, 4]
201323#[1, 3, 5]
1340030#[0]
201320#[1, 3, 5]
324200#[2, 4]
103022#[1, 5, 6]
1340000#[0]
103031#[1, 6]
201332#[1, 3, 6]
1340003#[0]
103034#[1]
242300#[1, 3]
103040#[1]
103043#[1]
2200232#[0, 1, 4, 6]
2233001#[0, 1, 6]
3003041#[6]
2233010#[0, 1, 5]
4322000#[2, 3]
3003020#[0, 1, 2, 3, 4, 5, 6]
2020031#[0, 2, 6]
3003023#[0, 1, 2, 3, 4, 5, 6]
2020022#[0, 2, 5, 6]
2200202#[0, 1, 4, 6]
3003014#[5]
3003011#[5, 6]
2020013#[0, 2, 5]
2020010#[0, 2, 5]
3003032#[0, 1, 2, 3, 4, 5, 6]
2020004#[0, 2]
2200220#[0, 1, 4, 5]
103100#[1, 4]
3101330#[1, 3]
2200223#[0, 1, 4, 5]
103103#[1, 4]
2020001#[0, 2, 6]
2323100#[0, 2, 4]
3003113#[4, 5]
13001#[2, 6]
3011300#[2, 3]
3011303#[2, 3]
3003110#[4, 5]
2200301#[0, 1, 6]
13004#[2]
3003104#[4]
21200#[2, 3, 4]
2102000#[0, 1, 3]
2200304#[0, 1]
13010#[2, 5]
21203#[2, 3, 4]
2102003#[0, 1, 3]
13013#[2, 5]
2020043#[0, 2]
3003131#[4, 6]
2020040#[0, 2]
2200310#[0, 1, 5]
2200313#[0, 1, 5]
234200#[1, 4]
103130#[1, 4]
103133#[1, 4]
2020034#[0, 2]
13022#[2, 5, 6]
3003122#[4, 5, 6]
13031#[2, 6]
13034#[2]
21230#[2, 3, 4]
3003101#[4, 6]
13040#[2]
21233#[2, 3, 4]
13043#[2]
1004303#[0]
4232000#[1, 3]
1004300#[0]
1430300#[0]
2020103#[0, 2, 4]
2020100#[0, 2, 4]
1332020#[0, 3, 5]
2200322#[0, 1, 5, 6]
103202#[1, 4, 6]
1004330#[0]
3003140#[4]
2200331#[0, 1, 6]
13100#[2, 4]
2233100#[0, 1, 4]
2102030#[0, 1, 3]
13103#[2, 4]
3011330#[2, 3]
2102033#[0, 1, 3]
103220#[1, 4, 5]
2200340#[0, 1]
1332002#[0, 3, 6]
21302#[2, 3, 6]
103223#[1, 4, 5]
2020133#[0, 2, 4]
2020130#[0, 2, 4]
103232#[1, 4, 6]
21320#[2, 3, 5]
13130#[2, 4]
21323#[2, 3, 5]
13133#[2, 4]
2200430#[0, 1]
21332#[2, 3, 6]
2012030#[0, 2, 3]
3003212#[4, 5, 6]
2020223#[0, 2, 4, 5]
2020220#[0, 2, 4, 5]
3003200#[0, 1, 2, 3, 4, 5, 6]
3003203#[0, 1, 2, 3, 4, 5, 6]
2200400#[0, 1]
2200403#[0, 1]
3003230#[0, 1, 2, 3, 4, 5, 6]
2020202#[0, 2, 4, 6]
3003221#[4, 5, 6]
2012003#[0, 2, 3]
2012000#[0, 2, 3]
3003311#[5, 6]
103301#[1, 6]
103304#[1]
3331001#[3, 6]
3003302#[0, 1, 2, 3, 4, 5, 6]
103310#[1, 5]
103313#[1, 5]
13202#[2, 4, 6]
3003320#[0, 1, 2, 3, 4, 5, 6]
2020232#[0, 2, 4, 6]
1340300#[0]
103322#[1, 5, 6]
431003#[3]
431000#[3]
2012033#[0, 2, 3]
103331#[1, 6]
13220#[2, 4, 5]
13223#[2, 4, 5]
103340#[1]
13232#[2, 4, 6]
431030#[3]
2020313#[0, 2, 5]
2020310#[0, 2, 5]
2020304#[0, 2]
2020301#[0, 2, 6]
300002#[0, 1, 2, 3, 4, 5, 6]
103400#[1]
300014#[5]
2020340#[0, 2]
103403#[1]
300011#[5, 6]
300020#[0, 1, 2, 3, 4, 5, 6]
3331010#[3, 5]
300023#[0, 1, 2, 3, 4, 5, 6]
2020331#[0, 2, 6]
13301#[2, 6]
13304#[2]
2020322#[0, 2, 5, 6]
1332200#[0, 3, 4]
13310#[2, 5]
13313#[2, 5]
300032#[0, 1, 2, 3, 4, 5, 6]
103430#[1]
13322#[2, 5, 6]
300041#[6]
341000#[3]
341003#[3]
3200033#[0, 1, 2, 3, 4, 5, 6]
13331#[2, 6]
2430002#[0, 6]
3200042#[1, 6]
2102330#[0, 1, 3]
13340#[2]
341030#[3]
3003401#[6]
3200021#[1, 5, 6]
3200024#[1, 5]
2004023#[0, 5]
2004020#[0, 5]
2020403#[0, 2]
3200030#[0, 1, 2, 3, 4, 5, 6]
3331100#[3, 4]
2020400#[0, 2]
3200000#[0, 1, 2, 3, 4, 5, 6]
3200003#[0, 1, 2, 3, 4, 5, 6]
3200012#[1, 5, 6]
2004002#[0, 6]
2102300#[0, 1, 3]
3413000#[2]
3003410#[5]
2102303#[0, 1, 3]
300101#[4, 6]
3200120#[1, 4, 5]
3323000#[0, 1, 2, 3, 4, 5, 6]
300110#[4, 5]
3200123#[1, 4, 5]
300104#[4]
2020430#[0, 2]
210002#[1, 2, 6]
300113#[4, 5]
3200102#[1, 4, 6]
13400#[2]
13403#[2]
423002#[2, 6]
3110003#[1, 2]
2004032#[0, 6]
300122#[4, 5, 6]
3110000#[1, 2]
2430020#[0, 5]
300134#[4]
210023#[1, 2, 5]
300131#[4, 6]
210020#[1, 2, 5]
300140#[4]
423020#[2, 5]
300143#[4]
210032#[1, 2, 6]
13430#[2]
2340002#[0, 6]
4003001#[6]
1103000#[0, 1]
1103003#[0, 1]
2012303#[0, 2, 3]
2012300#[0, 2, 3]
2340020#[0, 5]
3110030#[1, 2]
1103030#[0, 1]
1103033#[0, 1]
300200#[0, 1, 2, 3, 4, 5, 6]
300203#[0, 1, 2, 3, 4, 5, 6]
300212#[4, 5, 6]
3200132#[1, 4, 6]
2012330#[0, 2, 3]
300221#[4, 5, 6]
3110033#[1, 2]
3200240#[1, 4]
3020012#[2, 5, 6]
300230#[0, 1, 2, 3, 4, 5, 6]
431300#[3]
120002#[1, 2, 6]
300224#[4, 5]
3020003#[0, 1, 2, 3, 4, 5, 6]
300233#[0, 1, 2, 3, 4, 5, 6]
3020000#[0, 1, 2, 3, 4, 5, 6]
333002#[0, 1, 2, 3, 4, 5, 6]
3020030#[0, 1, 2, 3, 4, 5, 6]
120020#[1, 2, 5]
333011#[5, 6]
300242#[4, 6]
120023#[1, 2, 5]
3020024#[2, 5]
3200231#[1, 4, 6]
3233000#[0, 1, 2, 3, 4, 5, 6]
333020#[0, 1, 2, 3, 4, 5, 6]
3020021#[2, 5, 6]
2430200#[0, 4]
120032#[1, 2, 6]
3200210#[1, 4, 5]
3200213#[1, 4, 5]
4003031#[6]
3200222#[1, 4, 5, 6]
4003022#[5, 6]
2004203#[0, 4]
2004200#[0, 4]
4003013#[5]
3200201#[1, 4, 6]
3200204#[1, 4]
4003010#[5]
1013003#[0, 2]
4003130#[4]
1013000#[0, 2]
3200312#[1, 5, 6]
300302#[0, 1, 2, 3, 4, 5, 6]
202001#[1, 3, 6]
300311#[5, 6]
202004#[1, 3]
2004230#[0, 4]
210203#[1, 2, 4]
202010#[1, 3, 5]
210200#[1, 2, 4]
3200300#[0, 1, 2, 3, 4, 5, 6]
3102002#[1, 3, 6]
300314#[5]
202013#[1, 3, 5]
3200303#[0, 1, 2, 3, 4, 5, 6]
4003100#[4]
4003103#[4]
3020042#[2, 6]
300320#[0, 1, 2, 3, 4, 5, 6]
202022#[1, 3, 5, 6]
423200#[2, 4]
1013033#[0, 2]
300323#[0, 1, 2, 3, 4, 5, 6]
300332#[0, 1, 2, 3, 4, 5, 6]
333101#[4, 6]
1013030#[0, 2]
202031#[1, 3, 6]
3020033#[0, 1, 2, 3, 4, 5, 6]
300341#[6]
202034#[1, 3]
341300#[3]
30002#[0, 1, 2, 3, 4, 5, 6]
333110#[4, 5]
210230#[1, 2, 4]
202043#[1, 3]
243002#[1, 6]
210233#[1, 2, 4]
30011#[5, 6]
202040#[1, 3]
30014#[5]
2332001#[0, 3, 6]
30020#[0, 1, 2, 3, 4, 5, 6]
30023#[0, 1, 2, 3, 4, 5, 6]
2332010#[0, 3, 5]
3020132#[2, 4, 6]
2340200#[0, 4]
243020#[1, 5]
30032#[0, 1, 2, 3, 4, 5, 6]
2004302#[0, 6]
30041#[6]
3020102#[2, 4, 6]
3102023#[1, 3, 5]
3102020#[1, 3, 5]
3200321#[1, 5, 6]
202103#[1, 3, 4]
3020123#[2, 4, 5]
300401#[6]
3020120#[2, 4, 5]
202100#[1, 3, 4]
3143000#[1]
300413#[5]
3200330#[0, 1, 2, 3, 4, 5, 6]
210302#[1, 2, 6]
2004320#[0, 5]
300410#[5]
3102032#[1, 3, 6]
300422#[5, 6]
3020204#[2, 4]
3020201#[2, 4, 6]
120200#[1, 2, 4]
2201000#[0, 1, 3]
120203#[1, 2, 4]
2201003#[0, 1, 3]
300431#[6]
3012002#[2, 3, 6]
3020222#[2, 4, 5, 6]
210323#[1, 2, 5]
202130#[1, 3, 4]
210320#[1, 2, 5]
3200420#[1, 5]
333200#[0, 1, 2, 3, 4, 5, 6]
30101#[4, 6]
3110330#[1, 2]
202133#[1, 3, 4]
30104#[4]
3012020#[2, 3, 5]
3012023#[2, 3, 5]
3020213#[2, 4, 5]
3020210#[2, 4, 5]
30110#[4, 5]
210332#[1, 2, 6]
30113#[4, 5]
3200402#[1, 6]
120230#[1, 2, 4]
120233#[1, 2, 4]
4003220#[4, 5]
30122#[4, 5, 6]
3110303#[1, 2]
30131#[4, 6]
3110300#[1, 2]
30134#[4]
4331000#[3]
30140#[4]
4003202#[4, 6]
30143#[4]
4003310#[5]
3102203#[1, 3, 4]
1103300#[0, 1]
3102200#[1, 3, 4]
1103303#[0, 1]
4003301#[6]
202202#[1, 3, 4, 6]
2332100#[0, 3, 4]
2201030#[0, 1, 3]
2201033#[0, 1, 3]
3020231#[2, 4, 6]
202223#[1, 3, 4, 5]
3012032#[2, 3, 6]
120302#[1, 2, 6]
202220#[1, 3, 4, 5]
22001#[2, 3, 6]
1103330#[0, 1]
22004#[2, 3]
30200#[0, 1, 2, 3, 4, 5, 6]
22010#[2, 3, 5]
202232#[1, 3, 4, 6]
30203#[0, 1, 2, 3, 4, 5, 6]
22013#[2, 3, 5]
3020240#[2, 4]
120320#[1, 2, 5]
4200002#[1, 6]
120323#[1, 2, 5]
243200#[1, 4]
2324000#[0, 2]
3020330#[0, 1, 2, 3, 4, 5, 6]
30212#[4, 5, 6]
22022#[2, 3, 5, 6]
120332#[1, 2, 6]
30221#[4, 5, 6]
3020321#[2, 5, 6]
22031#[2, 3, 6]
30224#[4, 5]
22034#[2, 3]
4200020#[1, 5]
30230#[0, 1, 2, 3, 4, 5, 6]
4200023#[1, 5]
22040#[2, 3]
30233#[0, 1, 2, 3, 4, 5, 6]
22043#[2, 3]
4200032#[1, 6]
3020303#[0, 1, 2, 3, 4, 5, 6]
3020300#[0, 1, 2, 3, 4, 5, 6]
30242#[4, 6]
1300022#[0, 5, 6]
1300031#[0, 6]
1300001#[0, 6]
3020312#[2, 5, 6]
1300004#[0]
1013303#[0, 2]
1300010#[0, 5]
3102230#[1, 3, 4]
1013300#[0, 2]
1300013#[0, 5]
202301#[1, 3, 6]
3004013#[5]
104000#[1]
104003#[1]
202304#[1, 3]
3430001#[6]
202310#[1, 3, 5]
3012200#[2, 3, 4]
3012203#[2, 3, 4]
3004010#[5]
202313#[1, 3, 5]
3004001#[6]
3430010#[5]
202322#[1, 3, 5, 6]
1300034#[0]
3004031#[6]
22100#[2, 3, 4]
22103#[2, 3, 4]
202331#[1, 3, 6]
1300043#[0]
3004022#[5, 6]
1300040#[0]
3020402#[2, 6]
1013330#[0, 2]
30302#[0, 1, 2, 3, 4, 5, 6]
3102320#[1, 3, 5]
104030#[1]
104033#[1]
30311#[5, 6]
202340#[1, 3]
30314#[5]
30320#[0, 1, 2, 3, 4, 5, 6]
3102302#[1, 3, 6]
22130#[2, 3, 4]
30323#[0, 1, 2, 3, 4, 5, 6]
22133#[2, 3, 4]
30332#[0, 1, 2, 3, 4, 5, 6]
30341#[6]
1300103#[0, 4]
2021003#[0, 2, 3]
2021000#[0, 2, 3]
1300100#[0, 4]
202403#[1, 3]
202400#[1, 3]
3020420#[2, 5]
3012230#[2, 3, 4]
14000#[2]
1300130#[0, 4]
2234000#[0, 1]
14003#[2]
1300133#[0, 4]
2021033#[0, 2, 3]
2021030#[0, 2, 3]
22202#[2, 3, 4, 6]
202430#[1, 3]
30401#[6]
30410#[5]
2103020#[0, 1, 5]
22220#[2, 3, 4, 5]
3012320#[2, 3, 5]
30413#[5]
14030#[2]
2103023#[0, 1, 5]
22223#[2, 3, 4, 5]
3004130#[4]
14033#[2]
3340001#[6]
2201330#[0, 1, 3]
30422#[5, 6]
3340010#[5]
2103032#[0, 1, 6]
22232#[2, 3, 4, 6]
30431#[6]
3430100#[4]
3012302#[2, 3, 6]
3004100#[4]
3004103#[4]
1300223#[0, 4, 5]
1300220#[0, 4, 5]
2201300#[0, 1, 3]
2201303#[0, 1, 3]
1300202#[0, 4, 6]
2103002#[0, 1, 6]
3422000#[2, 3]
1333010#[0, 5]
3004202#[4, 6]
4020020#[2, 5]
4020023#[2, 5]
3004220#[4, 5]
1300232#[0, 4, 6]
1333001#[0, 6]
22301#[2, 3, 6]
4020002#[2, 6]
22304#[2, 3]
22310#[2, 3, 5]
22313#[2, 3, 5]
4200302#[1, 6]
22322#[2, 3, 5, 6]
22331#[2, 3, 6]
2013023#[0, 2, 5]
1202003#[0, 1, 3]
2013020#[0, 2, 5]
1202000#[0, 1, 3]
1300304#[0]
22340#[2, 3]
1300310#[0, 5]
4200200#[1, 4]
1300313#[0, 5]
4200203#[1, 4]
2013002#[0, 2, 6]
1300301#[0, 6]
1202033#[0, 1, 3]
4200230#[1, 4]
1300340#[0]
104300#[1]
104303#[1]
1300322#[0, 5, 6]
1030013#[0, 5]
1030010#[0, 5]
2013032#[0, 2, 6]
3340100#[4]
1300331#[0, 6]
1333100#[0, 4]
1030004#[0]
1202030#[0, 1, 3]
4020032#[2, 6]
1030001#[0, 6]
1030031#[0, 6]
2103200#[0, 1, 4]
22400#[2, 3]
2103203#[0, 1, 4]
22403#[2, 3]
432002#[3, 6]
1030022#[0, 5, 6]
104330#[1]
3332000#[0, 1, 2, 3, 4, 5, 6]
432020#[3, 5]
1030043#[0]
1030040#[0]
1030034#[0]
2103230#[0, 1, 4]
22430#[2, 3]
3004301#[6]
1300403#[0]
1300400#[0]
2021303#[0, 2, 3]
2021300#[0, 2, 3]
3004310#[5]
4200320#[1, 5]
301004#[3]
3201020#[1, 3, 5]
2021330#[0, 2, 3]
301001#[3, 6]
3201023#[1, 3, 5]
301013#[3, 5]
4020200#[2, 4]
301010#[3, 5]
4020203#[2, 4]
1030103#[0, 4]
3201002#[1, 3, 6]
301022#[3, 5, 6]
1030100#[0, 4]
14300#[2]
1300430#[0]
14303#[2]
301031#[3, 6]
301034#[3]
301040#[3]
342002#[3, 6]
301043#[3]
1030133#[0, 4]
14330#[2]
1030130#[0, 4]
342020#[3, 5]
2013203#[0, 2, 4]
2013200#[0, 2, 4]
3242000#[1, 3]
2103302#[0, 1, 6]
301100#[3, 4]
301103#[3, 4]
2013230#[0, 2, 4]
1030202#[0, 4, 6]
2103320#[0, 1, 5]
3201032#[1, 3, 6]
4020230#[2, 4]
1022003#[0, 2, 3]
1022000#[0, 2, 3]
2300003#[0, 1, 2, 3, 4, 5, 6]
1030223#[0, 4, 5]
1022030#[0, 2, 3]
2300000#[0, 1, 2, 3, 4, 5, 6]
1030220#[0, 4, 5]
301133#[3, 4]
432200#[3, 4]
301130#[3, 4]
2300012#[0, 5, 6]
2300021#[0, 5, 6]
1030232#[0, 4, 6]
2300024#[0, 5]
4020320#[2, 5]
2300030#[0, 1, 2, 3, 4, 5, 6]
1022033#[0, 2, 3]
2013302#[0, 2, 6]
1202303#[0, 1, 3]
1202300#[0, 1, 3]
4020302#[2, 6]
3201200#[1, 3, 4]
3201203#[1, 3, 4]
1202330#[0, 1, 3]
1030301#[0, 6]
2013320#[0, 2, 5]
301202#[3, 4, 6]
301220#[3, 4, 5]
2300033#[0, 1, 2, 3, 4, 5, 6]
301223#[3, 4, 5]
1030313#[0, 5]
2300042#[0, 6]
1030310#[0, 5]
1030304#[0]
1030331#[0, 6]
301232#[3, 4, 6]
334001#[6]
1030322#[0, 5, 6]
342200#[3, 4]
334010#[5]
3021032#[2, 3, 6]
2300132#[0, 4, 6]
1030340#[0]
2210030#[0, 1, 2]
2210033#[0, 1, 2]
3021002#[2, 3, 6]
2300102#[0, 4, 6]
3021023#[2, 3, 5]
301301#[3, 6]
2210000#[0, 1, 2]
3021020#[2, 3, 5]
2210003#[0, 1, 2]
203003#[0, 1, 2, 3, 4, 5, 6]
2300123#[0, 4, 5]
301310#[3, 5]
203000#[0, 1, 2, 3, 4, 5, 6]
2300120#[0, 4, 5]
2423000#[0, 2]
301304#[3]
3201230#[1, 3, 4]
3103022#[1, 5, 6]
301313#[3, 5]
203012#[1, 5, 6]
3103013#[1, 5]
2300201#[0, 4, 6]
1030403#[0]
3103010#[1, 5]
203021#[1, 5, 6]
301322#[3, 5, 6]
2300204#[0, 4]
1030400#[0]
2300210#[0, 4, 5]
334100#[4]
1030430#[0]
203024#[1, 5]
203030#[0, 1, 2, 3, 4, 5, 6]
2300213#[0, 4, 5]
301331#[3, 6]
3201320#[1, 3, 5]
3103031#[1, 6]
301340#[3]
31001#[3, 6]
203033#[0, 1, 2, 3, 4, 5, 6]
31004#[3]
2300222#[0, 4, 5, 6]
203042#[1, 6]
31010#[3, 5]
31013#[3, 5]
3201302#[1, 3, 6]
31022#[3, 5, 6]
3103004#[1]
3103001#[1, 6]
31031#[3, 6]
31034#[3]
31040#[3]
2120033#[0, 1, 2]
31043#[3]
3103103#[1, 4]
1022303#[0, 2, 3]
3103100#[1, 4]
1022300#[0, 2, 3]
301400#[3]
203102#[1, 4, 6]
301403#[3]
2120000#[0, 1, 2]
2120003#[0, 1, 2]
2300231#[0, 4, 6]
113000#[1, 2]
113003#[1, 2]
2333000#[0, 1, 2, 3, 4, 5, 6]
3103040#[1]
203123#[1, 4, 5]
301430#[3]
203120#[1, 4, 5]
2300240#[0, 4]
1022330#[0, 2, 3]
31100#[3, 4]
2120030#[0, 1, 2]
203132#[1, 4, 6]
31103#[3, 4]
3021230#[2, 3, 4]
2300321#[0, 5, 6]
2202020#[0, 1, 3, 5]
2202023#[0, 1, 3, 5]
113030#[1, 2]
113033#[1, 2]
2300330#[0, 1, 2, 3, 4, 5, 6]
3013031#[2, 6]
2202032#[0, 1, 3, 6]
2243000#[0, 1]
31130#[3, 4]
3013040#[2]
31133#[3, 4]
3013004#[2]
2030012#[0, 5, 6]
3013001#[2, 6]
2300303#[0, 1, 2, 3, 4, 5, 6]
2030003#[0, 1, 2, 3, 4, 5, 6]
2030000#[0, 1, 2, 3, 4, 5, 6]
2300300#[0, 1, 2, 3, 4, 5, 6]
2202002#[0, 1, 3, 6]
3013022#[2, 5, 6]
3103130#[1, 4]
3013013#[2, 5]
2300312#[0, 5, 6]
3021203#[2, 3, 4]
3021200#[2, 3, 4]
3013010#[2, 5]
3013100#[2, 4]
203201#[1, 4, 6]
3013103#[2, 4]
2030042#[0, 6]
203204#[1, 4]
203210#[1, 4, 5]
3103202#[1, 4, 6]
203213#[1, 4, 5]
2030033#[0, 1, 2, 3, 4, 5, 6]
2030030#[0, 1, 2, 3, 4, 5, 6]
2300402#[0, 6]
203222#[1, 4, 5, 6]
2030024#[0, 5]
23000#[0, 1, 2, 3, 4, 5, 6]
3021302#[2, 3, 6]
23003#[0, 1, 2, 3, 4, 5, 6]
3103220#[1, 4, 5]
2030021#[0, 5, 6]
203231#[1, 4, 6]
2210300#[0, 1, 2]
2210303#[0, 1, 2]
31202#[3, 4, 6]
23012#[2, 5, 6]
203240#[1, 4]
23021#[2, 5, 6]
23024#[2, 5]
31220#[3, 4, 5]
23030#[0, 1, 2, 3, 4, 5, 6]
31223#[3, 4, 5]
23033#[0, 1, 2, 3, 4, 5, 6]
31232#[3, 4, 6]
23042#[2, 6]
2030102#[0, 4, 6]
1301003#[0, 3]
1301000#[0, 3]
203303#[0, 1, 2, 3, 4, 5, 6]
3021320#[2, 3, 5]
203300#[0, 1, 2, 3, 4, 5, 6]
3013130#[2, 4]
2300420#[0, 5]
2030132#[0, 4, 6]
203312#[1, 5, 6]
2030123#[0, 4, 5]
1301030#[0, 3]
2030120#[0, 4, 5]
203321#[1, 5, 6]
1301033#[0, 3]
2210330#[0, 1, 2]
23102#[2, 4, 6]
203330#[0, 1, 2, 3, 4, 5, 6]
31301#[3, 6]
31304#[3]
3013220#[2, 4, 5]
2120300#[0, 1, 2]
31310#[3, 5]
2120303#[0, 1, 2]
23120#[2, 4, 5]
31313#[3, 5]
23123#[2, 4, 5]
2202230#[0, 1, 3, 4]
31322#[3, 5, 6]
23132#[2, 4, 6]
3103310#[1, 5]
2030204#[0, 4]
31331#[3, 6]
2030201#[0, 4, 6]
3103301#[1, 6]
2022002#[0, 2, 3, 6]
31340#[3]
3431000#[3]
2202200#[0, 1, 3, 4]
2202203#[0, 1, 3, 4]
3013202#[2, 4, 6]
3300023#[0, 1, 2, 3, 4, 5, 6]
3300020#[0, 1, 2, 3, 4, 5, 6]
3103400#[1]
400001#[6]
203402#[1, 6]
2030231#[0, 4, 6]
400013#[5]
400010#[5]
2022032#[0, 2, 3, 6]
3300002#[0, 1, 2, 3, 4, 5, 6]
2030222#[0, 4, 5, 6]
400022#[5, 6]
3013310#[2, 5]
113300#[1, 2]
113303#[1, 2]
3013301#[2, 6]
2022023#[0, 2, 3, 5]
3300011#[5, 6]
400031#[6]
2022020#[0, 2, 3, 5]
2030213#[0, 4, 5]
3300014#[5]
2030210#[0, 4, 5]
203420#[1, 5]
2202302#[0, 1, 3, 6]
23201#[2, 4, 6]
23204#[2, 4]
31400#[3]
2120330#[0, 1, 2]
23210#[2, 4, 5]
31403#[3]
23213#[2, 4, 5]
113330#[1, 2]
23222#[2, 4, 5, 6]
2030240#[0, 4]
23231#[2, 4, 6]
2030303#[0, 1, 2, 3, 4, 5, 6]
2030300#[0, 1, 2, 3, 4, 5, 6]
31430#[3]
23240#[2, 4]
400103#[4]
400100#[4]
2030330#[0, 1, 2, 3, 4, 5, 6]
1334000#[0]
2030321#[0, 5, 6]
310004#[2]
2202320#[0, 1, 3, 5]
3300032#[0, 1, 2, 3, 4, 5, 6]
310001#[2, 6]
2030312#[0, 5, 6]
310013#[2, 5]
3341000#[3]
3300041#[6]
310010#[2, 5]
3210032#[1, 2, 6]
310022#[2, 5, 6]
400133#[4]
23300#[0, 1, 2, 3, 4, 5, 6]
400130#[4]
23303#[0, 1, 2, 3, 4, 5, 6]
310031#[2, 6]
23312#[2, 5, 6]
3300131#[4, 6]
3210020#[1, 2, 5]
310034#[2]
3210023#[1, 2, 5]
23321#[2, 5, 6]
310040#[2]
3300140#[4]
310043#[2]
3210002#[1, 2, 6]
23330#[0, 1, 2, 3, 4, 5, 6]
3300113#[4, 5]
1301303#[0, 3]
2022203#[0, 2, 3, 4]
2022200#[0, 2, 3, 4]
1301300#[0, 3]
1203002#[0, 1, 6]
3300122#[4, 5, 6]
3013400#[2]
3300101#[4, 6]
3300104#[4]
3300110#[4, 5]
1301330#[0, 3]
3300212#[4, 5, 6]
4103030#[1]
2022230#[0, 2, 3, 4]
1203032#[0, 1, 6]
2030420#[0, 5]
400202#[4, 6]
3300221#[4, 5, 6]
310100#[2, 4]
310103#[2, 4]
1031003#[0, 3]
1031000#[0, 3]
3300203#[0, 1, 2, 3, 4, 5, 6]
400223#[4, 5]
3300200#[0, 1, 2, 3, 4, 5, 6]
400220#[4, 5]
2030402#[0, 6]
1203023#[0, 1, 5]
1203020#[0, 1, 5]
220001#[1, 2, 6]
4103003#[1]
4103000#[1]
220004#[1, 2]
220010#[1, 2, 5]
23402#[2, 6]
220013#[1, 2, 5]
400232#[4, 6]
433001#[6]
310133#[2, 4]
433010#[5]
220022#[1, 2, 5, 6]
310130#[2, 4]
1031033#[0, 3]
1031030#[0, 3]
220031#[1, 2, 6]
23420#[2, 5]
2022302#[0, 2, 3, 6]
220034#[1, 2]
220043#[1, 2]
220040#[1, 2]
3120032#[1, 2, 6]
400301#[6]
3120002#[1, 2, 6]
2022320#[0, 2, 3, 5]
400310#[5]
3300230#[0, 1, 2, 3, 4, 5, 6]
302000#[0, 1, 2, 3, 4, 5, 6]
302003#[0, 1, 2, 3, 4, 5, 6]
3120023#[1, 2, 5]
302012#[3, 5, 6]
3120020#[1, 2, 5]
310202#[2, 4, 6]
400313#[5]
302021#[3, 5, 6]
220103#[1, 2, 4]
400322#[5, 6]
3210230#[1, 2, 4]
220100#[1, 2, 4]
3202040#[1, 3]
310220#[2, 4, 5]
302030#[0, 1, 2, 3, 4, 5, 6]
433100#[4]
310223#[2, 4, 5]
302024#[3, 5]
400331#[6]
130001#[1, 6]
3030014#[5]
3300320#[0, 1, 2, 3, 4, 5, 6]
302033#[0, 1, 2, 3, 4, 5, 6]
130004#[1]
3030011#[5, 6]
3202022#[1, 3, 5, 6]
130010#[1, 5]
4013030#[2]
130013#[1, 5]
3030002#[0, 1, 2, 3, 4, 5, 6]
310232#[2, 4, 6]
343001#[6]
302042#[3, 6]
3202031#[1, 3, 6]
3202001#[1, 3, 6]
220130#[1, 2, 4]
3202004#[1, 3]
3300311#[5, 6]
220133#[1, 2, 4]
130022#[1, 5, 6]
343010#[5]
3210200#[1, 2, 4]
3202010#[1, 3, 5]
3210203#[1, 2, 4]
3202013#[1, 3, 5]
130031#[1, 6]
130034#[1]
4013000#[2]
4013003#[2]
130040#[1]
130043#[1]
3300302#[0, 1, 2, 3, 4, 5, 6]
3300401#[6]
3202100#[1, 3, 4]
3202103#[1, 3, 4]
3300410#[5]
1203230#[0, 1, 4]
3210302#[1, 2, 6]
1203203#[0, 1, 4]
1203200#[0, 1, 4]
302102#[3, 4, 6]
1023002#[0, 2, 6]
310301#[2, 6]
212003#[1, 2, 3]
1023023#[0, 2, 5]
310310#[2, 5]
212000#[1, 2, 3]
1023020#[0, 2, 5]
310304#[2]
2432000#[0, 3]
3030023#[0, 1, 2, 3, 4, 5, 6]
220202#[1, 2, 4, 6]
3030020#[0, 1, 2, 3, 4, 5, 6]
302120#[3, 4, 5]
310313#[2, 5]
302123#[3, 4, 5]
302132#[3, 4, 6]
130100#[1, 4]
130103#[1, 4]
310322#[2, 5, 6]
1023032#[0, 2, 6]
3030041#[6]
343100#[4]
220223#[1, 2, 4, 5]
212030#[1, 2, 3]
3030032#[0, 1, 2, 3, 4, 5, 6]
220220#[1, 2, 4, 5]
310331#[2, 6]
310340#[2]
40001#[6]
212033#[1, 2, 3]
3030122#[4, 5, 6]
3120230#[1, 2, 4]
40010#[5]
2301032#[0, 3, 6]
220232#[1, 2, 4, 6]
40013#[5]
3030113#[4, 5]
3030140#[4]
2342000#[0, 3]
130130#[1, 4]
130133#[1, 4]
40022#[5, 6]
3030131#[4, 6]
40031#[6]
3210320#[1, 2, 5]
3202130#[1, 3, 4]
3120203#[1, 2, 4]
3120200#[1, 2, 4]
2301002#[0, 3, 6]
1203320#[0, 1, 5]
3030110#[4, 5]
1203302#[0, 1, 6]
3030104#[4]
302204#[3, 4]
3030101#[4, 6]
2301023#[0, 3, 5]
302201#[3, 4, 6]
2301020#[0, 3, 5]
302213#[3, 4, 5]
3120302#[1, 2, 6]
310400#[2]
302210#[3, 4, 5]
310403#[2]
1031303#[0, 3]
302222#[3, 4, 5, 6]
1031300#[0, 3]
220301#[1, 2, 6]
122000#[1, 2, 3]
122003#[1, 2, 3]
302231#[3, 4, 6]
3022013#[2, 3, 5]
220304#[1, 2]
3022010#[2, 3, 5]
3030203#[0, 1, 2, 3, 4, 5, 6]
220310#[1, 2, 5]
3030200#[0, 1, 2, 3, 4, 5, 6]
3022004#[2, 3]
220313#[1, 2, 5]
310430#[2]
130202#[1, 4, 6]
3202220#[1, 3, 4, 5]
3022001#[2, 3, 6]
4300001#[6]
220322#[1, 2, 5, 6]
302240#[3, 4]
40100#[4]
40103#[4]
220331#[1, 2, 6]
3202202#[1, 3, 4, 6]
4300010#[5]
4300013#[5]
1031330#[0, 3]
130220#[1, 4, 5]
130223#[1, 4, 5]
122030#[1, 2, 3]
122033#[1, 2, 3]
220340#[1, 2]
4300022#[5, 6]
130232#[1, 4, 6]
4103300#[1]
4300031#[6]
40130#[4]
40133#[4]
4013300#[2]
1400030#[0]
3202301#[1, 3, 6]
1400000#[0]
1400003#[0]
302300#[0, 1, 2, 3, 4, 5, 6]
302303#[0, 1, 2, 3, 4, 5, 6]
3022031#[2, 3, 6]
204002#[1, 6]
3030221#[4, 5, 6]
3022022#[2, 3, 5, 6]
3030212#[4, 5, 6]
302312#[3, 5, 6]
1023203#[0, 2, 4]
3120320#[1, 2, 5]
1023200#[0, 2, 4]
220403#[1, 2]
1023230#[0, 2, 4]
220400#[1, 2]
204023#[1, 5]
1400033#[0]
302321#[3, 5, 6]
3022040#[2, 3]
204020#[1, 5]
3030230#[0, 1, 2, 3, 4, 5, 6]
130301#[1, 6]
302330#[0, 1, 2, 3, 4, 5, 6]
32000#[0, 1, 2, 3, 4, 5, 6]
130304#[1]
32003#[0, 1, 2, 3, 4, 5, 6]
204032#[1, 6]
4300100#[4]
4300103#[4]
130310#[1, 5]
130313#[1, 5]
3030311#[5, 6]
40202#[4, 6]
32012#[3, 5, 6]
2301230#[0, 3, 4]
220430#[1, 2]
130322#[1, 5, 6]
32021#[3, 5, 6]
32024#[3, 5]
130331#[1, 6]
3022130#[2, 3, 4]
40220#[4, 5]
32030#[0, 1, 2, 3, 4, 5, 6]
3030320#[0, 1, 2, 3, 4, 5, 6]
40223#[4, 5]
1310003#[0, 2]
32033#[0, 1, 2, 3, 4, 5, 6]
1310000#[0, 2]
4300130#[4]
130340#[1]
40232#[4, 6]
32042#[3, 6]
3104003#[1]
3104000#[1]
2301203#[0, 3, 4]
3030302#[0, 1, 2, 3, 4, 5, 6]
3104030#[1]
2301200#[0, 3, 4]
3202310#[1, 3, 5]
3022103#[2, 3, 4]
3022100#[2, 3, 4]
1310033#[0, 2]
302402#[3, 6]
1023302#[0, 2, 6]
212303#[1, 2, 3]
212300#[1, 2, 3]
302420#[3, 5]
3202400#[1, 3]
3022202#[2, 3, 4, 6]
2301302#[0, 3, 6]
1023320#[0, 2, 5]
2203001#[0, 1, 6]
2203004#[0, 1]
1310030#[0, 2]
3014000#[2]
3014003#[2]
130400#[1]
130403#[1]
32102#[3, 4, 6]
212330#[1, 2, 3]
40301#[6]
40310#[5]
32120#[3, 4, 5]
40313#[5]
32123#[3, 4, 5]
130430#[1]
2203040#[0, 1]
40322#[5, 6]
32132#[3, 4, 6]
2031002#[0, 3, 6]
40331#[6]
3022220#[2, 3, 4, 5]
2203010#[0, 1, 5]
3014030#[2]
2203013#[0, 1, 5]
3030410#[5]
2031032#[0, 3, 6]
204203#[1, 4]
2301320#[0, 3, 5]
204200#[1, 4]
1220030#[0, 1, 2]
2203022#[0, 1, 5, 6]
3030401#[6]
2031023#[0, 3, 5]
1220003#[0, 1, 2]
2031020#[0, 3, 5]
1220000#[0, 1, 2]
2203031#[0, 1, 6]
122300#[1, 2, 3]
1433000#[0]
122303#[1, 2, 3]
24002#[2, 6]
204230#[1, 4]
3022310#[2, 3, 5]
32201#[3, 4, 6]
32204#[3, 4]
32210#[3, 4, 5]
1220033#[0, 1, 2]
24020#[2, 5]
32213#[3, 4, 5]
24023#[2, 5]
2203130#[0, 1, 4]
122330#[1, 2, 3]
32222#[3, 4, 5, 6]
24032#[2, 6]
1302002#[0, 3, 6]
32231#[3, 4, 6]
4300202#[4, 6]
32240#[3, 4]
3022301#[2, 3, 6]
1400300#[0]
1400303#[0]
2203100#[0, 1, 4]
4300220#[4, 5]
2203103#[0, 1, 4]
4030013#[5]
1130000#[0, 1]
1130003#[0, 1]
1302032#[0, 3, 6]
3104300#[1]
4030010#[5]
1343000#[0]
4030001#[6]
204302#[1, 6]
1302023#[0, 3, 5]
1302020#[0, 3, 5]
1400330#[0]
1130033#[0, 1]
204320#[1, 5]
32300#[0, 1, 2, 3, 4, 5, 6]
32303#[0, 1, 2, 3, 4, 5, 6]
32312#[3, 5, 6]
1130030#[0, 1]
32321#[3, 5, 6]
2023004#[0, 2]
2023001#[0, 2, 6]
32330#[0, 1, 2, 3, 4, 5, 6]
1310303#[0, 2]
4300301#[6]
1310300#[0, 2]
4202000#[1, 3]
4202003#[1, 3]
4300310#[5]
2031230#[0, 3, 4]
2203202#[0, 1, 4, 6]
1310330#[0, 2]
2023031#[0, 2, 6]
401003#[3]
3022400#[2, 3]
4202030#[1, 3]
401000#[3]
2023022#[0, 2, 5, 6]
4030031#[6]
2203220#[0, 1, 4, 5]
2023013#[0, 2, 5]
4030022#[5, 6]
2023010#[0, 2, 5]
2031203#[0, 3, 4]
2031200#[0, 3, 4]
401030#[3]
3301040#[3]
2203301#[0, 1, 6]
24200#[2, 4]
24203#[2, 4]
1040003#[0]
2203310#[0, 1, 5]
1040000#[0]
401033#[3]
4030130#[4]
1040030#[0]
32402#[3, 6]
3301031#[3, 6]
2023040#[0, 2]
3301010#[3, 5]
2023103#[0, 2, 4]
2023100#[0, 2, 4]
32420#[3, 5]
24230#[2, 4]
3301013#[3, 5]
1302203#[0, 3, 4]
4030100#[4]
4030103#[4]
1302200#[0, 3, 4]
3301022#[3, 5, 6]
1040033#[0]
3014300#[2]
3301001#[3, 6]
3301004#[3]
2023130#[0, 2, 4]
1302230#[0, 3, 4]
2031320#[0, 3, 5]
4030202#[4, 6]
4022000#[2, 3]
4022003#[2, 3]
2031302#[0, 3, 6]
311000#[2, 3]
1220303#[0, 1, 2]
3301103#[3, 4]
1220300#[0, 1, 2]
3301100#[3, 4]
311003#[2, 3]
24302#[2, 6]
311030#[2, 3]
1220330#[0, 1, 2]
311033#[2, 3]
24320#[2, 5]
2400032#[0, 6]
1302302#[0, 3, 6]
1302320#[0, 3, 5]
2400002#[0, 6]
2203400#[0, 1]
2023220#[0, 2, 4, 5]
1130300#[0, 1]
1130303#[0, 1]
2400020#[0, 5]
4030220#[4, 5]
2400023#[0, 5]
4022030#[2, 3]
3301130#[3, 4]
2023202#[0, 2, 4, 6]
221003#[1, 2, 3]
1130330#[0, 1]
221000#[1, 2, 3]
1032002#[0, 3, 6]
2310002#[0, 2, 6]
3301220#[3, 4, 5]
1032023#[0, 3, 5]
1032020#[0, 3, 5]
4030310#[5]
3301202#[3, 4, 6]
4030301#[6]
221030#[1, 2, 3]
221033#[1, 2, 3]
1032032#[0, 3, 6]
4202300#[1, 3]
3301301#[3, 6]
3203000#[0, 1, 2, 3, 4, 5, 6]
3203003#[0, 1, 2, 3, 4, 5, 6]
3301310#[3, 5]
2023310#[0, 2, 5]
401303#[3]
401300#[3]
2023301#[0, 2, 6]
303002#[0, 1, 2, 3, 4, 5, 6]
1040303#[0]
303014#[5]
1040300#[0]
2310023#[0, 2, 5]
2310020#[0, 2, 5]
303011#[5, 6]
303020#[0, 1, 2, 3, 4, 5, 6]
303023#[0, 1, 2, 3, 4, 5, 6]
2310032#[0, 2, 6]
401330#[3]
131000#[1, 3]
131003#[1, 3]
303032#[0, 1, 2, 3, 4, 5, 6]
3031022#[3, 5, 6]
2400230#[0, 4]
2220002#[0, 1, 2, 6]
1040330#[0]
303041#[6]
3031013#[3, 5]
3031010#[3, 5]
2220020#[0, 1, 2, 5]
2220023#[0, 1, 2, 5]
131030#[1, 3]
131033#[1, 3]
3031031#[3, 6]
3203030#[0, 1, 2, 3, 4, 5, 6]
2400200#[0, 4]
2400203#[0, 4]
3031004#[3]
3203012#[1, 5, 6]
2023400#[0, 2]
3031001#[3, 6]
303101#[4, 6]
3203021#[1, 5, 6]
