311300#[0, 1, 2, 3, 4, 5, 6]
1110032#[0, 1, 2, 6]
102401#[1, 3, 6]
2#[0, 1, 2, 3, 4, 5, 6]
303110#[0, 1, 2, 3, 4, 5, 6]
4100#[0, 1, 2, 4, 5, 6]
1024010#[0, 2, 5]
1032200#[0, 1, 2, 3, 4, 5, 6]
3113000#[0, 1, 2, 3, 4, 5, 6]
4103#[0, 1, 2, 4, 5, 6]
213002#[0, 1, 2, 3, 4, 5, 6]
11#[0, 1, 2, 3, 4, 5, 6]
102410#[1, 3, 5]
1024001#[0, 2, 6]
14#[0, 1, 2, 3, 4, 5]
12302#[0, 1, 2, 3, 4, 5, 6]
213011#[1, 2, 5, 6]
4112#[4, 5, 6]
1200131#[0, 1, 4, 6]
2302001#[0, 1, 2, 3, 4, 5, 6]
221201#[1, 2, 3, 4, 6]
3031100#[0, 1, 2, 3, 4, 5, 6]
430100#[0, 2, 3, 4, 5, 6]
4010030#[1, 2, 3, 4, 5, 6]
20#[0, 1, 2, 3, 4, 5, 6]
1110020#[0, 1, 2, 5]
2101301#[0, 1, 3, 6]
23#[0, 1, 2, 3, 4, 5, 6]
1110023#[0, 1, 2, 5]
12311#[2, 3, 5, 6]
4010021#[2, 5, 6]
2302010#[0, 1, 2, 3, 4, 5, 6]
221210#[1, 2, 3, 4, 5]
4121#[4, 5, 6]
2310200#[0, 1, 2, 3, 4, 5, 6]
131102#[1, 3, 4, 6]
1200140#[0, 1, 4]
2101310#[0, 1, 3, 5]
213020#[0, 1, 2, 3, 4, 5, 6]
32#[0, 1, 2, 3, 4, 5, 6]
12320#[0, 1, 2, 3, 4, 5, 6]
4010012#[2, 5, 6]
4130#[0, 1, 2, 4, 5, 6]
340001#[0, 1, 3, 4, 5, 6]
2003003#[0, 1, 2, 3, 4, 5, 6]
4100120#[1, 4, 5]
2003000#[0, 1, 2, 3, 4, 5, 6]
41000#[0, 1, 3, 4, 5, 6]
41#[0, 1, 2, 3, 4, 6]
41003#[0, 1, 3, 4, 5, 6]
44#[0, 1, 2, 3, 4]
4010000#[1, 2, 3, 4, 5, 6]
4010003#[1, 2, 3, 4, 5, 6]
340010#[0, 1, 3, 4, 5, 6]
131120#[1, 3, 4, 5]
41012#[3, 5, 6]
4100102#[1, 4, 6]
41021#[3, 5, 6]
2130020#[0, 1, 2, 3, 4, 5, 6]
41030#[0, 1, 3, 4, 5, 6]
1200212#[0, 1, 4, 5, 6]
2003030#[0, 1, 2, 3, 4, 5, 6]
2011220#[0, 2, 3, 4, 5]
4010102#[2, 4, 6]
4100210#[1, 4, 5]
1200221#[0, 1, 4, 5, 6]
2003021#[0, 1, 2, 3, 4, 5, 6]
4100201#[1, 4, 6]
1200203#[0, 1, 2, 3, 4, 5, 6]
1200200#[0, 1, 2, 3, 4, 5, 6]
2003012#[0, 1, 2, 3, 4, 5, 6]
2011202#[0, 2, 3, 4, 6]
1020014#[0, 2, 5]
303200#[0, 1, 2, 3, 4, 5, 6]
2220101#[0, 1, 2, 4, 6]
1020011#[0, 2, 5, 6]
101#[0, 1, 2, 3, 4, 5, 6]
104#[0, 1, 2, 3, 4, 5]
4202#[0, 1, 2, 4, 5, 6]
1024100#[0, 2, 4]
1020002#[0, 1, 2, 3, 4, 5, 6]
213101#[1, 2, 4, 6]
110#[0, 1, 2, 3, 4, 5, 6]
2220110#[0, 1, 2, 4, 5]
113#[0, 1, 2, 3, 4, 5, 6]
12401#[2, 3, 6]
2130002#[0, 1, 2, 3, 4, 5, 6]
4211#[4, 5, 6]
1200230#[0, 1, 2, 3, 4, 5, 6]
213110#[1, 2, 4, 5]
422000#[0, 2, 3, 4, 5, 6]
221300#[0, 1, 2, 3, 4, 5, 6]
1020023#[0, 1, 2, 3, 4, 5, 6]
122#[0, 1, 2, 3, 4, 5, 6]
12410#[2, 3, 5]
2130011#[0, 1, 5, 6]
123002#[0, 1, 2, 3, 4, 5, 6]
1020020#[0, 1, 2, 3, 4, 5, 6]
4220#[0, 1, 2, 4, 5, 6]
2212001#[0, 1, 2, 3, 6]
2003102#[0, 1, 2, 3, 4, 5, 6]
340100#[0, 1, 3, 4, 5, 6]
123011#[1, 2, 5, 6]
131201#[1, 3, 4, 6]
131#[0, 1, 2, 3, 4, 5, 6]
134#[0, 1, 2, 3, 4, 5]
1020041#[0, 2, 6]
131210#[1, 3, 4, 5]
4301000#[1, 2, 3, 4, 5, 6]
2220200#[0, 1, 2, 3, 4, 5, 6]
2212010#[0, 1, 2, 3, 5]
140#[0, 1, 2, 3, 4, 6]
123020#[0, 1, 2, 3, 4, 5, 6]
41102#[3, 4, 6]
143#[0, 1, 2, 3, 4, 6]
1020032#[0, 1, 2, 3, 4, 5, 6]
2130101#[0, 1, 4, 6]
2130110#[0, 1, 4, 5]
41120#[3, 4, 5]
1102001#[0, 1, 3, 6]
1102004#[0, 1, 3]
1200311#[0, 1, 5, 6]
1110200#[0, 1, 2, 4]
1401020#[0, 3, 5]
1102010#[0, 1, 3, 5]
1110203#[0, 1, 2, 4]
1102013#[0, 1, 3, 5]
2003120#[0, 1, 2, 3, 4, 5, 6]
2011310#[0, 2, 3, 5]
4010120#[2, 4, 5]
3023000#[0, 1, 2, 3, 4, 5, 6]
2302100#[0, 1, 2, 3, 4, 5, 6]
2101400#[0, 1, 3]
2003111#[0, 4, 5, 6]
2011301#[0, 2, 3, 6]
1200302#[0, 1, 2, 3, 4, 5, 6]
1401002#[0, 3, 6]
1020110#[0, 2, 4, 5]
1110230#[0, 1, 2, 4]
1020104#[0, 2, 4]
200#[0, 1, 2, 3, 4, 5, 6]
1102040#[0, 1, 3]
1020101#[0, 2, 4, 6]
2040020#[0, 1, 3, 4, 5, 6]
203#[0, 1, 2, 3, 4, 5, 6]
4301#[0, 1, 2, 4, 5, 6]
1200320#[0, 1, 2, 3, 4, 5, 6]
213200#[0, 1, 2, 3, 4, 5, 6]
2040011#[0, 5, 6]
212#[0, 1, 2, 3, 4, 5, 6]
1020122#[0, 2, 4, 5, 6]
1102022#[0, 1, 3, 5, 6]
4310#[0, 1, 2, 4, 5, 6]
4002020#[1, 2, 3, 4, 5, 6]
123101#[1, 2, 4, 6]
2040002#[0, 1, 3, 4, 5, 6]
221#[0, 1, 2, 3, 4, 5, 6]
1020113#[0, 2, 4, 5]
1102031#[0, 1, 3, 6]
4010210#[2, 4, 5]
224#[0, 1, 2, 3, 4, 5]
1020140#[0, 2, 4]
4010201#[2, 4, 6]
332000#[0, 1, 2, 3, 4, 5, 6]
230#[0, 1, 2, 3, 4, 5, 6]
131300#[0, 1, 2, 3, 4, 5, 6]
4002011#[3, 5, 6]
123110#[1, 2, 4, 5]
233#[0, 1, 2, 3, 4, 5, 6]
33002#[0, 1, 2, 3, 4, 5, 6]
1020131#[0, 2, 4, 6]
4002002#[1, 2, 3, 4, 5, 6]
41201#[3, 4, 6]
242#[0, 1, 2, 3, 4, 6]
4100300#[1, 2, 3, 4, 5, 6]
33011#[0, 1, 2, 3, 4, 5, 6]
41210#[3, 4, 5]
33020#[0, 1, 2, 3, 4, 5, 6]
4010300#[1, 2, 3, 4, 5, 6]
1200401#[0, 1, 6]
4002110#[3, 4, 5]
1102100#[0, 1, 3, 4]
1102103#[0, 1, 3, 4]
4002101#[3, 4, 6]
1200410#[0, 1, 5]
1311002#[0, 2, 3, 6]
1110302#[0, 1, 2, 6]
2003210#[0, 1, 2, 3, 4, 5, 6]
2011400#[0, 2, 3]
2003201#[0, 1, 2, 3, 4, 5, 6]
1110320#[0, 1, 2, 5]
1012013#[0, 2, 3, 5]
1102130#[0, 1, 3, 4]
1020203#[0, 1, 2, 3, 4, 5, 6]
2212100#[0, 1, 2, 3, 4]
1012010#[0, 2, 3, 5]
1020200#[0, 1, 2, 3, 4, 5, 6]
201002#[0, 1, 2, 3, 4, 5, 6]
1012004#[0, 2, 3]
302#[0, 1, 2, 3, 4, 5, 6]
1012001#[0, 2, 3, 6]
4400#[0, 1, 2, 5, 6]
201011#[1, 3, 5, 6]
1012031#[0, 2, 3, 6]
2040110#[0, 4, 5]
2122001#[0, 1, 2, 3, 6]
1020221#[0, 2, 4, 5, 6]
201014#[1, 3, 5]
311#[0, 1, 2, 3, 4, 5, 6]
2130200#[0, 1, 2, 3, 4, 5, 6]
1311020#[0, 2, 3, 5]
1012022#[0, 2, 3, 5, 6]
2122010#[0, 1, 2, 3, 5]
2040101#[0, 4, 6]
314#[0, 1, 2, 3, 4, 5]
1020212#[0, 2, 4, 5, 6]
201023#[0, 1, 2, 3, 4, 5, 6]
201020#[0, 1, 2, 3, 4, 5, 6]
320#[0, 1, 2, 3, 4, 5, 6]
2204000#[0, 1, 2, 4, 5, 6]
123200#[0, 1, 2, 3, 4, 5, 6]
323#[0, 1, 2, 3, 4, 5, 6]
1012040#[0, 2, 3]
1020230#[0, 1, 2, 3, 4, 5, 6]
3101030#[0, 1, 2, 3, 4, 5, 6]
201032#[0, 1, 2, 3, 4, 5, 6]
332#[0, 1, 2, 3, 4, 5, 6]
33101#[0, 1, 2, 3, 4, 5, 6]
201041#[1, 3, 6]
242000#[0, 1, 3, 4, 5, 6]
41300#[0, 1, 3, 4, 5, 6]
2122100#[0, 1, 2, 3, 4]
341#[0, 1, 2, 3, 4, 6]
33110#[0, 1, 2, 3, 4, 5, 6]
3101003#[0, 1, 2, 3, 4, 5, 6]
1401200#[0, 3, 4]
3101000#[0, 1, 2, 3, 4, 5, 6]
1102202#[0, 1, 3, 4, 6]
3400001#[0, 2, 3, 4, 5, 6]
3101021#[1, 3, 5, 6]
4211000#[1, 2, 3]
3400010#[0, 2, 3, 4, 5, 6]
2003300#[0, 1, 2, 3, 4, 5, 6]
3101012#[1, 3, 5, 6]
1020302#[0, 1, 2, 3, 4, 5, 6]
3101102#[1, 3, 4, 6]
3310001#[0, 1, 2, 3, 4, 5, 6]
3310010#[0, 1, 2, 3, 4, 5, 6]
1012103#[0, 2, 3, 4]
1012100#[0, 2, 3, 4]
1221020#[0, 1, 2, 3, 5]
201101#[1, 3, 4, 6]
401#[0, 1, 2, 3, 5, 6]
201104#[1, 3, 4]
404#[0, 1, 2, 3, 5]
2032010#[0, 1, 2, 3, 4, 5, 6]
410003#[0, 2, 3, 4, 5, 6]
3011000#[0, 1, 2, 3, 4, 5, 6]
201110#[1, 3, 4, 5]
410000#[0, 2, 3, 4, 5, 6]
4121000#[1, 2, 3]
3011003#[0, 1, 2, 3, 4, 5, 6]
2040200#[0, 1, 3, 4, 5, 6]
3400100#[0, 2, 3, 4, 5, 6]
1221002#[0, 1, 2, 3, 6]
1020311#[0, 2, 5, 6]
410012#[2, 5, 6]
410#[0, 1, 2, 3, 5, 6]
201113#[1, 3, 4, 5]
111002#[1, 2, 3, 6]
1102220#[0, 1, 3, 4, 5]
413#[0, 1, 2, 3, 5, 6]
2032001#[0, 1, 2, 3, 4, 5, 6]
201122#[1, 3, 4, 5, 6]
410021#[2, 5, 6]
4002200#[1, 2, 3, 4, 5, 6]
422#[0, 1, 2, 3, 5, 6]
410030#[0, 2, 3, 4, 5, 6]
201131#[1, 3, 4, 6]
111020#[1, 2, 3, 5]
1012130#[0, 2, 3, 4]
111023#[1, 2, 3, 5]
431#[0, 1, 2, 3, 5, 6]
1020320#[0, 1, 2, 3, 4, 5, 6]
33200#[0, 1, 2, 3, 4, 5, 6]
201140#[1, 3, 4]
440#[0, 1, 2, 3, 6]
111032#[1, 2, 3, 6]
2200040#[0, 1, 2, 3, 4, 6]
1303001#[0, 1, 2, 3, 4, 5, 6]
1102301#[0, 1, 3, 6]
2200001#[0, 1, 2, 3, 4, 5, 6]
3011021#[2, 3, 5, 6]
1004012#[0, 5, 6]
1430000#[0, 2, 3, 4, 5, 6]
1012202#[0, 2, 3, 4, 6]
2200004#[0, 1, 2, 3, 4, 5]
3011012#[2, 3, 5, 6]
1131002#[0, 1, 3, 6]
2200010#[0, 1, 2, 3, 4, 5, 6]
1004003#[0, 1, 2, 4, 5, 6]
2200013#[0, 1, 2, 3, 4, 5, 6]
1004000#[0, 1, 2, 4, 5, 6]
3101120#[1, 3, 4, 5]
410102#[2, 4, 6]
2114000#[0, 1, 2]
201203#[0, 1, 2, 3, 4, 5, 6]
1303010#[0, 1, 2, 3, 4, 5, 6]
1004030#[0, 1, 2, 4, 5, 6]
201200#[0, 1, 2, 3, 4, 5, 6]
1012220#[0, 2, 3, 4, 5]
1311200#[0, 2, 3, 4]
1020410#[0, 2, 5]
1102310#[0, 1, 3, 5]
2200022#[0, 1, 2, 3, 4, 5, 6]
1004021#[0, 5, 6]
2032100#[0, 1, 2, 3, 4, 5, 6]
3011030#[0, 1, 2, 3, 4, 5, 6]
2200031#[0, 1, 2, 3, 4, 5, 6]
1020401#[0, 2, 6]
201212#[1, 3, 4, 5, 6]
320000#[0, 1, 2, 3, 4, 5, 6]
2200100#[0, 1, 2, 3, 4, 5, 6]
201221#[1, 3, 4, 5, 6]
2200103#[0, 1, 2, 3, 4, 5, 6]
320003#[0, 1, 2, 3, 4, 5, 6]
320012#[0, 1, 2, 3, 4, 5, 6]
21002#[0, 1, 2, 3, 4, 5, 6]
201230#[0, 1, 2, 3, 4, 5, 6]
410120#[2, 4, 5]
3220001#[0, 1, 2, 3, 4, 5, 6]
320021#[0, 1, 2, 3, 4, 5, 6]
2200112#[0, 1, 4, 5, 6]
2110001#[0, 1, 2, 6]
21011#[2, 3, 5, 6]
2110004#[0, 1, 2]
21014#[2, 3, 5]
2200121#[0, 1, 4, 5, 6]
320030#[0, 1, 2, 3, 4, 5, 6]
2110010#[0, 1, 2, 5]
3220010#[0, 1, 2, 3, 4, 5, 6]
21020#[0, 1, 2, 3, 4, 5, 6]
1131020#[0, 1, 3, 5]
3011120#[2, 3, 4, 5]
2110013#[0, 1, 2, 5]
21023#[0, 1, 2, 3, 4, 5, 6]
4031000#[1, 2, 3, 4, 5, 6]
3310100#[0, 1, 2, 3, 4, 5, 6]
21032#[0, 1, 2, 3, 4, 5, 6]
1303100#[0, 1, 2, 3, 4, 5, 6]
21041#[2, 3, 6]
3011102#[2, 3, 4, 6]
3101210#[1, 3, 4, 5]
3101201#[1, 3, 4, 6]
1213010#[0, 1, 2, 5]
1000013#[0, 1, 2, 3, 4, 5, 6]
3302000#[0, 1, 2, 3, 4, 5, 6]
1221200#[0, 1, 2, 3, 4]
1012301#[0, 2, 3, 6]
1000010#[0, 1, 2, 3, 4, 5, 6]
1004102#[0, 4, 6]
1000004#[0, 1, 2, 3, 4, 5]
1000001#[0, 1, 2, 3, 4, 5, 6]
1000031#[0, 1, 2, 3, 4, 5, 6]
1102400#[0, 1, 3]
402002#[0, 2, 3, 4, 5, 6]
201302#[0, 1, 2, 3, 4, 5, 6]
3003002#[0, 1, 2, 3, 4, 5, 6]
1004120#[0, 4, 5]
103001#[0, 1, 2, 3, 4, 5, 6]
1000022#[0, 1, 2, 3, 4, 5, 6]
1012310#[0, 2, 3, 5]
1213001#[0, 1, 2, 6]
3101300#[0, 1, 2, 3, 4, 5, 6]
201311#[1, 3, 5, 6]
402011#[3, 5, 6]
103004#[0, 1, 2, 3, 4, 5]
2024000#[0, 1, 2, 4, 5, 6]
410201#[2, 4, 6]
111200#[1, 2, 3, 4]
320102#[0, 1, 2, 3, 4, 5, 6]
402020#[0, 2, 3, 4, 5, 6]
111203#[1, 2, 3, 4]
2200130#[0, 1, 2, 3, 4, 5, 6]
103010#[0, 1, 2, 3, 4, 5, 6]
1000043#[0, 1, 2, 3, 4, 6]
410210#[2, 4, 5]
103013#[0, 1, 2, 3, 4, 5, 6]
1041002#[0, 3, 6]
2110022#[0, 1, 2, 5, 6]
1000040#[0, 1, 2, 3, 4, 6]
320111#[2, 4, 5, 6]
201320#[0, 1, 2, 3, 4, 5, 6]
1000034#[0, 1, 2, 3, 4, 5]
21101#[2, 3, 4, 6]
103022#[0, 1, 2, 3, 4, 5, 6]
2110031#[0, 1, 2, 6]
230003#[0, 1, 2, 3, 4, 5, 6]
21104#[2, 3, 4]
230000#[0, 1, 2, 3, 4, 5, 6]
1041020#[0, 3, 5]
1340000#[0, 1, 3, 4, 5, 6]
103031#[0, 1, 2, 3, 4, 5, 6]
21110#[2, 3, 4, 5]
2110040#[0, 1, 2]
21113#[2, 3, 4, 5]
320120#[0, 1, 2, 3, 4, 5, 6]
230012#[0, 1, 2, 3, 4, 5, 6]
111230#[1, 2, 3, 4]
103040#[0, 1, 2, 3, 4, 6]
21122#[2, 3, 4, 5, 6]
230021#[0, 1, 2, 3, 4, 5, 6]
21131#[2, 3, 4, 6]
230030#[0, 1, 2, 3, 4, 5, 6]
2110130#[0, 1, 2, 4]
21140#[2, 3, 4]
3003020#[0, 1, 2, 3, 4, 5, 6]
2020031#[0, 1, 2, 3, 4, 5, 6]
1004201#[0, 4, 6]
3011210#[2, 3, 4, 5]
1000103#[0, 1, 2, 3, 4, 5, 6]
1123001#[0, 1, 2, 6]
2020022#[0, 1, 2, 3, 4, 5, 6]
1000100#[0, 1, 2, 3, 4, 5, 6]
2200202#[0, 1, 2, 3, 4, 5, 6]
3011201#[2, 3, 4, 6]
3003011#[0, 1, 2, 3, 4, 5, 6]
2200211#[0, 1, 4, 5, 6]
402101#[3, 4, 6]
1000124#[0, 4, 5]
2020013#[0, 1, 2, 3, 4, 5, 6]
2020010#[0, 1, 2, 3, 4, 5, 6]
2110100#[0, 1, 2, 4]
3130010#[0, 1, 2, 3, 4, 5, 6]
3220100#[0, 1, 2, 3, 4, 5, 6]
1000121#[0, 4, 5, 6]
2110103#[0, 1, 2, 4]
402110#[3, 4, 5]
410300#[0, 2, 3, 4, 5, 6]
2020004#[0, 1, 2, 3, 4, 5]
201401#[1, 3, 6]
2200220#[0, 1, 2, 3, 4, 5, 6]
1004210#[0, 4, 5]
103100#[0, 1, 2, 3, 4, 5, 6]
3130001#[0, 1, 2, 3, 4, 5, 6]
1213100#[0, 1, 2, 4]
103103#[0, 1, 2, 3, 4, 5, 6]
1000112#[0, 4, 5, 6]
2020001#[0, 1, 2, 3, 4, 5, 6]
1012400#[0, 2, 3]
1000142#[0, 4, 6]
201410#[1, 3, 5]
312002#[0, 1, 2, 3, 4, 5, 6]
111302#[1, 2, 3, 6]
3011300#[0, 1, 2, 3, 4, 5, 6]
103112#[1, 4, 5, 6]
13001#[0, 1, 2, 3, 4, 5, 6]
1000133#[0, 1, 2, 3, 4, 5, 6]
3003110#[0, 1, 2, 3, 4, 5, 6]
2200301#[0, 1, 2, 3, 4, 5, 6]
13004#[0, 1, 2, 3, 4, 5]
1000130#[0, 1, 2, 3, 4, 5, 6]
2401001#[0, 3, 6]
320201#[0, 1, 2, 3, 4, 5, 6]
312011#[2, 3, 5, 6]
312020#[0, 1, 2, 3, 4, 5, 6]
2102000#[0, 1, 2, 3, 4, 5, 6]
21200#[0, 1, 2, 3, 4, 5, 6]
103121#[1, 4, 5, 6]
3212000#[0, 1, 2, 3, 4, 5, 6]
1131200#[0, 1, 3, 4]
13010#[0, 1, 2, 3, 4, 5, 6]
1123010#[0, 1, 2, 5]
2102003#[0, 1, 2, 3, 4, 5, 6]
21203#[0, 1, 2, 3, 4, 5, 6]
230102#[0, 1, 2, 3, 4, 5, 6]
13013#[0, 1, 2, 3, 4, 5, 6]
320210#[0, 1, 2, 3, 4, 5, 6]
2401010#[0, 3, 5]
2020040#[0, 1, 2, 3, 4, 6]
2200310#[0, 1, 2, 3, 4, 5, 6]
111320#[1, 2, 3, 5]
2110202#[0, 1, 2, 4, 6]
3130100#[0, 1, 2, 3, 4, 5, 6]
103130#[0, 1, 2, 3, 4, 5, 6]
230111#[1, 4, 5, 6]
2102012#[0, 1, 3, 5, 6]
21212#[2, 3, 4, 5, 6]
13022#[0, 1, 2, 3, 4, 5, 6]
140003#[0, 1, 3, 4, 5, 6]
140000#[0, 1, 3, 4, 5, 6]
21221#[2, 3, 4, 5, 6]
13031#[0, 1, 2, 3, 4, 5, 6]
230120#[0, 1, 2, 3, 4, 5, 6]
140012#[1, 5, 6]
21230#[0, 1, 2, 3, 4, 5, 6]
3003101#[0, 1, 2, 3, 4, 5, 6]
13040#[0, 1, 2, 3, 4, 6]
140021#[1, 5, 6]
140030#[0, 1, 3, 4, 5, 6]
1004300#[0, 1, 2, 4, 5, 6]
1000202#[0, 1, 2, 3, 4, 5, 6]
2020121#[0, 2, 4, 5, 6]
1123100#[0, 1, 2, 4]
2020112#[0, 2, 4, 5, 6]
1000223#[0, 1, 2, 3, 4, 5, 6]
1000220#[0, 1, 2, 3, 4, 5, 6]
1000214#[0, 4, 5]
2020103#[0, 1, 2, 3, 4, 5, 6]
2020100#[0, 1, 2, 3, 4, 5, 6]
1000211#[0, 4, 5, 6]
402200#[0, 2, 3, 4, 5, 6]
312101#[2, 3, 4, 6]
103202#[0, 1, 2, 3, 4, 5, 6]
3040010#[0, 1, 3, 4, 5, 6]
2102021#[0, 1, 3, 5, 6]
1033001#[0, 1, 2, 3, 4, 5, 6]
1000232#[0, 1, 2, 3, 4, 5, 6]
320300#[0, 1, 2, 3, 4, 5, 6]
312110#[2, 3, 4, 5]
103211#[1, 4, 5, 6]
13100#[0, 1, 2, 3, 4, 5, 6]
2110220#[0, 1, 2, 4, 5]
2102030#[0, 1, 2, 3, 4, 5, 6]
3040001#[0, 1, 3, 4, 5, 6]
13103#[0, 1, 2, 3, 4, 5, 6]
222002#[0, 1, 2, 3, 4, 5, 6]
103220#[0, 1, 2, 3, 4, 5, 6]
21302#[0, 1, 2, 3, 4, 5, 6]
222011#[1, 2, 3, 5, 6]
13112#[2, 4, 5, 6]
230201#[0, 1, 2, 3, 4, 5, 6]
2020130#[0, 1, 2, 3, 4, 5, 6]
1033010#[0, 1, 2, 3, 4, 5, 6]
1000241#[0, 4, 6]
1041200#[0, 3, 4]
21311#[2, 3, 5, 6]
230210#[0, 1, 2, 3, 4, 5, 6]
2311010#[0, 2, 3, 5]
13121#[2, 4, 5, 6]
140102#[1, 4, 6]
2110310#[0, 1, 2, 5]
222020#[0, 1, 2, 3, 4, 5, 6]
21320#[0, 1, 2, 3, 4, 5, 6]
2102120#[0, 1, 3, 4, 5]
3040100#[0, 1, 3, 4, 5, 6]
13130#[0, 1, 2, 3, 4, 5, 6]
140120#[1, 4, 5]
2012030#[0, 1, 2, 3, 4, 5, 6]
1201010#[0, 1, 3, 5]
1000301#[0, 1, 2, 3, 4, 5, 6]
2020220#[0, 1, 2, 3, 4, 5, 6]
1201013#[0, 1, 3, 5]
2401100#[0, 3, 4]
2012021#[0, 2, 3, 5, 6]
1201022#[0, 1, 3, 5, 6]
2020211#[0, 2, 4, 5, 6]
3003200#[0, 1, 2, 3, 4, 5, 6]
2200400#[0, 1, 2, 3, 5, 6]
2012012#[0, 2, 3, 5, 6]
2020202#[0, 1, 2, 3, 4, 5, 6]
1000313#[0, 1, 2, 3, 4, 5, 6]
2102102#[0, 1, 3, 4, 6]
1000310#[0, 1, 2, 3, 4, 5, 6]
2311001#[0, 2, 3, 6]
1201001#[0, 1, 3, 6]
2012003#[0, 1, 2, 3, 4, 5, 6]
2110301#[0, 1, 2, 6]
2012000#[0, 1, 2, 3, 4, 5, 6]
1201004#[0, 1, 3]
1000304#[0, 1, 2, 3, 4, 5]
3122000#[0, 1, 2, 3, 4, 5, 6]
1201040#[0, 1, 3]
1033100#[0, 1, 2, 3, 4, 5, 6]
1000331#[0, 1, 2, 3, 4, 5, 6]
103301#[0, 1, 2, 3, 4, 5, 6]
304001#[0, 1, 2, 4, 5, 6]
312200#[0, 1, 2, 3, 4, 5, 6]
1000322#[0, 1, 2, 3, 4, 5, 6]
304010#[0, 1, 2, 4, 5, 6]
103310#[0, 1, 2, 3, 4, 5, 6]
13202#[0, 1, 2, 3, 4, 5, 6]
1201031#[0, 1, 3, 6]
222101#[1, 2, 3, 4, 6]
2102201#[0, 1, 3, 4, 6]
21401#[2, 3, 6]
1000340#[0, 1, 2, 3, 4, 6]
13211#[2, 4, 5, 6]
222110#[1, 2, 3, 4, 5]
431000#[0, 2, 3, 4, 5, 6]
230300#[0, 1, 2, 3, 4, 5, 6]
2311100#[0, 2, 3, 4]
132002#[0, 1, 2, 3, 4, 5, 6]
4101020#[1, 3, 5]
21410#[2, 3, 5]
13220#[0, 1, 2, 3, 4, 5, 6]
132011#[1, 3, 5, 6]
140201#[1, 4, 6]
140210#[1, 4, 5]
4310000#[1, 2, 3, 4, 5, 6]
4101002#[1, 3, 6]
132020#[0, 1, 2, 3, 4, 5, 6]
4400000#[2, 3, 4, 5, 6]
2012120#[0, 2, 3, 4, 5]
1410002#[0, 2, 6]
4011002#[2, 3, 6]
2020310#[0, 1, 2, 3, 4, 5, 6]
1000412#[0, 5, 6]
2020301#[0, 1, 2, 3, 4, 5, 6]
2012102#[0, 2, 3, 4, 6]
1000403#[0, 1, 2, 3, 5, 6]
1201103#[0, 1, 3, 4]
1201100#[0, 1, 3, 4]
1000400#[0, 1, 2, 3, 5, 6]
304100#[0, 1, 2, 4, 5, 6]
2110400#[0, 1, 2]
1000430#[0, 1, 2, 3, 5, 6]
2102210#[0, 1, 3, 4, 5]
300002#[0, 1, 2, 3, 4, 5, 6]
2221001#[0, 1, 2, 3, 6]
1001#[0, 1, 2, 3, 4, 5, 6]
103400#[0, 1, 2, 3, 5, 6]
1000421#[0, 5, 6]
300014#[0, 1, 2, 3, 4, 5]
1004#[0, 1, 2, 3, 4, 5]
3032000#[0, 1, 2, 3, 4, 5, 6]
300011#[0, 1, 2, 3, 4, 5, 6]
300020#[0, 1, 2, 3, 4, 5, 6]
1410020#[0, 2, 5]
214001#[1, 2, 6]
1010#[0, 1, 2, 3, 4, 5, 6]
2221010#[0, 1, 2, 3, 5]
300023#[0, 1, 2, 3, 4, 5, 6]
1013#[0, 1, 2, 3, 4, 5, 6]
13301#[0, 1, 2, 3, 4, 5, 6]
1201130#[0, 1, 3, 4]
214010#[1, 2, 5]
222200#[0, 1, 2, 3, 4, 5, 6]
1022#[0, 1, 2, 3, 4, 5, 6]
13310#[0, 1, 2, 3, 4, 5, 6]
300032#[0, 1, 2, 3, 4, 5, 6]
132101#[1, 3, 4, 6]
1031#[0, 1, 2, 3, 4, 5, 6]
1034#[0, 1, 2, 3, 4, 5]
132110#[1, 3, 4, 5]
2221100#[0, 1, 2, 3, 4]
341000#[0, 1, 3, 4, 5, 6]
300041#[0, 1, 2, 3, 4, 6]
140300#[0, 1, 3, 4, 5, 6]
1040#[0, 1, 2, 3, 4, 6]
42002#[0, 1, 3, 4, 5, 6]
1043#[0, 1, 2, 3, 4, 6]
2131001#[0, 1, 3, 6]
42011#[3, 5, 6]
4220000#[1, 2, 3, 4, 5, 6]
1201202#[0, 1, 3, 4, 6]
42020#[0, 1, 3, 4, 5, 6]
3200021#[0, 1, 2, 3, 4, 5, 6]
2004020#[0, 1, 2, 4, 5, 6]
2012210#[0, 2, 3, 4, 5]
3200030#[0, 1, 2, 3, 4, 5, 6]
2020400#[0, 1, 2, 3, 5, 6]
3200000#[0, 1, 2, 3, 4, 5, 6]
4011020#[2, 3, 5]
3200003#[0, 1, 2, 3, 4, 5, 6]
2004011#[0, 5, 6]
2012201#[0, 2, 3, 4, 6]
2303000#[0, 1, 2, 3, 4, 5, 6]
2102300#[0, 1, 2, 3, 4, 5, 6]
3200012#[0, 1, 2, 3, 4, 5, 6]
2004002#[0, 1, 2, 4, 5, 6]
1320020#[0, 1, 2, 3, 4, 5, 6]
300101#[0, 1, 2, 3, 4, 5, 6]
1021004#[0, 2, 3]
1021001#[0, 2, 3, 6]
3200120#[0, 1, 2, 3, 4, 5, 6]
300110#[0, 1, 2, 3, 4, 5, 6]
1100#[0, 1, 2, 3, 4, 5, 6]
300104#[0, 1, 2, 3, 4, 5]
1103#[0, 1, 2, 3, 4, 5, 6]
210002#[0, 1, 2, 3, 4, 5, 6]
1021022#[0, 2, 3, 5, 6]
3110012#[1, 2, 5, 6]
300113#[0, 1, 2, 3, 4, 5, 6]
1320002#[0, 1, 2, 3, 4, 5, 6]
3200102#[0, 1, 2, 3, 4, 5, 6]
1201220#[0, 1, 3, 4, 5]
214100#[1, 2, 4]
1112#[3, 4, 5, 6]
13400#[0, 1, 2, 3, 5, 6]
210011#[1, 2, 5, 6]
1021013#[0, 2, 3, 5]
3110003#[0, 1, 2, 3, 4, 5, 6]
1021010#[0, 2, 3, 5]
210014#[1, 2, 5]
300122#[0, 1, 2, 3, 4, 5, 6]
1320011#[0, 2, 5, 6]
3200111#[1, 4, 5, 6]
3110000#[0, 1, 2, 3, 4, 5, 6]
124001#[1, 2, 6]
1121#[3, 4, 5, 6]
2131010#[0, 1, 3, 5]
1124#[3, 4, 5]
210023#[0, 1, 2, 3, 4, 5, 6]
300131#[0, 1, 2, 3, 4, 5, 6]
210020#[0, 1, 2, 3, 4, 5, 6]
1021031#[0, 2, 3, 6]
300140#[0, 1, 2, 3, 4, 6]
132200#[0, 1, 2, 3, 4, 5, 6]
1130#[0, 1, 2, 3, 4, 5, 6]
124010#[1, 2, 5]
1133#[0, 1, 2, 3, 4, 5, 6]
4101200#[1, 3, 4]
210032#[0, 1, 2, 3, 4, 5, 6]
42101#[3, 4, 6]
1142#[3, 4, 6]
210041#[1, 2, 6]
42110#[3, 4, 5]
1021040#[0, 2, 3]
2000030#[0, 1, 2, 3, 4, 5, 6]
1402001#[0, 3, 6]
4003001#[1, 2, 3, 4, 5, 6]
2000024#[0, 1, 2, 3, 4, 5]
1201301#[0, 1, 3, 6]
1103000#[0, 1, 2, 3, 4, 5, 6]
2000021#[0, 1, 2, 3, 4, 5, 6]
1103003#[0, 1, 2, 3, 4, 5, 6]
1201310#[0, 1, 3, 5]
1410200#[0, 2, 4]
1402010#[0, 3, 5]
2004110#[0, 4, 5]
2000012#[0, 1, 2, 3, 4, 5, 6]
2012300#[0, 1, 2, 3, 4, 5, 6]
2004101#[0, 4, 6]
2000003#[0, 1, 2, 3, 4, 5, 6]
2000000#[0, 1, 2, 3, 4, 5, 6]
1230002#[0, 1, 2, 3, 4, 5, 6]
1021103#[0, 2, 3, 4]
3110030#[0, 1, 2, 3, 4, 5, 6]
1021100#[0, 2, 3, 4]
1103030#[0, 1, 2, 3, 4, 5, 6]
2213000#[0, 1, 2, 3, 4, 5, 6]
1230011#[0, 1, 5, 6]
3110021#[1, 2, 5, 6]
300200#[0, 1, 2, 3, 4, 5, 6]
2041010#[0, 3, 5]
300203#[0, 1, 2, 3, 4, 5, 6]
300212#[0, 1, 2, 3, 4, 5, 6]
1320101#[0, 2, 4, 6]
1202#[0, 1, 2, 3, 4, 5, 6]
2000042#[0, 1, 2, 3, 4, 6]
1103012#[0, 1, 5, 6]
2041001#[0, 3, 6]
210101#[1, 2, 4, 6]
300221#[0, 1, 2, 3, 4, 5, 6]
1320110#[0, 2, 4, 5]
1211#[3, 4, 5, 6]
210104#[1, 2, 4]
2131100#[0, 1, 3, 4]
1103021#[0, 1, 5, 6]
210110#[1, 2, 4, 5]
1214#[3, 4, 5]
2000033#[0, 1, 2, 3, 4, 5, 6]
3020012#[0, 1, 2, 3, 4, 5, 6]
300230#[0, 1, 2, 3, 4, 5, 6]
210113#[1, 2, 4, 5]
120002#[0, 1, 2, 3, 4, 5, 6]
1220#[0, 1, 2, 3, 4, 5, 6]
124100#[1, 2, 4]
1021130#[0, 2, 3, 4]
1223#[0, 1, 2, 3, 4, 5, 6]
3110120#[1, 2, 4, 5]
210122#[1, 2, 4, 5, 6]
120011#[1, 2, 5, 6]
3020003#[0, 1, 2, 3, 4, 5, 6]
3020000#[0, 1, 2, 3, 4, 5, 6]
120014#[1, 2, 5]
1232#[0, 1, 2, 3, 4, 5, 6]
3020030#[0, 1, 2, 3, 4, 5, 6]
210131#[1, 2, 4, 6]
34001#[0, 1, 2, 4, 5, 6]
120020#[0, 1, 2, 3, 4, 5, 6]
1230020#[0, 1, 2, 3, 4, 5, 6]
120023#[0, 1, 2, 3, 4, 5, 6]
2123000#[0, 1, 2, 3, 4, 5, 6]
42200#[0, 1, 3, 4, 5, 6]
1241#[3, 4, 6]
34010#[0, 1, 2, 4, 5, 6]
3020021#[0, 1, 2, 3, 4, 5, 6]
210140#[1, 2, 4]
1402100#[0, 3, 4]
120032#[0, 1, 2, 3, 4, 5, 6]
3200210#[0, 1, 2, 3, 4, 5, 6]
2000123#[0, 1, 2, 3, 4, 5, 6]
2000120#[0, 1, 2, 3, 4, 5, 6]
120041#[1, 2, 6]
1201400#[0, 1, 3]
2000114#[0, 4, 5]
1103102#[0, 1, 4, 6]
4130000#[1, 2, 3, 4, 5, 6]
2000111#[0, 4, 5, 6]
2004200#[0, 1, 2, 4, 5, 6]
2000102#[0, 1, 2, 3, 4, 5, 6]
3200201#[0, 1, 2, 3, 4, 5, 6]
3110102#[1, 2, 4, 6]
4011200#[2, 3, 4]
4003010#[1, 2, 3, 4, 5, 6]
1103120#[0, 1, 4, 5]
1013003#[0, 1, 2, 3, 4, 5, 6]
1230101#[0, 1, 4, 6]
1013000#[0, 1, 2, 3, 4, 5, 6]
300302#[0, 1, 2, 3, 4, 5, 6]
1230110#[0, 1, 4, 5]
202001#[0, 1, 2, 3, 4, 5, 6]
1013021#[0, 2, 5, 6]
2000141#[0, 4, 6]
2041100#[0, 3, 4]
300311#[0, 1, 2, 3, 4, 5, 6]
3102011#[1, 3, 5, 6]
1312001#[0, 2, 3, 6]
1301#[0, 1, 2, 3, 4, 5, 6]
3110201#[1, 2, 4, 6]
202004#[0, 1, 2, 3, 4, 5]
1304#[0, 1, 2, 3, 4, 5]
210203#[0, 1, 2, 3, 4, 5, 6]
202010#[0, 1, 2, 3, 4, 5, 6]
2000132#[0, 1, 2, 3, 4, 5, 6]
3401000#[0, 2, 3, 4, 5, 6]
1013012#[0, 2, 5, 6]
210200#[0, 1, 2, 3, 4, 5, 6]
1320200#[0, 1, 2, 3, 4, 5, 6]
3200300#[0, 1, 2, 3, 4, 5, 6]
3102002#[0, 1, 2, 3, 4, 5, 6]
1021202#[0, 2, 3, 4, 6]
1312010#[0, 2, 3, 5]
1310#[0, 1, 2, 3, 4, 5, 6]
202013#[0, 1, 2, 3, 4, 5, 6]
1313#[0, 1, 2, 3, 4, 5, 6]
4003100#[1, 2, 3, 4, 5, 6]
300320#[0, 1, 2, 3, 4, 5, 6]
120101#[1, 2, 4, 6]
1140020#[0, 1, 5]
202022#[0, 1, 2, 3, 4, 5, 6]
210212#[1, 2, 4, 5, 6]
1013030#[0, 1, 2, 3, 4, 5, 6]
120104#[1, 2, 4]
1322#[0, 1, 2, 3, 4, 5, 6]
1021220#[0, 2, 3, 4, 5]
202031#[0, 1, 2, 3, 4, 5, 6]
210221#[1, 2, 4, 5, 6]
120110#[1, 2, 4, 5]
120113#[1, 2, 4, 5]
30002#[0, 1, 2, 3, 4, 5, 6]
1140002#[0, 1, 6]
1331#[0, 1, 2, 3, 4, 5, 6]
34100#[0, 1, 2, 4, 5, 6]
210230#[0, 1, 2, 3, 4, 5, 6]
120122#[1, 2, 4, 5, 6]
202040#[0, 1, 2, 3, 4, 6]
30011#[0, 1, 2, 3, 4, 5, 6]
1340#[0, 1, 2, 3, 4, 6]
30014#[0, 1, 2, 3, 4, 5]
2000222#[0, 1, 2, 3, 4, 5, 6]
120131#[1, 2, 4, 6]
30020#[0, 1, 2, 3, 4, 5, 6]
30023#[0, 1, 2, 3, 4, 5, 6]
2000213#[0, 1, 2, 3, 4, 5, 6]
2000210#[0, 1, 2, 3, 4, 5, 6]
120140#[1, 2, 4]
30032#[0, 1, 2, 3, 4, 5, 6]
2000204#[0, 1, 2, 3, 4, 5]
2000201#[0, 1, 2, 3, 4, 5, 6]
30041#[0, 1, 2, 3, 4, 6]
1013102#[0, 2, 4, 6]
3020111#[2, 4, 5, 6]
1222001#[0, 1, 2, 3, 6]
1222010#[0, 1, 2, 3, 5]
3020102#[0, 1, 2, 3, 4, 5, 6]
1230200#[0, 1, 2, 3, 4, 5, 6]
3102020#[0, 1, 2, 3, 4, 5, 6]
3110210#[1, 2, 4, 5]
2000240#[0, 1, 2, 3, 4, 6]
1312100#[0, 2, 3, 4]
1103201#[0, 1, 4, 6]
1021310#[0, 2, 3, 5]
202103#[0, 1, 2, 3, 4, 5, 6]
300401#[0, 1, 2, 3, 5, 6]
3020120#[0, 1, 2, 3, 4, 5, 6]
2033000#[0, 1, 2, 3, 4, 5, 6]
202100#[0, 1, 2, 3, 4, 5, 6]
1400#[0, 1, 2, 3, 5, 6]
2000231#[0, 1, 2, 3, 4, 5, 6]
1103210#[0, 1, 4, 5]
1021301#[0, 2, 3, 6]
1403#[0, 1, 2, 3, 5, 6]
411002#[2, 3, 6]
4040000#[1, 3, 4, 5, 6]
210302#[0, 1, 2, 3, 4, 5, 6]
300410#[0, 1, 2, 3, 5, 6]
112001#[1, 2, 3, 6]
202112#[1, 3, 4, 5, 6]
1412#[3, 5, 6]
210311#[1, 2, 5, 6]
112004#[1, 2, 3]
3012011#[2, 3, 5, 6]
3020201#[0, 1, 2, 3, 4, 5, 6]
2201000#[0, 1, 2, 3, 4, 5, 6]
120200#[0, 1, 2, 3, 4, 5, 6]
411020#[2, 3, 5]
202121#[1, 3, 4, 5, 6]
2201003#[0, 1, 2, 3, 4, 5, 6]
120203#[0, 1, 2, 3, 4, 5, 6]
112010#[1, 2, 3, 5]
112013#[1, 2, 3, 5]
1421#[3, 5, 6]
3012002#[0, 1, 2, 3, 4, 5, 6]
1013120#[0, 2, 4, 5]
202130#[0, 1, 2, 3, 4, 5, 6]
210320#[0, 1, 2, 3, 4, 5, 6]
2201012#[0, 1, 3, 5, 6]
120212#[1, 2, 4, 5, 6]
30101#[0, 1, 2, 3, 4, 5, 6]
1430#[0, 1, 2, 3, 5, 6]
112022#[1, 2, 3, 5, 6]
30104#[0, 1, 2, 3, 4, 5]
3012020#[0, 1, 2, 3, 4, 5, 6]
3020210#[0, 1, 2, 3, 4, 5, 6]
2201021#[0, 1, 3, 5, 6]
120221#[1, 2, 4, 5, 6]
30110#[0, 1, 2, 3, 4, 5, 6]
112031#[1, 2, 3, 6]
30113#[0, 1, 2, 3, 4, 5, 6]
2000312#[0, 1, 2, 3, 4, 5, 6]
120230#[0, 1, 2, 3, 4, 5, 6]
112040#[1, 2, 3]
3311000#[0, 1, 2, 3, 4, 5, 6]
30122#[0, 1, 2, 3, 4, 5, 6]
2000303#[0, 1, 2, 3, 4, 5, 6]
3102110#[1, 3, 4, 5]
2000300#[0, 1, 2, 3, 4, 5, 6]
3110300#[0, 1, 2, 3, 4, 5, 6]
30131#[0, 1, 2, 3, 4, 5, 6]
3102101#[1, 3, 4, 6]
30140#[0, 1, 2, 3, 4, 6]
1222100#[0, 1, 2, 3, 4]
1304000#[0, 1, 2, 4, 5, 6]
2000330#[0, 1, 2, 3, 4, 5, 6]
1103300#[0, 1, 2, 3, 4, 5, 6]
1013210#[0, 2, 4, 5]
3102200#[0, 1, 2, 3, 4, 5, 6]
1021400#[0, 2, 3]
202202#[0, 1, 2, 3, 4, 5, 6]
1013201#[0, 2, 4, 6]
2000321#[0, 1, 2, 3, 4, 5, 6]
202211#[1, 3, 4, 5, 6]
210401#[1, 2, 6]
112100#[1, 2, 3, 4]
112103#[1, 2, 3, 4]
2201030#[0, 1, 2, 3, 4, 5, 6]
210410#[1, 2, 5]
321002#[0, 1, 2, 3, 4, 5, 6]
120302#[0, 1, 2, 3, 4, 5, 6]
202220#[0, 1, 2, 3, 4, 5, 6]
1132001#[0, 1, 3, 6]
22001#[0, 1, 2, 3, 4, 5, 6]
22004#[0, 1, 2, 3, 4, 5]
120311#[1, 2, 5, 6]
321011#[2, 3, 5, 6]
321020#[0, 1, 2, 3, 4, 5, 6]
30200#[0, 1, 2, 3, 4, 5, 6]
1140200#[0, 1, 4]
22010#[0, 1, 2, 3, 4, 5, 6]
1132010#[0, 1, 3, 5]
30203#[0, 1, 2, 3, 4, 5, 6]
22013#[0, 1, 2, 3, 4, 5, 6]
120320#[0, 1, 2, 3, 4, 5, 6]
2201120#[0, 1, 3, 4, 5]
4200002#[1, 2, 3, 4, 5, 6]
112130#[1, 2, 3, 4]
30212#[0, 1, 2, 3, 4, 5, 6]
2000411#[0, 5, 6]
22022#[0, 1, 2, 3, 4, 5, 6]
4200011#[1, 5, 6]
2000402#[0, 1, 2, 3, 5, 6]
30221#[0, 1, 2, 3, 4, 5, 6]
22031#[0, 1, 2, 3, 4, 5, 6]
4200020#[1, 2, 3, 4, 5, 6]
30230#[0, 1, 2, 3, 4, 5, 6]
2111030#[0, 1, 2, 3]
22040#[0, 1, 2, 3, 4, 6]
1214000#[0, 1, 2]
3020300#[0, 1, 2, 3, 4, 5, 6]
3012110#[2, 3, 4, 5]
1001003#[0, 1, 2, 3, 4, 5, 6]
1300022#[0, 1, 2, 3, 4, 5, 6]
1001000#[0, 1, 2, 3, 4, 5, 6]
3012101#[2, 3, 4, 6]
1300031#[0, 1, 2, 3, 4, 5, 6]
2201102#[0, 1, 3, 4, 6]
1001021#[0, 3, 5, 6]
1300001#[0, 1, 2, 3, 4, 5, 6]
2410001#[0, 2, 6]
1300004#[0, 1, 2, 3, 4, 5]
2111000#[0, 1, 2, 3]
3221000#[0, 1, 2, 3, 4, 5, 6]
1300010#[0, 1, 2, 3, 4, 5, 6]
2000420#[0, 1, 2, 3, 5, 6]
1001012#[0, 3, 5, 6]
1013300#[0, 1, 2, 3, 4, 5, 6]
2111003#[0, 1, 2, 3]
2410010#[0, 2, 5]
1300013#[0, 1, 2, 3, 4, 5, 6]
202301#[0, 1, 2, 3, 4, 5, 6]
403001#[0, 2, 3, 4, 5, 6]
104000#[0, 1, 2, 4, 5, 6]
104003#[0, 1, 2, 4, 5, 6]
403010#[0, 2, 3, 4, 5, 6]
202310#[0, 1, 2, 3, 4, 5, 6]
3012200#[0, 1, 2, 3, 4, 5, 6]
1001033#[0, 1, 2, 3, 4, 5, 6]
411200#[2, 3, 4]
3004010#[0, 1, 2, 4, 5, 6]
1001030#[0, 1, 2, 3, 4, 5, 6]
321101#[2, 3, 4, 6]
112202#[1, 2, 3, 4, 6]
3004001#[0, 1, 2, 4, 5, 6]
104012#[1, 5, 6]
1001024#[0, 3, 5]
2410100#[0, 2, 4]
2201201#[0, 1, 3, 4, 6]
120401#[1, 2, 6]
321110#[2, 3, 4, 5]
22100#[0, 1, 2, 3, 4, 5, 6]
104021#[1, 5, 6]
1042010#[0, 3, 5]
1132100#[0, 1, 3, 4]
3131000#[0, 1, 2, 3, 4, 5, 6]
22103#[0, 1, 2, 3, 4, 5, 6]
231002#[0, 1, 2, 3, 4, 5, 6]
1300040#[0, 1, 2, 3, 4, 6]
120410#[1, 2, 5]
2201210#[0, 1, 3, 4, 5]
1001042#[0, 3, 6]
112220#[1, 2, 3, 4, 5]
1042001#[0, 3, 6]
30302#[0, 1, 2, 3, 4, 5, 6]
104030#[0, 1, 2, 4, 5, 6]
231011#[1, 3, 5, 6]
22112#[2, 3, 4, 5, 6]
30311#[0, 1, 2, 3, 4, 5, 6]
22121#[2, 3, 4, 5, 6]
231020#[0, 1, 2, 3, 4, 5, 6]
30320#[0, 1, 2, 3, 4, 5, 6]
22130#[0, 1, 2, 3, 4, 5, 6]
1001102#[0, 3, 4, 6]
1210001#[0, 1, 2, 6]
2021021#[0, 2, 3, 5, 6]
1300112#[0, 4, 5, 6]
1210004#[0, 1, 2]
1210010#[0, 1, 2, 5]
2021012#[0, 2, 3, 5, 6]
1300121#[0, 4, 5, 6]
4110002#[1, 2, 6]
1210013#[0, 1, 2, 5]
1300103#[0, 1, 2, 3, 4, 5, 6]
2021003#[0, 1, 2, 3, 4, 5, 6]
2021000#[0, 1, 2, 3, 4, 5, 6]
1300100#[0, 1, 2, 3, 4, 5, 6]
403100#[0, 2, 3, 4, 5, 6]
100001#[0, 1, 2, 3, 4, 5, 6]
2320001#[0, 1, 2, 3, 4, 5, 6]
1001132#[0, 3, 4, 6]
202400#[0, 1, 2, 3, 5, 6]
100004#[0, 1, 2, 3, 4, 5]
104102#[1, 4, 6]
2320010#[0, 1, 2, 3, 4, 5, 6]
1210040#[0, 1, 2]
100010#[0, 1, 2, 3, 4, 5, 6]
1001123#[0, 3, 4, 5]
100013#[0, 1, 2, 3, 4, 5, 6]
112301#[1, 2, 3, 6]
313001#[0, 1, 2, 3, 4, 5, 6]
1001120#[0, 3, 4, 5]
14000#[0, 1, 2, 4, 5, 6]
1124000#[0, 1, 2]
1300130#[0, 1, 2, 3, 4, 5, 6]
14003#[0, 1, 2, 4, 5, 6]
321200#[0, 1, 2, 3, 4, 5, 6]
1210022#[0, 1, 2, 5, 6]
313010#[0, 1, 2, 3, 4, 5, 6]
100022#[0, 1, 2, 3, 4, 5, 6]
112310#[1, 2, 3, 5]
2021030#[0, 1, 2, 3, 4, 5, 6]
104120#[1, 4, 5]
22202#[0, 1, 2, 3, 4, 5, 6]
1042100#[0, 3, 4]
14012#[2, 5, 6]
1210031#[0, 1, 2, 6]
231101#[1, 3, 4, 6]
100031#[0, 1, 2, 3, 4, 5, 6]
30401#[0, 1, 2, 3, 5, 6]
100034#[0, 1, 2, 3, 4, 5]
2103011#[0, 1, 5, 6]
22211#[2, 3, 4, 5, 6]
3000041#[0, 1, 2, 3, 4, 6]
231110#[1, 3, 4, 5]
14021#[2, 5, 6]
3041000#[0, 1, 3, 4, 5, 6]
440000#[0, 3, 4, 5, 6]
2320100#[0, 1, 2, 3, 4, 5, 6]
141002#[1, 3, 6]
100040#[0, 1, 2, 3, 4, 6]
100043#[0, 1, 2, 3, 4, 6]
30410#[0, 1, 2, 3, 5, 6]
2103020#[0, 1, 2, 3, 4, 5, 6]
22220#[0, 1, 2, 3, 4, 5, 6]
3000032#[0, 1, 2, 3, 4, 5, 6]
14030#[0, 1, 2, 4, 5, 6]
2230001#[0, 1, 2, 3, 4, 5, 6]
2230010#[0, 1, 2, 3, 4, 5, 6]
141020#[1, 3, 5]
1300211#[0, 4, 5, 6]
3000014#[0, 1, 2, 3, 4, 5]
4200101#[1, 4, 6]
1210103#[0, 1, 2, 4]
3000011#[0, 1, 2, 3, 4, 5, 6]
1210100#[0, 1, 2, 4]
3004100#[0, 1, 2, 4, 5, 6]
4200110#[1, 4, 5]
3000002#[0, 1, 2, 3, 4, 5, 6]
1300220#[0, 1, 2, 3, 4, 5, 6]
2021102#[0, 2, 3, 4, 6]
1001213#[0, 3, 4, 5]
2402000#[0, 2, 3, 4, 5, 6]
1001210#[0, 3, 4, 5]
2201300#[0, 1, 2, 3, 4, 5, 6]
3000020#[0, 1, 2, 3, 4, 5, 6]
1300202#[0, 1, 2, 3, 4, 5, 6]
3000023#[0, 1, 2, 3, 4, 5, 6]
2103002#[0, 1, 2, 3, 4, 5, 6]
4110020#[1, 2, 5]
1001204#[0, 3, 4]
1001201#[0, 3, 4, 6]
1001231#[0, 3, 4, 6]
1210130#[0, 1, 2, 4]
3000110#[0, 1, 2, 3, 4, 5, 6]
100100#[0, 1, 2, 3, 4, 5, 6]
3000104#[0, 1, 2, 3, 4, 5]
100103#[0, 1, 2, 3, 4, 5, 6]
1120022#[0, 1, 2, 5, 6]
3000101#[0, 1, 2, 3, 4, 5, 6]
313100#[0, 1, 2, 3, 4, 5, 6]
104201#[1, 4, 6]
1001222#[0, 3, 4, 5, 6]
4020020#[1, 2, 3, 4, 5, 6]
1120031#[0, 1, 2, 6]
1120001#[0, 1, 2, 6]
100112#[1, 4, 5, 6]
10001#[0, 1, 2, 3, 4, 5, 6]
112400#[1, 2, 3]
104210#[1, 4, 5]
10004#[0, 1, 2, 3, 4, 5]
1120004#[0, 1, 2]
4020011#[2, 5, 6]
14102#[2, 4, 6]
3000122#[0, 1, 2, 3, 4, 5, 6]
1001240#[0, 3, 4]
100121#[1, 4, 5, 6]
223001#[0, 1, 2, 3, 4, 5, 6]
10010#[0, 1, 2, 3, 4, 5, 6]
1120010#[0, 1, 2, 5]
3000113#[0, 1, 2, 3, 4, 5, 6]
1120013#[0, 1, 2, 5]
10013#[0, 1, 2, 3, 4, 5, 6]
100124#[1, 4, 5]
2103101#[0, 1, 4, 6]
22301#[0, 1, 2, 3, 4, 5, 6]
2021120#[0, 2, 3, 4, 5]
1034000#[0, 1, 2, 4, 5, 6]
4020002#[1, 2, 3, 4, 5, 6]
223010#[0, 1, 2, 3, 4, 5, 6]
231200#[0, 1, 2, 3, 4, 5, 6]
100130#[0, 1, 2, 3, 4, 5, 6]
100133#[0, 1, 2, 3, 4, 5, 6]
10022#[0, 1, 2, 3, 4, 5, 6]
22310#[0, 1, 2, 3, 4, 5, 6]
14120#[2, 4, 5]
100142#[1, 4, 6]
10031#[0, 1, 2, 3, 4, 5, 6]
10034#[0, 1, 2, 3, 4, 5]
10040#[0, 1, 2, 3, 4, 6]
1120040#[0, 1, 2]
10043#[0, 1, 2, 3, 4, 6]
2140001#[0, 1, 6]
1202003#[0, 1, 2, 3, 4, 5, 6]
1202000#[0, 1, 2, 3, 4, 5, 6]
2013020#[0, 1, 2, 3, 4, 5, 6]
2021210#[0, 2, 3, 4, 5]
4102010#[1, 3, 5]
1300310#[0, 1, 2, 3, 4, 5, 6]
4110200#[1, 2, 4]
4200200#[1, 2, 3, 4, 5, 6]
1210202#[0, 1, 2, 4, 6]
2140010#[0, 1, 5]
2013011#[0, 2, 5, 6]
1202012#[0, 1, 3, 5, 6]
4102001#[1, 3, 6]
2021201#[0, 2, 3, 4, 6]
2013002#[0, 1, 2, 3, 4, 5, 6]
1001303#[0, 1, 2, 3, 4, 5, 6]
1001300#[0, 1, 2, 3, 4, 5, 6]
1300301#[0, 1, 2, 3, 4, 5, 6]
3000140#[0, 1, 2, 3, 4, 6]
2312000#[0, 1, 2, 3, 4, 5, 6]
2111300#[0, 1, 2, 3]
1001321#[0, 3, 5, 6]
2103110#[0, 1, 4, 5]
100202#[0, 1, 2, 3, 4, 5, 6]
104300#[0, 1, 2, 4, 5, 6]
3000131#[0, 1, 2, 3, 4, 5, 6]
1001312#[0, 3, 5, 6]
100211#[1, 4, 5, 6]
1030013#[0, 1, 2, 3, 4, 5, 6]
10100#[0, 1, 2, 3, 4, 5, 6]
1030010#[0, 1, 2, 3, 4, 5, 6]
1120100#[0, 1, 2, 4]
2230100#[0, 1, 2, 3, 4, 5, 6]
1120103#[0, 1, 2, 4]
10103#[0, 1, 2, 3, 4, 5, 6]
100214#[1, 4, 5]
1202021#[0, 1, 3, 5, 6]
14201#[2, 4, 6]
1030004#[0, 1, 2, 3, 4, 5]
1202030#[0, 1, 2, 3, 4, 5, 6]
1001330#[0, 1, 2, 3, 4, 5, 6]
100220#[0, 1, 2, 3, 4, 5, 6]
100223#[0, 1, 2, 3, 4, 5, 6]
1210220#[0, 1, 2, 4, 5]
1030001#[0, 1, 2, 3, 4, 5, 6]
223100#[0, 1, 2, 3, 4, 5, 6]
10112#[2, 4, 5, 6]
2103200#[0, 1, 2, 3, 4, 5, 6]
22400#[0, 1, 2, 3, 5, 6]
1030031#[0, 1, 2, 3, 4, 5, 6]
14210#[2, 4, 5]
100232#[0, 1, 2, 3, 4, 5, 6]
10121#[2, 4, 5, 6]
1030022#[0, 1, 2, 3, 4, 5, 6]
133001#[0, 1, 2, 3, 4, 5, 6]
3000230#[0, 1, 2, 3, 4, 5, 6]
10124#[2, 4, 5]
133010#[0, 1, 2, 3, 4, 5, 6]
100241#[1, 4, 6]
2222000#[0, 1, 2, 3, 4, 5, 6]
10130#[0, 1, 2, 3, 4, 5, 6]
141200#[1, 3, 4]
1120130#[0, 1, 2, 4]
10133#[0, 1, 2, 3, 4, 5, 6]
1030040#[0, 1, 2, 3, 4, 6]
10142#[2, 4, 6]
1300400#[0, 1, 2, 3, 5, 6]
1202102#[0, 1, 3, 4, 6]
3000200#[0, 1, 2, 3, 4, 5, 6]
3000203#[0, 1, 2, 3, 4, 5, 6]
2013110#[0, 2, 4, 5]
2021300#[0, 1, 2, 3, 4, 5, 6]
1210301#[0, 1, 2, 6]
3000221#[0, 1, 2, 3, 4, 5, 6]
4020110#[2, 4, 5]
2013101#[0, 2, 4, 6]
1001402#[0, 3, 6]
4020101#[2, 4, 6]
3000212#[0, 1, 2, 3, 4, 5, 6]
3000302#[0, 1, 2, 3, 4, 5, 6]
1001420#[0, 3, 5]
3201011#[1, 3, 5, 6]
301004#[0, 1, 2, 3, 4, 5]
100301#[0, 1, 2, 3, 4, 5, 6]
3201020#[0, 1, 2, 3, 4, 5, 6]
301001#[0, 1, 2, 3, 4, 5, 6]
1120220#[0, 1, 2, 4, 5]
1112030#[0, 1, 2, 3]
2000#[0, 1, 2, 3, 4, 5, 6]
1112000#[0, 1, 2, 3]
100304#[0, 1, 2, 3, 4, 5]
301013#[0, 1, 2, 3, 4, 5, 6]
2003#[0, 1, 2, 3, 4, 5, 6]
1112003#[0, 1, 2, 3]
1210310#[0, 1, 2, 5]
4020200#[1, 2, 3, 4, 5, 6]
301010#[0, 1, 2, 3, 4, 5, 6]
100310#[0, 1, 2, 3, 4, 5, 6]
4012010#[2, 3, 5]
100313#[0, 1, 2, 3, 4, 5, 6]
1030103#[0, 1, 2, 3, 4, 5, 6]
3000311#[0, 1, 2, 3, 4, 5, 6]
10202#[0, 1, 2, 3, 4, 5, 6]
1202120#[0, 1, 3, 4, 5]
3201002#[0, 1, 2, 3, 4, 5, 6]
301022#[0, 1, 2, 3, 4, 5, 6]
1030100#[0, 1, 2, 3, 4, 5, 6]
1120202#[0, 1, 2, 4, 6]
2012#[0, 1, 2, 3, 4, 5, 6]
14300#[0, 1, 2, 4, 5, 6]
4012001#[2, 3, 6]
100322#[0, 1, 2, 3, 4, 5, 6]
10211#[2, 4, 5, 6]
301031#[0, 1, 2, 3, 4, 5, 6]
2140100#[0, 1, 4]
2021#[0, 1, 2, 3, 4, 5, 6]
10214#[2, 4, 5]
1030121#[0, 4, 5, 6]
2024#[0, 1, 2, 3, 4, 5]
100331#[0, 1, 2, 3, 4, 5, 6]
4102100#[1, 3, 4]
10220#[0, 1, 2, 3, 4, 5, 6]
2030#[0, 1, 2, 3, 4, 5, 6]
133100#[0, 1, 2, 3, 4, 5, 6]
10223#[0, 1, 2, 3, 4, 5, 6]
1030112#[0, 4, 5, 6]
2033#[0, 1, 2, 3, 4, 5, 6]
301040#[0, 1, 2, 3, 4, 6]
100340#[0, 1, 2, 3, 4, 6]
10232#[0, 1, 2, 3, 4, 5, 6]
43001#[0, 1, 3, 4, 5, 6]
2042#[0, 1, 2, 3, 4, 6]
1030130#[0, 1, 2, 3, 4, 5, 6]
2132000#[0, 1, 2, 3, 4, 5, 6]
10241#[2, 4, 6]
43010#[0, 1, 3, 4, 5, 6]
1202201#[0, 1, 3, 4, 6]
2013200#[0, 1, 2, 3, 4, 5, 6]
1321010#[0, 2, 3, 5]
1120310#[0, 1, 2, 5]
301100#[0, 1, 2, 3, 4, 5, 6]
301103#[0, 1, 2, 3, 4, 5, 6]
3000320#[0, 1, 2, 3, 4, 5, 6]
1202210#[0, 1, 3, 4, 5]
100400#[0, 1, 2, 3, 5, 6]
100403#[0, 1, 2, 3, 5, 6]
1210400#[0, 1, 2]
1022012#[0, 2, 3, 5, 6]
1030202#[0, 1, 2, 3, 4, 5, 6]
2102#[0, 1, 2, 3, 4, 5, 6]
211001#[1, 2, 3, 6]
1022003#[0, 1, 2, 3, 4, 5, 6]
301112#[3, 4, 5, 6]
1120301#[0, 1, 2, 6]
100412#[1, 5, 6]
1321001#[0, 2, 3, 6]
10301#[0, 1, 2, 3, 4, 5, 6]
2111#[3, 4, 5, 6]
1022000#[0, 1, 2, 3, 4, 5, 6]
211004#[1, 2, 3]
10304#[0, 1, 2, 3, 4, 5]
2300003#[0, 1, 2, 3, 4, 5, 6]
1022030#[0, 1, 2, 3, 4, 5, 6]
211010#[1, 2, 3, 5]
2114#[3, 4, 5]
2300000#[0, 1, 2, 3, 4, 5, 6]
1030220#[0, 1, 2, 3, 4, 5, 6]
3111020#[1, 2, 3, 5]
100421#[1, 5, 6]
301121#[3, 4, 5, 6]
10310#[0, 1, 2, 3, 4, 5, 6]
211013#[1, 2, 3, 5]
2120#[0, 1, 2, 3, 4, 5, 6]
10313#[0, 1, 2, 3, 4, 5, 6]
1022021#[0, 2, 3, 5, 6]
2123#[0, 1, 2, 3, 4, 5, 6]
1030211#[0, 4, 5, 6]
211022#[1, 2, 3, 5, 6]
301130#[0, 1, 2, 3, 4, 5, 6]
100430#[0, 1, 2, 3, 5, 6]
2300012#[0, 1, 2, 3, 4, 5, 6]
10322#[0, 1, 2, 3, 4, 5, 6]
2132#[0, 1, 2, 3, 4, 5, 6]
211031#[1, 2, 3, 6]
2300021#[0, 1, 2, 3, 4, 5, 6]
10331#[0, 1, 2, 3, 4, 5, 6]
43100#[0, 1, 3, 4, 5, 6]
2141#[3, 4, 6]
2300030#[0, 1, 2, 3, 4, 5, 6]
2001023#[0, 1, 2, 3, 4, 5, 6]
2001020#[0, 1, 2, 3, 4, 5, 6]
211040#[1, 2, 3]
3410000#[0, 2, 3, 4, 5, 6]
10340#[0, 1, 2, 3, 4, 6]
3201110#[1, 3, 4, 5]
2001014#[0, 3, 5]
2001011#[0, 3, 5, 6]
1403000#[0, 2, 3, 4, 5, 6]
1202300#[0, 1, 2, 3, 4, 5, 6]
2001002#[0, 1, 2, 3, 4, 5, 6]
3111002#[1, 2, 3, 6]
3000410#[0, 1, 2, 3, 5, 6]
4012100#[2, 3, 4]
3000401#[0, 1, 2, 3, 5, 6]
3201101#[1, 3, 4, 6]
3201200#[0, 1, 2, 3, 4, 5, 6]
1120400#[0, 1, 2]
1104020#[0, 1, 5]
1231001#[0, 1, 3, 6]
2042000#[0, 1, 3, 4, 5, 6]
2001041#[0, 3, 6]
1030301#[0, 1, 2, 3, 4, 5, 6]
1104002#[0, 1, 6]
2001032#[0, 1, 2, 3, 4, 5, 6]
301202#[0, 1, 2, 3, 4, 5, 6]
1321100#[0, 2, 3, 4]
2201#[0, 1, 2, 3, 4, 5, 6]
1022102#[0, 2, 3, 4, 6]
2204#[0, 1, 2, 3, 4, 5]
211103#[1, 2, 3, 4]
4004000#[1, 2, 4, 5, 6]
301211#[3, 4, 5, 6]
211100#[1, 2, 3, 4]
10400#[0, 1, 2, 3, 5, 6]
301220#[0, 1, 2, 3, 4, 5, 6]
2210#[0, 1, 2, 3, 4, 5, 6]
10403#[0, 1, 2, 3, 5, 6]
420002#[0, 2, 3, 4, 5, 6]
2213#[0, 1, 2, 3, 4, 5, 6]
1022120#[0, 2, 3, 4, 5]
121001#[1, 2, 3, 6]
1030310#[0, 1, 2, 3, 4, 5, 6]
10412#[2, 5, 6]
420011#[2, 5, 6]
121004#[1, 2, 3]
2222#[0, 1, 2, 3, 4, 5, 6]
1231010#[0, 1, 3, 5]
420020#[0, 2, 3, 4, 5, 6]
121010#[1, 2, 3, 5]
121013#[1, 2, 3, 5]
10421#[2, 5, 6]
2231#[0, 1, 2, 3, 4, 5, 6]
211130#[1, 2, 3, 4]
10430#[0, 1, 2, 3, 5, 6]
121022#[1, 2, 3, 5, 6]
2240#[0, 1, 2, 3, 4, 6]
2210021#[0, 1, 2, 5, 6]
121031#[1, 2, 3, 6]
2001113#[0, 3, 4, 5]
2001110#[0, 3, 4, 5]
2001104#[0, 3, 4]
2210030#[0, 1, 2, 3, 4, 5, 6]
121040#[1, 2, 3]
2001101#[0, 3, 4, 6]
3021002#[0, 1, 2, 3, 4, 5, 6]
1100021#[0, 1, 5, 6]
2300102#[0, 1, 2, 3, 4, 5, 6]
1100024#[0, 1, 5]
2001140#[0, 3, 4]
2300111#[0, 4, 5, 6]
1100030#[0, 1, 2, 3, 4, 5, 6]
1231100#[0, 1, 3, 4]
1100000#[0, 1, 2, 3, 4, 5, 6]
301301#[0, 1, 2, 3, 4, 5, 6]
2210000#[0, 1, 2, 3, 4, 5, 6]
3320000#[0, 1, 2, 3, 4, 5, 6]
3021020#[0, 1, 2, 3, 4, 5, 6]
2210003#[0, 1, 2, 3, 4, 5, 6]
1100003#[0, 1, 2, 3, 4, 5, 6]
2001131#[0, 3, 4, 6]
1022201#[0, 2, 3, 4, 6]
203003#[0, 1, 2, 3, 4, 5, 6]
301310#[0, 1, 2, 3, 4, 5, 6]
203000#[0, 1, 2, 3, 4, 5, 6]
2300120#[0, 1, 2, 3, 4, 5, 6]
1313000#[0, 1, 2, 3, 4, 5, 6]
1100012#[0, 1, 5, 6]
2001122#[0, 3, 4, 5, 6]
2300#[0, 1, 2, 3, 4, 5, 6]
1112300#[0, 1, 2, 3]
1014002#[0, 2, 6]
2210012#[0, 1, 2, 5, 6]
3021011#[2, 3, 5, 6]
2303#[0, 1, 2, 3, 4, 5, 6]
211202#[1, 2, 3, 4, 6]
3230000#[0, 1, 2, 3, 4, 5, 6]
3021101#[2, 3, 4, 6]
420101#[2, 4, 6]
203012#[0, 1, 2, 3, 4, 5, 6]
2312#[0, 1, 2, 3, 4, 5, 6]
420110#[2, 4, 5]
2300201#[0, 1, 2, 3, 4, 5, 6]
1014020#[0, 2, 5]
1022210#[0, 2, 3, 4, 5]
3103010#[0, 1, 2, 3, 4, 5, 6]
121100#[1, 2, 3, 4]
121103#[1, 2, 3, 4]
203021#[0, 1, 2, 3, 4, 5, 6]
1030400#[0, 1, 2, 3, 5, 6]
3111200#[1, 2, 3, 4]
2300210#[0, 1, 2, 3, 4, 5, 6]
1100033#[0, 1, 2, 3, 4, 5, 6]
2321#[0, 1, 2, 3, 4, 5, 6]
203030#[0, 1, 2, 3, 4, 5, 6]
4000040#[1, 2, 3, 4, 6]
211220#[1, 2, 3, 4, 5]
2210102#[0, 1, 2, 4, 6]
330002#[0, 1, 2, 3, 4, 5, 6]
3021110#[2, 3, 4, 5]
31001#[0, 1, 2, 3, 4, 5, 6]
1100042#[0, 1, 6]
2330#[0, 1, 2, 3, 4, 5, 6]
31004#[0, 1, 2, 3, 4, 5]
330011#[0, 1, 2, 3, 4, 5, 6]
330020#[0, 1, 2, 3, 4, 5, 6]
31010#[0, 1, 2, 3, 4, 5, 6]
4000031#[1, 2, 3, 4, 5, 6]
2001212#[0, 3, 4, 5, 6]
31013#[0, 1, 2, 3, 4, 5, 6]
121130#[1, 2, 3, 4]
4000022#[1, 2, 3, 4, 5, 6]
2001203#[0, 1, 2, 3, 4, 5, 6]
31022#[0, 1, 2, 3, 4, 5, 6]
2001200#[0, 1, 2, 3, 4, 5, 6]
4000013#[1, 2, 3, 4, 5, 6]
3103001#[0, 1, 2, 3, 4, 5, 6]
31031#[0, 1, 2, 3, 4, 5, 6]
4000010#[1, 2, 3, 4, 5, 6]
4000004#[1, 2, 3, 4, 5]
4000001#[1, 2, 3, 4, 5, 6]
31040#[0, 1, 2, 3, 4, 6]
4000121#[4, 5, 6]
1100120#[0, 1, 4, 5]
1223000#[0, 1, 2, 3, 4, 5, 6]
1100123#[0, 1, 4, 5]
4000112#[4, 5, 6]
2001230#[0, 1, 2, 3, 4, 5, 6]
3103100#[0, 1, 2, 3, 4, 5, 6]
1022300#[0, 1, 2, 3, 4, 5, 6]
1010012#[0, 2, 5, 6]
1100102#[0, 1, 4, 6]
1104200#[0, 1, 4]
4000100#[1, 2, 3, 4, 5, 6]
4000103#[1, 2, 3, 4, 5, 6]
2001221#[0, 3, 4, 5, 6]
301400#[0, 1, 2, 3, 5, 6]
1010003#[0, 1, 2, 3, 4, 5, 6]
203102#[0, 1, 2, 3, 4, 5, 6]
1010000#[0, 1, 2, 3, 4, 5, 6]
2120000#[0, 1, 2, 3, 4, 5, 6]
1010030#[0, 1, 2, 3, 4, 5, 6]
2402#[0, 1, 2, 3, 5, 6]
2120003#[0, 1, 2, 3, 4, 5, 6]
203111#[1, 4, 5, 6]
211301#[1, 2, 3, 6]
412001#[2, 3, 6]
1010024#[0, 2, 5]
113000#[0, 1, 2, 3, 4, 5, 6]
2210120#[0, 1, 2, 4, 5]
113003#[0, 1, 2, 3, 4, 5, 6]
1010021#[0, 2, 5, 6]
2411#[3, 5, 6]
2120012#[0, 1, 2, 5, 6]
412010#[2, 3, 5]
211310#[1, 2, 3, 5]
420200#[0, 2, 3, 4, 5, 6]
330101#[0, 1, 2, 3, 4, 5, 6]
121202#[1, 2, 3, 4, 6]
203120#[0, 1, 2, 3, 4, 5, 6]
1100132#[0, 1, 4, 6]
2420#[0, 1, 2, 3, 5, 6]
113012#[1, 2, 5, 6]
2120021#[0, 1, 2, 5, 6]
1010042#[0, 2, 6]
330110#[0, 1, 2, 3, 4, 5, 6]
31100#[0, 1, 2, 3, 4, 5, 6]
113021#[1, 2, 5, 6]
2120030#[0, 1, 2, 3, 4, 5, 6]
1010033#[0, 1, 2, 3, 4, 5, 6]
31103#[0, 1, 2, 3, 4, 5, 6]
240002#[0, 1, 3, 4, 5, 6]
2001311#[0, 3, 5, 6]
2210210#[0, 1, 2, 4, 5]
121220#[1, 2, 3, 4, 5]
2202020#[0, 1, 2, 3, 4, 5, 6]
2120102#[0, 1, 2, 4, 6]
113030#[0, 1, 2, 3, 4, 5, 6]
2001302#[0, 1, 2, 3, 4, 5, 6]
240011#[1, 5, 6]
31112#[3, 4, 5, 6]
3140000#[0, 1, 3, 4, 5, 6]
31121#[3, 4, 5, 6]
240020#[0, 1, 3, 4, 5, 6]
2120120#[0, 1, 2, 4, 5]
31130#[0, 1, 2, 3, 4, 5, 6]
2030012#[0, 1, 2, 3, 4, 5, 6]
1100210#[0, 1, 4, 5]
3013001#[0, 1, 2, 3, 4, 5, 6]
1100213#[0, 1, 4, 5]
2030003#[0, 1, 2, 3, 4, 5, 6]
2030000#[0, 1, 2, 3, 4, 5, 6]
1100222#[0, 1, 4, 5, 6]
2300300#[0, 1, 2, 3, 4, 5, 6]
2202002#[0, 1, 2, 3, 4, 5, 6]
2001320#[0, 1, 2, 3, 4, 5, 6]
1014200#[0, 2, 4]
2210201#[0, 1, 2, 4, 6]
1010102#[0, 2, 4, 6]
1100201#[0, 1, 4, 6]
2202011#[0, 1, 3, 5, 6]
1100204#[0, 1, 4]
3021200#[0, 1, 2, 3, 4, 5, 6]
3013010#[0, 1, 2, 3, 4, 5, 6]
4000130#[1, 2, 3, 4, 5, 6]
1100240#[0, 1, 4]
3013100#[0, 1, 2, 3, 4, 5, 6]
203201#[0, 1, 2, 3, 4, 5, 6]
412100#[2, 3, 4]
1010123#[0, 2, 4, 5]
1010120#[0, 2, 4, 5]
203210#[0, 1, 2, 3, 4, 5, 6]
211400#[1, 2, 3]
113102#[1, 2, 4, 6]
2030030#[0, 1, 2, 3, 4, 5, 6]
121301#[1, 2, 3, 6]
2202101#[0, 1, 3, 4, 6]
322001#[0, 1, 2, 3, 4, 5, 6]
1100231#[0, 1, 4, 6]
23000#[0, 1, 2, 3, 4, 5, 6]
1133000#[0, 1, 2, 3, 4, 5, 6]
2030021#[0, 1, 2, 3, 4, 5, 6]
23003#[0, 1, 2, 3, 4, 5, 6]
1010132#[0, 2, 4, 6]
2411000#[0, 2, 3]
2210300#[0, 1, 2, 3, 4, 5, 6]
330200#[0, 1, 2, 3, 4, 5, 6]
322010#[0, 1, 2, 3, 4, 5, 6]
121310#[1, 2, 3, 5]
2202110#[0, 1, 3, 4, 5]
113120#[1, 2, 4, 5]
4000220#[1, 2, 3, 4, 5, 6]
31202#[0, 1, 2, 3, 4, 5, 6]
23012#[0, 1, 2, 3, 4, 5, 6]
240101#[1, 4, 6]
2001401#[0, 3, 6]
31211#[3, 4, 5, 6]
23021#[0, 1, 2, 3, 4, 5, 6]
240110#[1, 4, 5]
4000211#[4, 5, 6]
31220#[0, 1, 2, 3, 4, 5, 6]
23030#[0, 1, 2, 3, 4, 5, 6]
4000202#[1, 2, 3, 4, 5, 6]
2030111#[0, 4, 5, 6]
1301012#[0, 3, 5, 6]
2030102#[0, 1, 2, 3, 4, 5, 6]
1100312#[0, 1, 5, 6]
4000310#[1, 2, 3, 4, 5, 6]
1301021#[0, 3, 5, 6]
4000301#[1, 2, 3, 4, 5, 6]
1002014#[0, 3, 5]
1010204#[0, 2, 4]
1002011#[0, 3, 5, 6]
1010201#[0, 2, 4, 6]
1301003#[0, 1, 2, 3, 4, 5, 6]
1301000#[0, 1, 2, 3, 4, 5, 6]
1100300#[0, 1, 2, 3, 4, 5, 6]
2001410#[0, 3, 5]
1002002#[0, 1, 2, 3, 4, 5, 6]
1100303#[0, 1, 2, 3, 4, 5, 6]
1010222#[0, 2, 4, 5, 6]
2112002#[0, 1, 2, 3, 6]
404000#[0, 2, 4, 5, 6]
203300#[0, 1, 2, 3, 4, 5, 6]
1002023#[0, 1, 2, 3, 4, 5, 6]
2120201#[0, 1, 2, 4, 6]
1010213#[0, 2, 4, 5]
1002020#[0, 1, 2, 3, 4, 5, 6]
1010210#[0, 2, 4, 5]
113201#[1, 2, 4, 6]
322100#[0, 1, 2, 3, 4, 5, 6]
1100321#[0, 1, 5, 6]
2120210#[0, 1, 2, 4, 5]
2112020#[0, 1, 2, 3, 5]
1301030#[0, 1, 2, 3, 4, 5, 6]
2030120#[0, 1, 2, 3, 4, 5, 6]
1002041#[0, 3, 6]
1043000#[0, 1, 3, 4, 5, 6]
1010231#[0, 2, 4, 6]
121400#[1, 2, 3]
1100330#[0, 1, 2, 3, 4, 5, 6]
113210#[1, 2, 4, 5]
23102#[0, 1, 2, 3, 4, 5, 6]
1002032#[0, 1, 2, 3, 4, 5, 6]
232001#[0, 1, 2, 3, 4, 5, 6]
31301#[0, 1, 2, 3, 4, 5, 6]
23111#[2, 4, 5, 6]
232010#[0, 1, 2, 3, 4, 5, 6]
2321000#[0, 1, 2, 3, 4, 5, 6]
240200#[0, 1, 3, 4, 5, 6]
2120300#[0, 1, 2, 3, 4, 5, 6]
31310#[0, 1, 2, 3, 4, 5, 6]
1010240#[0, 2, 4]
23120#[0, 1, 2, 3, 4, 5, 6]
1100402#[0, 1, 6]
2022011#[0, 2, 3, 5, 6]
2030201#[0, 1, 2, 3, 4, 5, 6]
4201001#[1, 3, 6]
1211003#[0, 1, 2, 3]
1211000#[0, 1, 2, 3]
2022002#[0, 1, 2, 3, 4, 5, 6]
1010303#[0, 1, 2, 3, 4, 5, 6]
1002110#[0, 3, 4, 5]
4201010#[1, 3, 5]
1010300#[0, 1, 2, 3, 4, 5, 6]
1002104#[0, 3, 4]
2202200#[0, 1, 2, 3, 4, 5, 6]
1002101#[0, 3, 4, 6]
1301102#[0, 3, 4, 6]
3001004#[0, 1, 2, 3, 4, 5]
400004#[0, 2, 3, 4, 5]
1211030#[0, 1, 2, 3]
3001001#[0, 1, 2, 3, 4, 5, 6]
1002122#[0, 3, 4, 5, 6]
3300020#[0, 1, 2, 3, 4, 5, 6]
400001#[0, 2, 3, 4, 5, 6]
1010312#[0, 2, 5, 6]
101000#[0, 1, 2, 3, 4, 5, 6]
101003#[0, 1, 2, 3, 4, 5, 6]
400013#[0, 2, 3, 4, 5, 6]
400010#[0, 2, 3, 4, 5, 6]
1002113#[0, 3, 4, 5]
3300002#[0, 1, 2, 3, 4, 5, 6]
400022#[0, 2, 3, 4, 5, 6]
3001022#[0, 1, 2, 3, 4, 5, 6]
1002140#[0, 3, 4]
1301120#[0, 3, 4, 5]
314000#[0, 1, 2, 4, 5, 6]
1100420#[0, 1, 5]
113300#[0, 1, 2, 3, 4, 5, 6]
1010330#[0, 1, 2, 3, 4, 5, 6]
101012#[1, 3, 5, 6]
3001013#[0, 1, 2, 3, 4, 5, 6]
3300011#[0, 1, 2, 3, 4, 5, 6]
400031#[0, 2, 3, 4, 5, 6]
2022020#[0, 1, 2, 3, 4, 5, 6]
2030210#[0, 1, 2, 3, 4, 5, 6]
1002131#[0, 3, 4, 6]
101021#[1, 3, 5, 6]
1010321#[0, 2, 5, 6]
3001010#[0, 1, 2, 3, 4, 5, 6]
23201#[0, 1, 2, 3, 4, 5, 6]
101024#[1, 3, 5]
232100#[0, 1, 2, 3, 4, 5, 6]
101030#[0, 1, 2, 3, 4, 5, 6]
31400#[0, 1, 2, 3, 5, 6]
101033#[0, 1, 2, 3, 4, 5, 6]
23210#[0, 1, 2, 3, 4, 5, 6]
4000400#[1, 2, 3, 5, 6]
400040#[0, 2, 3, 4, 6]
142001#[1, 3, 6]
101042#[1, 3, 6]
142010#[1, 3, 5]
2022110#[0, 2, 3, 4, 5]
2030300#[0, 1, 2, 3, 4, 5, 6]
1301201#[0, 3, 4, 6]
1301210#[0, 3, 4, 5]
2022101#[0, 2, 3, 4, 6]
4201100#[1, 3, 4]
1002203#[0, 1, 2, 3, 4, 5, 6]
1002200#[0, 1, 2, 3, 4, 5, 6]
2104001#[0, 1, 6]
400103#[0, 2, 3, 4, 5, 6]
400100#[0, 2, 3, 4, 5, 6]
1002221#[0, 3, 4, 5, 6]
2112200#[0, 1, 2, 3, 4]
2104010#[0, 1, 5]
3001031#[0, 1, 2, 3, 4, 5, 6]
1002212#[0, 3, 4, 5, 6]
1010402#[0, 2, 6]
101102#[1, 3, 4, 6]
310004#[0, 1, 2, 3, 4, 5]
1420001#[0, 2, 6]
310001#[0, 1, 2, 3, 4, 5, 6]
400112#[4, 5, 6]
11000#[0, 1, 2, 3, 4, 5, 6]
1121000#[0, 1, 2, 3]
310013#[0, 1, 2, 3, 4, 5, 6]
1002230#[0, 1, 2, 3, 4, 5, 6]
1121003#[0, 1, 2, 3]
2231000#[0, 1, 2, 3, 4, 5, 6]
1010420#[0, 2, 5]
11003#[0, 1, 2, 3, 4, 5, 6]
3001040#[0, 1, 2, 3, 4, 6]
310010#[0, 1, 2, 3, 4, 5, 6]
1420010#[0, 2, 5]
400121#[4, 5, 6]
101120#[1, 3, 4, 5]
310022#[0, 1, 2, 3, 4, 5, 6]
2100002#[0, 1, 2, 3, 4, 5, 6]
101123#[1, 3, 4, 5]
224000#[0, 1, 2, 4, 5, 6]
23300#[0, 1, 2, 3, 4, 5, 6]
2104100#[0, 1, 4]
400130#[0, 2, 3, 4, 5, 6]
11012#[2, 3, 5, 6]
3001130#[0, 1, 2, 3, 4, 5, 6]
310031#[0, 1, 2, 3, 4, 5, 6]
2100011#[0, 1, 5, 6]
3001121#[3, 4, 5, 6]
101132#[1, 3, 4, 6]
11021#[2, 3, 5, 6]
2100014#[0, 1, 5]
11024#[2, 3, 5]
3210020#[0, 1, 2, 3, 4, 5, 6]
2100020#[0, 1, 2, 3, 4, 5, 6]
11030#[0, 1, 2, 3, 4, 5, 6]
142100#[1, 3, 4]
1121030#[0, 1, 2, 3]
2100023#[0, 1, 2, 3, 4, 5, 6]
11033#[0, 1, 2, 3, 4, 5, 6]
310040#[0, 1, 2, 3, 4, 6]
3001100#[0, 1, 2, 3, 4, 5, 6]
3210002#[0, 1, 2, 3, 4, 5, 6]
11042#[2, 3, 6]
3001103#[0, 1, 2, 3, 4, 5, 6]
2014010#[0, 2, 5]
2022200#[0, 1, 2, 3, 4, 5, 6]
1301300#[0, 1, 2, 3, 4, 5, 6]
1203002#[0, 1, 2, 3, 4, 5, 6]
3210011#[1, 2, 5, 6]
4021010#[2, 3, 5]
2014001#[0, 2, 6]
1002302#[0, 1, 2, 3, 4, 5, 6]
4021001#[2, 3, 6]
3001112#[3, 4, 5, 6]
3300101#[0, 1, 2, 3, 4, 5, 6]
3300110#[0, 1, 2, 3, 4, 5, 6]
3210101#[1, 2, 4, 6]
1330001#[0, 1, 2, 3, 4, 5, 6]
1002311#[0, 3, 5, 6]
400202#[0, 2, 3, 4, 5, 6]
3210110#[1, 2, 4, 5]
1330010#[0, 1, 2, 3, 4, 5, 6]
310100#[0, 1, 2, 3, 4, 5, 6]
101201#[1, 3, 4, 6]
1203011#[0, 1, 5, 6]
4021100#[2, 3, 4]
1420100#[0, 2, 4]
310103#[0, 1, 2, 3, 4, 5, 6]
1031003#[0, 1, 2, 3, 4, 5, 6]
101204#[1, 3, 4]
400211#[4, 5, 6]
3001211#[3, 4, 5, 6]
1031000#[0, 1, 2, 3, 4, 5, 6]
3300200#[0, 1, 2, 3, 4, 5, 6]
400220#[0, 2, 3, 4, 5, 6]
101210#[1, 3, 4, 5]
101213#[1, 3, 4, 5]
1203020#[0, 1, 2, 3, 4, 5, 6]
11102#[2, 3, 4, 6]
3001202#[0, 1, 2, 3, 4, 5, 6]
1002320#[0, 1, 2, 3, 4, 5, 6]
2100032#[0, 1, 2, 3, 4, 5, 6]
220001#[0, 1, 2, 3, 4, 5, 6]
1031021#[0, 3, 5, 6]
310112#[2, 4, 5, 6]
4103000#[1, 2, 3, 4, 5, 6]
220004#[0, 1, 2, 3, 4, 5]
101222#[1, 3, 4, 5, 6]
2141000#[0, 1, 3]
220010#[0, 1, 2, 3, 4, 5, 6]
2100041#[0, 1, 6]
1031012#[0, 3, 5, 6]
310121#[2, 4, 5, 6]
220013#[0, 1, 2, 3, 4, 5, 6]
101231#[1, 3, 4, 6]
11120#[2, 3, 4, 5]
134000#[0, 1, 2, 4, 5, 6]
11123#[2, 3, 4, 5]
220022#[0, 1, 2, 3, 4, 5, 6]
310130#[0, 1, 2, 3, 4, 5, 6]
1031030#[0, 1, 2, 3, 4, 5, 6]
101240#[1, 3, 4]
220031#[0, 1, 2, 3, 4, 5, 6]
11132#[2, 3, 4, 6]
2010014#[0, 2, 5]
2100131#[0, 1, 4, 6]
2010011#[0, 2, 5, 6]
2014100#[0, 2, 4]
220040#[0, 1, 2, 3, 4, 6]
2010002#[0, 1, 2, 3, 4, 5, 6]
2100140#[0, 1, 4]
1203101#[0, 1, 4, 6]
1330100#[0, 1, 2, 3, 4, 5, 6]
3120011#[1, 2, 5, 6]
2100101#[0, 1, 4, 6]
1002410#[0, 3, 5]
2010041#[0, 2, 6]
2100104#[0, 1, 4]
3001220#[0, 1, 2, 3, 4, 5, 6]
400301#[0, 2, 3, 4, 5, 6]
1113020#[0, 1, 2, 5]
3120002#[0, 1, 2, 3, 4, 5, 6]
2010032#[0, 1, 2, 3, 4, 5, 6]
1002401#[0, 3, 6]
2100110#[0, 1, 4, 5]
400310#[0, 2, 3, 4, 5, 6]
2100113#[0, 1, 4, 5]
1031102#[0, 3, 4, 6]
1203110#[0, 1, 4, 5]
302000#[0, 1, 2, 3, 4, 5, 6]
101300#[0, 1, 2, 3, 4, 5, 6]
1412000#[0, 2, 3]
1211300#[0, 1, 2, 3]
101303#[0, 1, 2, 3, 4, 5, 6]
302003#[0, 1, 2, 3, 4, 5, 6]
302012#[0, 1, 2, 3, 4, 5, 6]
2010023#[0, 1, 2, 3, 4, 5, 6]
1113002#[0, 1, 2, 6]
2100122#[0, 1, 4, 5, 6]
2010020#[0, 1, 2, 3, 4, 5, 6]
3002#[0, 1, 2, 3, 4, 5, 6]
3120020#[0, 1, 2, 3, 4, 5, 6]
310202#[0, 1, 2, 3, 4, 5, 6]
302021#[0, 1, 2, 3, 4, 5, 6]
3120110#[1, 2, 4, 5]
101312#[1, 3, 5, 6]
11201#[2, 3, 4, 6]
3011#[0, 1, 2, 3, 4, 5, 6]
220103#[0, 1, 2, 3, 4, 5, 6]
11204#[2, 3, 4]
3014#[0, 1, 2, 3, 4, 5]
220100#[0, 1, 2, 3, 4, 5, 6]
310211#[2, 4, 5, 6]
310220#[0, 1, 2, 3, 4, 5, 6]
2100200#[0, 1, 2, 3, 4, 5, 6]
101321#[1, 3, 5, 6]
302030#[0, 1, 2, 3, 4, 5, 6]
3120101#[1, 2, 4, 6]
11210#[2, 3, 4, 5]
2100203#[0, 1, 2, 3, 4, 5, 6]
3020#[0, 1, 2, 3, 4, 5, 6]
11213#[2, 3, 4, 5]
3023#[0, 1, 2, 3, 4, 5, 6]
130001#[0, 1, 2, 3, 4, 5, 6]
220112#[1, 2, 4, 5, 6]
1240001#[0, 1, 6]
101330#[0, 1, 2, 3, 4, 5, 6]
2100212#[0, 1, 4, 5, 6]
130004#[0, 1, 2, 3, 4, 5]
3030011#[0, 1, 2, 3, 4, 5, 6]
11222#[2, 3, 4, 5, 6]
1240010#[0, 1, 5]
3032#[0, 1, 2, 3, 4, 5, 6]
220121#[1, 2, 4, 5, 6]
130010#[0, 1, 2, 3, 4, 5, 6]
130013#[0, 1, 2, 3, 4, 5, 6]
3030002#[0, 1, 2, 3, 4, 5, 6]
2100221#[0, 1, 4, 5, 6]
11231#[2, 3, 4, 6]
1031120#[0, 3, 4, 5]
44000#[0, 1, 4, 5, 6]
2010110#[0, 2, 4, 5]
3202001#[0, 1, 2, 3, 4, 5, 6]
220130#[0, 1, 2, 3, 4, 5, 6]
3041#[0, 1, 2, 3, 4, 6]
2010104#[0, 2, 4]
130022#[0, 1, 2, 3, 4, 5, 6]
3210200#[0, 1, 2, 3, 4, 5, 6]
11240#[2, 3, 4]
3202010#[0, 1, 2, 3, 4, 5, 6]
2010101#[0, 2, 4, 6]
130031#[0, 1, 2, 3, 4, 5, 6]
3001310#[0, 1, 2, 3, 4, 5, 6]
4013000#[1, 2, 3, 4, 5, 6]
3001301#[0, 1, 2, 3, 4, 5, 6]
130040#[0, 1, 2, 3, 4, 6]
2010140#[0, 2, 4]
3202100#[0, 1, 2, 3, 4, 5, 6]
1322000#[0, 1, 2, 3, 4, 5, 6]
1121300#[0, 1, 2, 3]
2010131#[0, 2, 4, 6]
302102#[0, 1, 2, 3, 4, 5, 6]
1203200#[0, 1, 2, 3, 4, 5, 6]
2010122#[0, 2, 4, 5, 6]
1023002#[0, 1, 2, 3, 4, 5, 6]
3001400#[0, 1, 2, 3, 5, 6]
400400#[0, 2, 3, 5, 6]
310301#[0, 1, 2, 3, 4, 5, 6]
302111#[3, 4, 5, 6]
101402#[1, 3, 6]
3101#[0, 1, 2, 3, 4, 5, 6]
2010113#[0, 2, 4, 5]
212003#[0, 1, 2, 3, 4, 5, 6]
3104#[0, 1, 2, 3, 4, 5]
310310#[0, 1, 2, 3, 4, 5, 6]
212000#[0, 1, 2, 3, 4, 5, 6]
1023020#[0, 1, 2, 3, 4, 5, 6]
11300#[0, 1, 2, 3, 4, 5, 6]
1031210#[0, 3, 4, 5]
2100230#[0, 1, 2, 3, 4, 5, 6]
3110#[0, 1, 2, 3, 4, 5, 6]
11303#[0, 1, 2, 3, 4, 5, 6]
220202#[0, 1, 2, 3, 4, 5, 6]
3113#[0, 1, 2, 3, 4, 5, 6]
3030020#[0, 1, 2, 3, 4, 5, 6]
302120#[0, 1, 2, 3, 4, 5, 6]
1023011#[0, 2, 5, 6]
101420#[1, 3, 5]
1031201#[0, 3, 4, 6]
212012#[1, 2, 3, 5, 6]
220211#[1, 2, 4, 5, 6]
11312#[2, 3, 5, 6]
3122#[0, 1, 2, 3, 4, 5, 6]
130100#[0, 1, 2, 3, 4, 5, 6]
130103#[0, 1, 2, 3, 4, 5, 6]
212021#[1, 2, 3, 5, 6]
1240100#[0, 1, 4]
11321#[2, 3, 5, 6]
3131#[0, 1, 2, 3, 4, 5, 6]
212030#[0, 1, 2, 3, 4, 5, 6]
220220#[0, 1, 2, 3, 4, 5, 6]
2100320#[0, 1, 2, 3, 4, 5, 6]
40001#[0, 1, 3, 4, 5, 6]
130112#[1, 4, 5, 6]
11330#[0, 1, 2, 3, 4, 5, 6]
2002013#[0, 1, 2, 3, 4, 5, 6]
40004#[0, 1, 3, 4, 5]
2002010#[0, 1, 2, 3, 4, 5, 6]
3140#[0, 1, 2, 3, 4, 6]
2010203#[0, 1, 2, 3, 4, 5, 6]
2010200#[0, 1, 2, 3, 4, 5, 6]
130121#[1, 4, 5, 6]
40010#[0, 1, 3, 4, 5, 6]
2002004#[0, 1, 2, 3, 4, 5]
40013#[0, 1, 3, 4, 5, 6]
2002001#[0, 1, 2, 3, 4, 5, 6]
130130#[0, 1, 2, 3, 4, 5, 6]
40022#[0, 1, 3, 4, 5, 6]
40031#[0, 1, 3, 4, 5, 6]
1113200#[0, 1, 2, 4]
3112010#[1, 2, 3, 5]
2002040#[0, 1, 2, 3, 4, 6]
3120200#[0, 1, 2, 3, 4, 5, 6]
40040#[0, 1, 3, 4, 6]
2010230#[0, 1, 2, 3, 4, 5, 6]
2301002#[0, 1, 2, 3, 4, 5, 6]
3112001#[1, 2, 3, 6]
2100302#[0, 1, 2, 3, 4, 5, 6]
2301011#[0, 3, 5, 6]
3030110#[0, 1, 2, 3, 4, 5, 6]
2002031#[0, 1, 2, 3, 4, 5, 6]
1023101#[0, 2, 4, 6]
2010221#[0, 2, 4, 5, 6]
2100311#[0, 1, 5, 6]
2002022#[0, 1, 2, 3, 4, 5, 6]
2010212#[0, 2, 4, 5, 6]
3030101#[0, 1, 2, 3, 4, 5, 6]
302201#[0, 1, 2, 3, 4, 5, 6]
2301020#[0, 1, 2, 3, 4, 5, 6]
3200#[0, 1, 2, 3, 4, 5, 6]
3203#[0, 1, 2, 3, 4, 5, 6]
310400#[0, 1, 2, 3, 5, 6]
212102#[1, 2, 3, 4, 6]
302210#[0, 1, 2, 3, 4, 5, 6]
1023110#[0, 2, 4, 5]
11402#[2, 3, 6]
1031300#[0, 1, 2, 3, 4, 5, 6]
3112100#[1, 2, 3, 4]
3212#[0, 1, 2, 3, 4, 5, 6]
220301#[0, 1, 2, 3, 4, 5, 6]
2301101#[0, 3, 4, 6]
421001#[2, 3, 6]
122000#[0, 1, 2, 3, 4, 5, 6]
2100401#[0, 1, 6]
122003#[0, 1, 2, 3, 4, 5, 6]
1232000#[0, 1, 2, 3, 4, 5, 6]
3022010#[0, 1, 2, 3, 4, 5, 6]
421010#[2, 3, 5]
220310#[0, 1, 2, 3, 4, 5, 6]
2301110#[0, 3, 4, 5]
3221#[0, 1, 2, 3, 4, 5, 6]
3030200#[0, 1, 2, 3, 4, 5, 6]
2100410#[0, 1, 5]
130202#[0, 1, 2, 3, 4, 5, 6]
2211002#[0, 1, 2, 3, 6]
212120#[1, 2, 3, 4, 5]
11420#[2, 3, 5]
122012#[1, 2, 3, 5, 6]
3230#[0, 1, 2, 3, 4, 5, 6]
3022001#[0, 1, 2, 3, 4, 5, 6]
4300001#[1, 2, 3, 4, 5, 6]
2010302#[0, 1, 2, 3, 4, 5, 6]
130211#[1, 4, 5, 6]
122021#[1, 2, 3, 5, 6]
40100#[0, 1, 3, 4, 5, 6]
40103#[0, 1, 3, 4, 5, 6]
2002103#[0, 1, 2, 3, 4, 5, 6]
2002100#[0, 1, 2, 3, 4, 5, 6]
4300010#[1, 2, 3, 4, 5, 6]
130220#[0, 1, 2, 3, 4, 5, 6]
122030#[0, 1, 2, 3, 4, 5, 6]
40112#[4, 5, 6]
40121#[4, 5, 6]
4001021#[3, 5, 6]
1400021#[0, 5, 6]
40130#[0, 1, 3, 4, 5, 6]
4001012#[3, 5, 6]
1400030#[0, 2, 3, 4, 5, 6]
2002130#[0, 1, 2, 3, 4, 5, 6]
1101020#[0, 1, 3, 5]
2010320#[0, 1, 2, 3, 4, 5, 6]
1101023#[0, 1, 3, 5]
1400000#[0, 2, 3, 4, 5, 6]
4001000#[1, 2, 3, 4, 5, 6]
1400003#[0, 2, 3, 4, 5, 6]
4001003#[1, 2, 3, 4, 5, 6]
2002121#[0, 3, 4, 5, 6]
302300#[0, 1, 2, 3, 4, 5, 6]
2010311#[0, 2, 5, 6]
1400012#[0, 5, 6]
1101002#[0, 1, 3, 6]
2002112#[0, 3, 4, 5, 6]
204002#[0, 1, 2, 4, 5, 6]
1142000#[0, 1, 3]
3302#[0, 1, 2, 3, 4, 5, 6]
204011#[1, 5, 6]
212201#[1, 2, 3, 4, 6]
421100#[2, 3, 4]
2211020#[0, 1, 2, 3, 5]
1023200#[0, 1, 2, 3, 4, 5, 6]
3311#[0, 1, 2, 3, 4, 5, 6]
212210#[1, 2, 3, 4, 5]
220400#[0, 1, 2, 3, 5, 6]
122102#[1, 2, 3, 4, 6]
204020#[0, 1, 2, 4, 5, 6]
1101032#[0, 1, 3, 6]
3320#[0, 1, 2, 3, 4, 5, 6]
130301#[0, 1, 2, 3, 4, 5, 6]
331001#[0, 1, 2, 3, 4, 5, 6]
32000#[0, 1, 2, 3, 4, 5, 6]
32003#[0, 1, 2, 3, 4, 5, 6]
2002202#[0, 1, 2, 3, 4, 5, 6]
2420000#[0, 2, 3, 4, 5, 6]
4300100#[1, 2, 3, 4, 5, 6]
130310#[0, 1, 2, 3, 4, 5, 6]
331010#[0, 1, 2, 3, 4, 5, 6]
122120#[1, 2, 3, 4, 5]
40202#[0, 1, 3, 4, 5, 6]
2121002#[0, 1, 2, 3, 6]
32012#[0, 1, 2, 3, 4, 5, 6]
4210001#[1, 2, 6]
40211#[4, 5, 6]
32021#[0, 1, 2, 3, 4, 5, 6]
4210010#[1, 2, 5]
2121020#[0, 1, 2, 3, 5]
40220#[0, 1, 3, 4, 5, 6]
32030#[0, 1, 2, 3, 4, 5, 6]
1310003#[0, 1, 2, 3, 4, 5, 6]
1310000#[0, 1, 2, 3, 4, 5, 6]
1400120#[0, 4, 5]
3104000#[0, 1, 2, 4, 5, 6]
1310012#[0, 2, 5, 6]
2002220#[0, 1, 2, 3, 4, 5, 6]
2301200#[0, 1, 2, 3, 4, 5, 6]
1400102#[0, 4, 6]
2010410#[0, 2, 5]
1011002#[0, 2, 3, 6]
3022100#[0, 1, 2, 3, 4, 5, 6]
4001030#[1, 2, 3, 4, 5, 6]
2002211#[0, 3, 4, 5, 6]
2010401#[0, 2, 6]
200003#[0, 1, 2, 3, 4, 5, 6]
1011023#[0, 2, 3, 5]
3100013#[0, 1, 2, 3, 4, 5, 6]
200000#[0, 1, 2, 3, 4, 5, 6]
1011020#[0, 2, 3, 5]
3100010#[0, 1, 2, 3, 4, 5, 6]
204101#[1, 4, 6]
3401#[0, 1, 2, 3, 5, 6]
3100004#[0, 1, 2, 3, 4, 5]
204110#[1, 4, 5]
3100001#[0, 1, 2, 3, 4, 5, 6]
413000#[0, 2, 3, 4, 5, 6]
212300#[0, 1, 2, 3, 4, 5, 6]
200012#[0, 1, 2, 3, 4, 5, 6]
3100031#[0, 1, 2, 3, 4, 5, 6]
3410#[0, 1, 2, 3, 5, 6]
114002#[1, 2, 6]
1310021#[0, 2, 5, 6]
200021#[0, 1, 2, 3, 4, 5, 6]
1011032#[0, 2, 3, 6]
2203001#[0, 1, 2, 3, 4, 5, 6]
122201#[1, 2, 3, 4, 6]
3100022#[0, 1, 2, 3, 4, 5, 6]
331100#[0, 1, 2, 3, 4, 5, 6]
200024#[0, 1, 2, 3, 4, 5]
1310030#[0, 1, 2, 3, 4, 5, 6]
3014000#[0, 1, 2, 4, 5, 6]
4001120#[3, 4, 5]
200030#[0, 1, 2, 3, 4, 5, 6]
130400#[0, 1, 2, 3, 5, 6]
200033#[0, 1, 2, 3, 4, 5, 6]
122210#[1, 2, 3, 4, 5]
2002301#[0, 1, 2, 3, 4, 5, 6]
114020#[1, 2, 5]
32102#[0, 1, 2, 3, 4, 5, 6]
200042#[0, 1, 2, 3, 4, 6]
241001#[1, 3, 6]
40301#[0, 1, 3, 4, 5, 6]
32111#[3, 4, 5, 6]
241010#[1, 3, 5]
4001102#[3, 4, 6]
40310#[0, 1, 3, 4, 5, 6]
32120#[0, 1, 2, 3, 4, 5, 6]
1101200#[0, 1, 3, 4]
1101203#[0, 1, 3, 4]
2031002#[0, 1, 2, 3, 4, 5, 6]
1310102#[0, 2, 4, 6]
4001210#[3, 4, 5]
1400210#[0, 4, 5]
4001201#[3, 4, 6]
2002310#[0, 1, 2, 3, 4, 5, 6]
1400201#[0, 4, 6]
2211200#[0, 1, 2, 3, 4]
2203010#[0, 1, 2, 3, 4, 5, 6]
200102#[0, 1, 2, 3, 4, 5, 6]
1220021#[0, 1, 2, 5, 6]
3100040#[0, 1, 2, 3, 4, 6]
204200#[0, 1, 2, 4, 5, 6]
1220030#[0, 1, 2, 3, 4, 5, 6]
200111#[1, 4, 5, 6]
1220003#[0, 1, 2, 3, 4, 5, 6]
110000#[0, 1, 2, 3, 4, 5, 6]
200114#[1, 4, 5]
2031020#[0, 1, 2, 3, 4, 5, 6]
1220000#[0, 1, 2, 3, 4, 5, 6]
110003#[0, 1, 2, 3, 4, 5, 6]
2330000#[0, 1, 2, 3, 4, 5, 6]
200123#[0, 1, 2, 3, 4, 5, 6]
1310120#[0, 2, 4, 5]
200120#[0, 1, 2, 3, 4, 5, 6]
323000#[0, 1, 2, 3, 4, 5, 6]
2031011#[0, 3, 5, 6]
122300#[0, 1, 2, 3, 4, 5, 6]
110012#[1, 2, 5, 6]
1220012#[0, 1, 2, 5, 6]
1101230#[0, 1, 3, 4]
24002#[0, 1, 2, 4, 5, 6]
3010031#[0, 1, 2, 3, 4, 5, 6]
110021#[1, 2, 5, 6]
200132#[0, 1, 2, 3, 4, 5, 6]
32201#[0, 1, 2, 3, 4, 5, 6]
2113001#[0, 1, 2, 6]
110024#[1, 2, 5]
24011#[2, 5, 6]
3010022#[0, 1, 2, 3, 4, 5, 6]
3100130#[0, 1, 2, 3, 4, 5, 6]
200141#[1, 4, 6]
110030#[0, 1, 2, 3, 4, 5, 6]
241100#[1, 3, 4]
40400#[0, 1, 3, 5, 6]
2121200#[0, 1, 2, 3, 4]
110033#[0, 1, 2, 3, 4, 5, 6]
32210#[0, 1, 2, 3, 4, 5, 6]
2113010#[0, 1, 2, 5]
24020#[0, 1, 2, 4, 5, 6]
3010040#[0, 1, 2, 3, 4, 6]
110042#[1, 2, 6]
1302002#[0, 1, 2, 3, 4, 5, 6]
2031101#[0, 3, 4, 6]
1101302#[0, 1, 3, 6]
1302011#[0, 3, 5, 6]
3100103#[0, 1, 2, 3, 4, 5, 6]
1310201#[0, 2, 4, 6]
3100100#[0, 1, 2, 3, 4, 5, 6]
3010013#[0, 1, 2, 3, 4, 5, 6]
1003004#[0, 1, 2, 3, 4, 5]
4210100#[1, 2, 4]
4120010#[1, 2, 5]
3100121#[1, 4, 5, 6]
1003001#[0, 1, 2, 3, 4, 5, 6]
3010010#[0, 1, 2, 3, 4, 5, 6]
1400300#[0, 2, 3, 4, 5, 6]
3010004#[0, 1, 2, 3, 4, 5]
3010001#[0, 1, 2, 3, 4, 5, 6]
2203100#[0, 1, 2, 3, 4, 5, 6]
2002400#[0, 1, 2, 3, 5, 6]
4120001#[1, 2, 6]
3100112#[1, 4, 5, 6]
1130000#[0, 1, 2, 3, 4, 5, 6]
1003022#[0, 1, 2, 3, 4, 5, 6]
1130003#[0, 1, 2, 3, 4, 5, 6]
3100202#[0, 1, 2, 3, 4, 5, 6]
4030010#[1, 2, 3, 4, 5, 6]
1220120#[0, 1, 2, 4, 5]
1003013#[0, 1, 2, 3, 4, 5, 6]
200201#[0, 1, 2, 3, 4, 5, 6]
4030001#[1, 2, 3, 4, 5, 6]
1011203#[0, 2, 3, 4]
1130012#[0, 1, 5, 6]
1003010#[0, 1, 2, 3, 4, 5, 6]
200204#[0, 1, 2, 3, 4, 5]
1011200#[0, 2, 3, 4]
1310210#[0, 2, 4, 5]
200210#[0, 1, 2, 3, 4, 5, 6]
1011230#[0, 2, 3, 4]
3100220#[0, 1, 2, 3, 4, 5, 6]
1220102#[0, 1, 2, 4, 6]
200213#[0, 1, 2, 3, 4, 5, 6]
1302020#[0, 1, 2, 3, 4, 5, 6]
110102#[1, 2, 4, 6]
2031110#[0, 3, 4, 5]
1101320#[0, 1, 3, 5]
1003031#[0, 1, 2, 3, 4, 5, 6]
114200#[1, 2, 4]
3010100#[0, 1, 2, 3, 4, 5, 6]
4120100#[1, 2, 4]
3010103#[0, 1, 2, 3, 4, 5, 6]
3100211#[1, 4, 5, 6]
200222#[0, 1, 2, 3, 4, 5, 6]
20000#[0, 1, 2, 3, 4, 5, 6]
2240000#[0, 1, 3, 4, 5, 6]
20003#[0, 1, 2, 3, 4, 5, 6]
200231#[0, 1, 2, 3, 4, 5, 6]
24101#[2, 4, 6]
4001300#[1, 2, 3, 4, 5, 6]
110120#[1, 2, 4, 5]
110123#[1, 2, 4, 5]
233000#[0, 1, 2, 3, 4, 5, 6]
32300#[0, 1, 2, 3, 4, 5, 6]
20012#[0, 1, 2, 3, 4, 5, 6]
24110#[2, 4, 5]
1003040#[0, 1, 2, 3, 4, 6]
200240#[0, 1, 2, 3, 4, 6]
1130021#[0, 1, 5, 6]
110132#[1, 2, 4, 6]
20021#[0, 1, 2, 3, 4, 5, 6]
20024#[0, 1, 2, 3, 4, 5]
20030#[0, 1, 2, 3, 4, 5, 6]
1130030#[0, 1, 2, 3, 4, 5, 6]
20033#[0, 1, 2, 3, 4, 5, 6]
1302101#[0, 3, 4, 6]
2023001#[0, 1, 2, 3, 4, 5, 6]
20042#[0, 1, 2, 3, 4, 6]
1302110#[0, 3, 4, 5]
1310300#[0, 1, 2, 3, 4, 5, 6]
4202000#[1, 2, 3, 4, 5, 6]
1003103#[0, 1, 2, 3, 4, 5, 6]
1003100#[0, 1, 2, 3, 4, 5, 6]
1220210#[0, 1, 2, 4, 5]
3010121#[2, 4, 5, 6]
1212020#[0, 1, 2, 3, 5]
1130102#[0, 1, 4, 6]
1003112#[0, 4, 5, 6]
1011302#[0, 2, 3, 6]
2113100#[0, 1, 2, 4]
200303#[0, 1, 2, 3, 4, 5, 6]
401003#[0, 2, 3, 4, 5, 6]
3010112#[2, 4, 5, 6]
401000#[0, 2, 3, 4, 5, 6]
200300#[0, 1, 2, 3, 4, 5, 6]
1212002#[0, 1, 2, 3, 6]
401012#[3, 5, 6]
102002#[0, 1, 2, 3, 4, 5, 6]
1003130#[0, 1, 2, 3, 4, 5, 6]
1011320#[0, 2, 3, 5]
110201#[1, 2, 4, 6]
102011#[1, 3, 5, 6]
1220201#[0, 1, 2, 4, 6]
401021#[3, 5, 6]
200312#[0, 1, 2, 3, 4, 5, 6]
2023010#[0, 1, 2, 3, 4, 5, 6]
110204#[1, 2, 4]
2031200#[0, 1, 2, 3, 4, 5, 6]
1003121#[0, 4, 5, 6]
3010130#[0, 1, 2, 3, 4, 5, 6]
102014#[1, 3, 5]
401030#[0, 2, 3, 4, 5, 6]
3010220#[0, 1, 2, 3, 4, 5, 6]
200321#[0, 1, 2, 3, 4, 5, 6]
1040012#[0, 5, 6]
3002030#[0, 1, 2, 3, 4, 5, 6]
110210#[1, 2, 4, 5]
110213#[1, 2, 4, 5]
102020#[0, 1, 2, 3, 4, 5, 6]
20102#[0, 1, 2, 3, 4, 5, 6]
102023#[0, 1, 2, 3, 4, 5, 6]
24200#[0, 1, 2, 4, 5, 6]
3002021#[0, 1, 2, 3, 4, 5, 6]
200330#[0, 1, 2, 3, 4, 5, 6]
1040003#[0, 1, 3, 4, 5, 6]
3010211#[2, 4, 5, 6]
1040000#[0, 1, 3, 4, 5, 6]
110222#[1, 2, 4, 5, 6]
20111#[2, 4, 5, 6]
1040030#[0, 1, 3, 4, 5, 6]
102032#[0, 1, 2, 3, 4, 5, 6]
20114#[2, 4, 5]
110231#[1, 2, 4, 6]
20120#[0, 1, 2, 3, 4, 5, 6]
102041#[1, 3, 6]
1130120#[0, 1, 4, 5]
1040021#[0, 5, 6]
143000#[0, 1, 3, 4, 5, 6]
20123#[0, 1, 2, 3, 4, 5, 6]
3301010#[0, 1, 2, 3, 4, 5, 6]
110240#[1, 2, 4]
2023100#[0, 1, 2, 3, 4, 5, 6]
3100301#[0, 1, 2, 3, 4, 5, 6]
20132#[0, 1, 2, 3, 4, 5, 6]
4030100#[1, 2, 3, 4, 5, 6]
1302200#[0, 1, 2, 3, 4, 5, 6]
20141#[2, 4, 6]
3002012#[0, 1, 2, 3, 4, 5, 6]
3010202#[0, 1, 2, 3, 4, 5, 6]
3100310#[0, 1, 2, 3, 4, 5, 6]
3301001#[0, 1, 2, 3, 4, 5, 6]
3002000#[0, 1, 2, 3, 4, 5, 6]
4112000#[1, 2, 3]
3002003#[0, 1, 2, 3, 4, 5, 6]
1122002#[0, 1, 2, 3, 6]
1003211#[0, 4, 5, 6]
1130201#[0, 1, 4, 6]
401102#[3, 4, 6]
3211001#[1, 2, 3, 6]
4022000#[1, 2, 3, 4, 5, 6]
1003202#[0, 1, 2, 3, 4, 5, 6]
3010301#[0, 1, 2, 3, 4, 5, 6]
200402#[0, 1, 2, 3, 5, 6]
3002111#[3, 4, 5, 6]
102101#[1, 3, 4, 6]
200411#[1, 5, 6]
102104#[1, 3, 4]
1003220#[0, 1, 2, 3, 4, 5, 6]
3002102#[0, 1, 2, 3, 4, 5, 6]
311000#[0, 1, 2, 3, 4, 5, 6]
110300#[0, 1, 2, 3, 4, 5, 6]
1421000#[0, 2, 3]
1220300#[0, 1, 2, 3, 4, 5, 6]
3301100#[0, 1, 2, 3, 4, 5, 6]
110303#[0, 1, 2, 3, 4, 5, 6]
311003#[0, 1, 2, 3, 4, 5, 6]
3100400#[0, 1, 2, 3, 5, 6]
102110#[1, 3, 4, 5]
311012#[2, 3, 5, 6]
102113#[1, 3, 4, 5]
12002#[0, 1, 2, 3, 4, 5, 6]
401120#[3, 4, 5]
200420#[0, 1, 2, 3, 5, 6]
1040102#[0, 4, 6]
311021#[2, 3, 5, 6]
110312#[1, 2, 5, 6]
20201#[0, 1, 2, 3, 4, 5, 6]
102122#[1, 3, 4, 5, 6]
12011#[2, 3, 5, 6]
20204#[0, 1, 2, 3, 4, 5]
12014#[2, 3, 5]
110321#[1, 2, 5, 6]
311030#[0, 1, 2, 3, 4, 5, 6]
20210#[0, 1, 2, 3, 4, 5, 6]
102131#[1, 3, 4, 6]
1130210#[0, 1, 4, 5]
12020#[0, 1, 2, 3, 4, 5, 6]
1122020#[0, 1, 2, 3, 5]
20213#[0, 1, 2, 3, 4, 5, 6]
1040120#[0, 4, 5]
12023#[0, 1, 2, 3, 4, 5, 6]
110330#[0, 1, 2, 3, 4, 5, 6]
102140#[1, 3, 4]
20222#[0, 1, 2, 3, 4, 5, 6]
12032#[0, 1, 2, 3, 4, 5, 6]
2101031#[0, 1, 3, 6]
20231#[0, 1, 2, 3, 4, 5, 6]
12041#[2, 3, 6]
20240#[0, 1, 2, 3, 4, 6]
2101040#[0, 1, 3]
1003310#[0, 1, 2, 3, 4, 5, 6]
3002120#[0, 1, 2, 3, 4, 5, 6]
2400002#[0, 2, 3, 4, 5, 6]
2101001#[0, 1, 3, 6]
1003301#[0, 1, 2, 3, 4, 5, 6]
3010310#[0, 1, 2, 3, 4, 5, 6]
1331000#[0, 1, 2, 3, 4, 5, 6]
2101004#[0, 1, 3]
1130300#[0, 1, 2, 3, 4, 5, 6]
2400011#[0, 5, 6]
2400020#[0, 2, 3, 4, 5, 6]
3211010#[1, 2, 3, 5]
2101010#[0, 1, 3, 5]
1204001#[0, 1, 6]
2101013#[0, 1, 3, 5]
401201#[3, 4, 6]
1204010#[0, 1, 5]
102200#[0, 1, 2, 3, 4, 5, 6]
1212200#[0, 1, 2, 3, 4]
311102#[2, 3, 4, 6]
102203#[0, 1, 2, 3, 4, 5, 6]
401210#[3, 4, 5]
2101022#[0, 1, 3, 5, 6]
2400101#[0, 4, 6]
110402#[1, 2, 6]
1032011#[0, 3, 5, 6]
102212#[1, 3, 4, 5, 6]
12101#[2, 3, 4, 6]
1040201#[0, 4, 6]
3121001#[1, 2, 3, 6]
221003#[0, 1, 2, 3, 4, 5, 6]
12104#[2, 3, 4]
2400110#[0, 4, 5]
221000#[0, 1, 2, 3, 4, 5, 6]
20300#[0, 1, 2, 3, 4, 5, 6]
102221#[1, 3, 4, 5, 6]
2101100#[0, 1, 3, 4]
1032002#[0, 1, 2, 3, 4, 5, 6]
3010400#[0, 1, 2, 3, 5, 6]
12110#[2, 3, 4, 5]
3002210#[0, 1, 2, 3, 4, 5, 6]
20303#[0, 1, 2, 3, 4, 5, 6]
2101103#[0, 1, 3, 4]
2310002#[0, 1, 2, 3, 4, 5, 6]
12113#[2, 3, 4, 5]
311120#[2, 3, 4, 5]
110420#[1, 2, 5]
221012#[1, 2, 3, 5, 6]
102230#[0, 1, 2, 3, 4, 5, 6]
2310011#[0, 2, 5, 6]
20312#[0, 1, 2, 3, 4, 5, 6]
12122#[2, 3, 4, 5, 6]
1032020#[0, 1, 2, 3, 4, 5, 6]
1040210#[0, 4, 5]
3121010#[1, 2, 3, 5]
221021#[1, 2, 3, 5, 6]
20321#[0, 1, 2, 3, 4, 5, 6]
2011004#[0, 2, 3]
12131#[2, 3, 4, 6]
221030#[0, 1, 2, 3, 4, 5, 6]
2011001#[0, 2, 3, 6]
20330#[0, 1, 2, 3, 4, 5, 6]
3211100#[1, 2, 3, 4]
12140#[2, 3, 4]
3002201#[0, 1, 2, 3, 4, 5, 6]
4100030#[1, 2, 3, 4, 5, 6]
1200023#[0, 1, 2, 3, 4, 5, 6]
1200020#[0, 1, 2, 3, 4, 5, 6]
1003400#[0, 1, 2, 3, 5, 6]
3203000#[0, 1, 2, 3, 4, 5, 6]
1122200#[0, 1, 2, 3, 4]
2011031#[0, 2, 3, 6]
4100021#[1, 5, 6]
2011022#[0, 2, 3, 5, 6]
1200002#[0, 1, 2, 3, 4, 5, 6]
3002300#[0, 1, 2, 3, 4, 5, 6]
401300#[0, 2, 3, 4, 5, 6]
4100012#[1, 5, 6]
1204100#[0, 1, 4]
1200011#[0, 1, 5, 6]
2011013#[0, 2, 3, 5]
1200014#[0, 1, 5]
2011010#[0, 2, 3, 5]
4100003#[1, 2, 3, 4, 5, 6]
303002#[0, 1, 2, 3, 4, 5, 6]
4100000#[1, 2, 3, 4, 5, 6]
102302#[0, 1, 2, 3, 4, 5, 6]
1032110#[0, 3, 4, 5]
4001#[0, 1, 2, 4, 5, 6]
1040300#[0, 1, 3, 4, 5, 6]
4004#[0, 1, 2, 4, 5]
311201#[2, 3, 4, 6]
102311#[1, 3, 5, 6]
303011#[0, 1, 2, 3, 4, 5, 6]
2310020#[0, 1, 2, 3, 4, 5, 6]
303020#[0, 1, 2, 3, 4, 5, 6]
12200#[0, 1, 2, 3, 4, 5, 6]
1032101#[0, 3, 4, 6]
4010#[0, 1, 2, 4, 5, 6]
2101130#[0, 1, 3, 4]
12203#[0, 1, 2, 3, 4, 5, 6]
221102#[1, 2, 3, 4, 6]
4013#[0, 1, 2, 4, 5, 6]
311210#[2, 3, 4, 5]
102320#[0, 1, 2, 3, 4, 5, 6]
1200032#[0, 1, 2, 3, 4, 5, 6]
20402#[0, 1, 2, 3, 5, 6]
12212#[2, 3, 4, 5, 6]
4022#[0, 1, 2, 4, 5, 6]
430001#[0, 2, 3, 4, 5, 6]
131000#[0, 1, 2, 3, 4, 5, 6]
131003#[0, 1, 2, 3, 4, 5, 6]
1241000#[0, 1, 3]
1200041#[0, 1, 6]
20411#[2, 5, 6]
430010#[0, 2, 3, 4, 5, 6]
12221#[2, 3, 4, 5, 6]
2011040#[0, 2, 3]
4031#[0, 1, 2, 4, 5, 6]
2011103#[0, 2, 3, 4]
2011100#[0, 2, 3, 4]
221120#[1, 2, 3, 4, 5]
2220002#[0, 1, 2, 3, 4, 5, 6]
20420#[0, 1, 2, 3, 5, 6]
2101220#[0, 1, 3, 4, 5]
131012#[1, 3, 5, 6]
12230#[0, 1, 2, 3, 4, 5, 6]
4040#[0, 1, 2, 4, 6]
2220011#[0, 1, 2, 5, 6]
3031010#[0, 1, 2, 3, 4, 5, 6]
131021#[1, 3, 5, 6]
2220020#[0, 1, 2, 3, 4, 5, 6]
131030#[0, 1, 2, 3, 4, 5, 6]
1110002#[0, 1, 2, 6]
3121100#[1, 2, 3, 4]
1200113#[0, 1, 4, 5]
2011130#[0, 2, 3, 4]
1200122#[0, 1, 4, 5, 6]
2400200#[0, 2, 3, 4, 5, 6]
2101202#[0, 1, 3, 4, 6]
2310101#[0, 2, 4, 6]
3031001#[0, 1, 2, 3, 4, 5, 6]
1200101#[0, 1, 4, 6]
303101#[0, 1, 2, 3, 4, 5, 6]
1200104#[0, 1, 4]
1200110#[0, 1, 4, 5]
2310110#[0, 2, 4, 5]
