1#[0, 1, 2, 3, 4, 5, 6]
311302#[2, 3, 6]
4#[0, 1, 2, 3, 4, 5]
1032202#[0, 3, 4, 6]
3113002#[1, 2, 6]
2400301#[0, 6]
213001#[1, 2, 6]
10#[0, 1, 2, 3, 4, 5, 6]
303112#[4, 5, 6]
1024003#[0, 2]
13#[0, 1, 2, 3, 4, 5, 6]
1024000#[0, 2]
213004#[1, 2]
3031102#[3, 4, 6]
2302003#[0, 1, 2, 3, 4, 5, 6]
221203#[1, 2, 3, 4]
213010#[1, 2, 5]
1024030#[0, 2]
2400310#[0, 5]
2302000#[0, 1, 2, 3, 4, 5, 6]
1032220#[0, 3, 4, 5]
3113020#[1, 2, 5]
221200#[1, 2, 3, 4]
303121#[4, 5, 6]
3211300#[1, 2, 3]
3203110#[1, 4, 5]
22#[0, 1, 2, 3, 4, 5, 6]
213013#[1, 2, 5]
2310202#[0, 2, 4, 6]
311320#[2, 3, 5]
213022#[1, 2, 5, 6]
303130#[0, 1, 2, 3, 4, 5, 6]
2302012#[0, 3, 5, 6]
31#[0, 1, 2, 3, 4, 5, 6]
34#[0, 1, 2, 3, 4, 5]
213031#[1, 2, 6]
40#[0, 1, 2, 3, 4, 6]
2220040#[0, 1, 2]
41002#[3, 6]
43#[0, 1, 2, 3, 4, 6]
3203101#[1, 4, 6]
221230#[1, 2, 3, 4]
213040#[1, 2]
41020#[3, 5]
41023#[3, 5]
2220130#[0, 1, 2, 4]
2130022#[0, 1, 5, 6]
41032#[3, 6]
2130031#[0, 1, 6]
2130040#[0, 1]
1204300#[0, 1]
1032301#[0, 3, 6]
100#[0, 1, 2, 3, 4, 5, 6]
2220100#[0, 1, 2, 4]
2302021#[0, 3, 5, 6]
303202#[0, 1, 2, 3, 4, 5, 6]
2220103#[0, 1, 2, 4]
103#[0, 1, 2, 3, 4, 5, 6]
213103#[1, 2, 4]
2302030#[0, 1, 2, 3, 4, 5, 6]
303211#[4, 5, 6]
2310220#[0, 2, 4, 5]
213100#[1, 2, 4]
303220#[0, 1, 2, 3, 4, 5, 6]
112#[4, 5, 6]
2130001#[0, 1, 6]
2130004#[0, 1]
221302#[1, 2, 3, 6]
123001#[1, 2, 6]
121#[4, 5, 6]
1032310#[0, 3, 5]
2130010#[0, 1, 5]
124#[4, 5]
2130013#[0, 1, 5]
123004#[1, 2]
3031120#[3, 4, 5]
131203#[1, 3, 4]
2212000#[0, 1, 2, 3]
3023020#[0, 1, 2, 3, 4, 5, 6]
130#[0, 1, 2, 3, 4, 5, 6]
131200#[1, 3, 4]
2212003#[0, 1, 2, 3]
123010#[1, 2, 5]
123013#[1, 2, 5]
3031210#[3, 4, 5]
133#[0, 1, 2, 3, 4, 5, 6]
2310310#[0, 2, 5]
213130#[1, 2, 4]
4301002#[3, 6]
2220202#[0, 1, 2, 4, 6]
2302120#[0, 3, 4, 5]
221320#[1, 2, 3, 5]
3023011#[2, 5, 6]
142#[4, 6]
3031201#[3, 4, 6]
123022#[1, 2, 5, 6]
2130100#[0, 1, 4]
123031#[1, 2, 6]
2130103#[0, 1, 4]
131230#[1, 3, 4]
4301020#[3, 5]
2220220#[0, 1, 2, 4, 5]
2212030#[0, 1, 2, 3]
123040#[1, 2]
3203200#[0, 1, 2, 3, 4, 5, 6]
3023002#[0, 1, 2, 3, 4, 5, 6]
2400400#[0]
2302102#[0, 3, 4, 6]
3121300#[1, 2, 3]
2310301#[0, 2, 6]
2040031#[0, 6]
303301#[0, 1, 2, 3, 4, 5, 6]
2040022#[0, 5, 6]
202#[0, 1, 2, 3, 4, 5, 6]
303310#[0, 1, 2, 3, 4, 5, 6]
213202#[1, 2, 4, 6]
2040013#[0, 5]
3023101#[2, 4, 6]
211#[4, 5, 6]
2040010#[0, 5]
214#[4, 5]
2302201#[0, 3, 4, 6]
2040004#[0]
220#[0, 1, 2, 3, 4, 5, 6]
123100#[1, 2, 4]
2040001#[0, 6]
123103#[1, 2, 4]
223#[0, 1, 2, 3, 4, 5, 6]
3113200#[1, 2, 4]
1032400#[0, 3]
131302#[1, 3, 6]
213220#[1, 2, 4, 5]
232#[0, 1, 2, 3, 4, 5, 6]
33001#[0, 1, 2, 3, 4, 5, 6]
33004#[0, 1, 2, 3, 4, 5]
41200#[3, 4]
241#[4, 6]
33010#[0, 1, 2, 3, 4, 5, 6]
2130130#[0, 1, 4]
41203#[3, 4]
244#[4]
33013#[0, 1, 2, 3, 4, 5, 6]
2040040#[0]
131320#[1, 3, 5]
123130#[1, 2, 4]
33022#[0, 1, 2, 3, 4, 5, 6]
33031#[0, 1, 2, 3, 4, 5, 6]
2130220#[0, 1, 4, 5]
41230#[3, 4]
2122030#[0, 1, 2, 3]
33040#[0, 1, 2, 3, 4, 6]
2302210#[0, 3, 4, 5]
1024300#[0, 2]
2310400#[0, 2]
3023110#[2, 4, 5]
3031300#[0, 1, 2, 3, 4, 5, 6]
303400#[0, 1, 2, 3, 5, 6]
2220301#[0, 1, 2, 6]
301#[0, 1, 2, 3, 4, 5, 6]
304#[0, 1, 2, 3, 4, 5]
2122000#[0, 1, 2, 3]
2122003#[0, 1, 2, 3]
213301#[1, 2, 6]
310#[0, 1, 2, 3, 4, 5, 6]
2220310#[0, 1, 2, 5]
2040103#[0, 4]
313#[0, 1, 2, 3, 4, 5, 6]
2130202#[0, 1, 4, 6]
2040100#[0, 4]
213310#[1, 2, 5]
322#[0, 1, 2, 3, 4, 5, 6]
2204002#[0, 1, 6]
123202#[1, 2, 4, 6]
331#[0, 1, 2, 3, 4, 5, 6]
33100#[0, 1, 2, 3, 4, 5, 6]
3023200#[0, 1, 2, 3, 4, 5, 6]
334#[0, 1, 2, 3, 4, 5]
33103#[0, 1, 2, 3, 4, 5, 6]
2220400#[0, 1, 2]
340#[0, 1, 2, 3, 4, 6]
2204020#[0, 1, 5]
123220#[1, 2, 4, 5]
41302#[3, 6]
343#[0, 1, 2, 3, 4, 6]
33112#[4, 5, 6]
2130301#[0, 1, 6]
2040130#[0, 4]
33121#[4, 5, 6]
3400021#[5, 6]
41320#[3, 5]
33130#[0, 1, 2, 3, 4, 5, 6]
3400030#[0, 2, 3, 4, 5, 6]
3400003#[0, 2, 3, 4, 5, 6]
3400000#[0, 2, 3, 4, 5, 6]
2302300#[0, 1, 2, 3, 4, 5, 6]
3400012#[5, 6]
2032030#[0, 1, 2, 3, 4, 5, 6]
3310003#[0, 1, 2, 3, 4, 5, 6]
3310000#[0, 1, 2, 3, 4, 5, 6]
2040220#[0, 4, 5]
2032021#[0, 3, 5, 6]
3400120#[4, 5]
3310012#[2, 5, 6]
400#[0, 1, 2, 3, 5, 6]
2032012#[0, 3, 5, 6]
403#[0, 1, 2, 3, 5, 6]
410002#[2, 6]
2040202#[0, 4, 6]
3400102#[4, 6]
213400#[1, 2]
2032003#[0, 1, 2, 3, 4, 5, 6]
412#[5, 6]
2032000#[0, 1, 2, 3, 4, 5, 6]
410023#[2, 5]
410020#[2, 5]
123301#[1, 2, 6]
421#[5, 6]
2130310#[0, 1, 5]
424#[5]
430#[0, 1, 2, 3, 5, 6]
123310#[1, 2, 5]
433#[0, 1, 2, 3, 5, 6]
33202#[0, 1, 2, 3, 4, 5, 6]
410032#[2, 6]
4203001#[1, 6]
442#[6]
33211#[4, 5, 6]
2130400#[0, 1]
33220#[0, 1, 2, 3, 4, 5, 6]
1303003#[0, 1, 2, 3, 4, 5, 6]
1303000#[0, 1, 2, 3, 4, 5, 6]
4301200#[3, 4]
1303030#[0, 1, 2, 3, 4, 5, 6]
2032120#[0, 3, 4, 5]
2040310#[0, 5]
2212300#[0, 1, 2, 3]
2040301#[0, 6]
3310021#[2, 5, 6]
1303012#[0, 5, 6]
2032102#[0, 3, 4, 6]
3310030#[0, 1, 2, 3, 4, 5, 6]
1303021#[0, 5, 6]
3220021#[1, 2, 5, 6]
320002#[0, 1, 2, 3, 4, 5, 6]
2204200#[0, 1, 4]
123400#[1, 2]
320014#[2, 5]
320011#[2, 5, 6]
3220030#[0, 1, 2, 3, 4, 5, 6]
320020#[0, 1, 2, 3, 4, 5, 6]
4031020#[3, 5]
3220000#[0, 1, 2, 3, 4, 5, 6]
3220003#[0, 1, 2, 3, 4, 5, 6]
320023#[0, 1, 2, 3, 4, 5, 6]
33301#[0, 1, 2, 3, 4, 5, 6]
3310120#[2, 4, 5]
4203100#[1, 4]
2122300#[0, 1, 2, 3]
3220012#[1, 2, 5, 6]
33310#[0, 1, 2, 3, 4, 5, 6]
3400210#[4, 5]
320032#[0, 1, 2, 3, 4, 5, 6]
3310102#[2, 4, 6]
4031002#[3, 6]
1303102#[0, 4, 6]
320041#[2, 6]
3400201#[4, 6]
3302002#[0, 1, 2, 3, 4, 5, 6]
4203010#[1, 5]
1000012#[0, 5, 6]
1303120#[0, 4, 5]
3302011#[3, 5, 6]
2024020#[0, 2, 5]
3310201#[2, 4, 6]
1000003#[0, 1, 2, 3, 4, 5, 6]
2032210#[0, 3, 4, 5]
1000000#[0, 1, 2, 3, 4, 5, 6]
2040400#[0]
1000030#[0, 1, 2, 3, 4, 5, 6]
402004#[3]
2032201#[0, 3, 4, 6]
402001#[3, 6]
1000024#[0, 5]
1213003#[0, 1, 2]
1000021#[0, 5, 6]
1213000#[0, 1, 2]
402013#[3, 5]
2024002#[0, 2, 6]
402010#[3, 5]
410203#[2, 4]
410200#[2, 4]
3400300#[0, 2, 3, 4, 5, 6]
402022#[3, 5, 6]
320101#[2, 4, 6]
1000042#[0, 6]
402031#[3, 6]
320110#[2, 4, 5]
320104#[2, 4]
1000033#[0, 1, 2, 3, 4, 5, 6]
410230#[2, 4]
230002#[0, 1, 2, 3, 4, 5, 6]
1213030#[0, 1, 2]
320113#[2, 4, 5]
33400#[0, 1, 2, 3, 5, 6]
230011#[1, 5, 6]
230014#[1, 5]
320122#[2, 4, 5, 6]
402040#[3]
3130030#[0, 1, 2, 3, 4, 5, 6]
230023#[0, 1, 2, 3, 4, 5, 6]
320131#[2, 4, 6]
230020#[0, 1, 2, 3, 4, 5, 6]
320140#[2, 4]
3130021#[1, 5, 6]
230032#[0, 1, 2, 3, 4, 5, 6]
230041#[1, 6]
3220120#[1, 2, 4, 5]
1000102#[0, 4, 6]
1123000#[0, 1, 2]
1123003#[0, 1, 2]
3310210#[2, 4, 5]
402103#[3, 4]
1303201#[0, 4, 6]
402100#[3, 4]
3130012#[1, 5, 6]
2032300#[0, 1, 2, 3, 4, 5, 6]
1000123#[0, 4, 5]
3302020#[0, 1, 2, 3, 4, 5, 6]
3220102#[1, 2, 4, 6]
1000120#[0, 4, 5]
410302#[2, 6]
1303210#[0, 4, 5]
3130003#[0, 1, 2, 3, 4, 5, 6]
3130000#[0, 1, 2, 3, 4, 5, 6]
312004#[2, 3]
3220210#[1, 2, 4, 5]
312001#[2, 3, 6]
3212020#[1, 2, 3, 5]
1123030#[0, 1, 2]
312013#[2, 3, 5]
1000132#[0, 4, 6]
320200#[0, 1, 2, 3, 4, 5, 6]
2401000#[0, 3]
312010#[2, 3, 5]
320203#[0, 1, 2, 3, 4, 5, 6]
2401003#[0, 3]
320212#[2, 4, 5, 6]
312022#[2, 3, 5, 6]
3212002#[1, 2, 3, 6]
402130#[3, 4]
230101#[1, 4, 6]
410320#[2, 5]
3220201#[1, 2, 4, 6]
3130102#[1, 4, 6]
320221#[2, 4, 5, 6]
312031#[2, 3, 6]
230104#[1, 4]
230110#[1, 4, 5]
4031200#[3, 4]
4023010#[2, 5]
140002#[1, 6]
320230#[0, 1, 2, 3, 4, 5, 6]
230113#[1, 4, 5]
4023001#[2, 6]
3302101#[3, 4, 6]
230122#[1, 4, 5, 6]
3302110#[3, 4, 5]
312040#[2, 3]
3310300#[0, 1, 2, 3, 4, 5, 6]
230131#[1, 4, 6]
140023#[1, 5]
140020#[1, 5]
230140#[1, 4]
4023100#[2, 4]
140032#[1, 6]
1000204#[0, 4]
1000201#[0, 4, 6]
3302200#[0, 1, 2, 3, 4, 5, 6]
1000222#[0, 4, 5, 6]
2024200#[0, 2, 4]
1303300#[0, 1, 2, 3, 4, 5, 6]
1000213#[0, 4, 5]
402202#[3, 4, 6]
1000210#[0, 4, 5]
312100#[2, 3, 4]
3040012#[5, 6]
2401030#[0, 3]
312103#[2, 3, 4]
1033003#[0, 1, 2, 3, 4, 5, 6]
1000234#[0, 4]
1033000#[0, 1, 2, 3, 4, 5, 6]
3130120#[1, 4, 5]
1000231#[0, 4, 6]
320302#[0, 1, 2, 3, 4, 5, 6]
402220#[3, 4, 5]
3040003#[0, 1, 3, 4, 5, 6]
3040000#[0, 1, 3, 4, 5, 6]
3040030#[0, 1, 3, 4, 5, 6]
1033021#[0, 5, 6]
222001#[1, 2, 3, 6]
320311#[2, 5, 6]
222004#[1, 2, 3]
230203#[0, 1, 2, 3, 4, 5, 6]
222010#[1, 2, 3, 5]
1033012#[0, 5, 6]
3040021#[5, 6]
230200#[0, 1, 2, 3, 4, 5, 6]
1000243#[0, 4]
222013#[1, 2, 3, 5]
1000240#[0, 4]
320320#[0, 1, 2, 3, 4, 5, 6]
222022#[1, 2, 3, 5, 6]
312130#[2, 3, 4]
230212#[1, 4, 5, 6]
3040102#[4, 6]
1033030#[0, 1, 2, 3, 4, 5, 6]
3122020#[1, 2, 3, 5]
222031#[1, 2, 3, 6]
3130210#[1, 4, 5]
230221#[1, 4, 5, 6]
230230#[0, 1, 2, 3, 4, 5, 6]
2311030#[0, 2, 3]
3040120#[4, 5]
222040#[1, 2, 3]
1000303#[0, 1, 2, 3, 4, 5, 6]
1000300#[0, 1, 2, 3, 4, 5, 6]
1213300#[0, 1, 2]
3130201#[1, 4, 6]
1000312#[0, 5, 6]
2311003#[0, 2, 3]
402301#[3, 6]
2311000#[0, 2, 3]
3220300#[0, 1, 2, 3, 4, 5, 6]
3122002#[1, 2, 3, 6]
402310#[3, 5]
1033102#[0, 4, 6]
1000333#[0, 1, 2, 3, 4, 5, 6]
304000#[0, 1, 2, 4, 5, 6]
1000330#[0, 1, 2, 3, 4, 5, 6]
304003#[0, 1, 2, 4, 5, 6]
304012#[5, 6]
1000324#[0, 5]
1000321#[0, 5, 6]
312202#[2, 3, 4, 6]
3204001#[1, 6]
304021#[5, 6]
3130300#[0, 1, 2, 3, 4, 5, 6]
222103#[1, 2, 3, 4]
320401#[2, 6]
222100#[1, 2, 3, 4]
312220#[2, 3, 4, 5]
1000342#[0, 6]
3212200#[1, 2, 3, 4]
3204010#[1, 5]
304030#[0, 1, 2, 4, 5, 6]
230302#[0, 1, 2, 3, 4, 5, 6]
320410#[2, 5]
132001#[1, 3, 6]
230311#[1, 5, 6]
132004#[1, 3]
132010#[1, 3, 5]
140203#[1, 4]
140200#[1, 4]
1033120#[0, 4, 5]
132013#[1, 3, 5]
222130#[1, 2, 3, 4]
4310002#[2, 6]
230320#[0, 1, 2, 3, 4, 5, 6]
132022#[1, 3, 5, 6]
132031#[1, 3, 6]
4400002#[6]
140230#[1, 4]
2221030#[0, 1, 2, 3]
132040#[1, 3]
4400020#[5]
1000402#[0, 6]
304102#[4, 6]
3032011#[3, 5, 6]
402400#[3]
3040201#[4, 6]
1000#[0, 1, 2, 3, 4, 5, 6]
1000423#[0, 5]
312301#[2, 3, 6]
2221000#[0, 1, 2, 3]
2221003#[0, 1, 2, 3]
1000420#[0, 5]
1003#[0, 1, 2, 3, 4, 5, 6]
3032002#[0, 1, 2, 3, 4, 5, 6]
214003#[1, 2]
312310#[2, 3, 5]
214000#[1, 2]
1012#[3, 5, 6]
1033210#[0, 4, 5]
1123300#[0, 1, 2]
222202#[1, 2, 3, 4, 6]
3032020#[0, 1, 2, 3, 4, 5, 6]
3040210#[4, 5]
304120#[4, 5]
1021#[3, 5, 6]
1033201#[0, 4, 6]
1000432#[0, 6]
2303011#[0, 5, 6]
1024#[3, 5]
3032110#[3, 4, 5]
230401#[1, 6]
3040300#[0, 1, 3, 4, 5, 6]
132103#[1, 3, 4]
1030#[0, 1, 2, 3, 4, 5, 6]
132100#[1, 3, 4]
1033#[0, 1, 2, 3, 4, 5, 6]
230410#[1, 5]
3032101#[3, 4, 6]
4400200#[4]
140302#[1, 6]
214030#[1, 2]
2303020#[0, 1, 2, 3, 4, 5, 6]
222220#[1, 2, 3, 4, 5]
42001#[3, 6]
1042#[3, 6]
42004#[3]
2131000#[0, 1, 3]
42010#[3, 5]
2131003#[0, 1, 3]
42013#[3, 5]
132130#[1, 3, 4]
4220002#[1, 2, 6]
140320#[1, 5]
42022#[3, 5, 6]
42031#[3, 6]
2401300#[0, 3]
4220020#[1, 2, 5]
3204100#[1, 4]
3122200#[1, 2, 3, 4]
42040#[3]
2303002#[0, 1, 2, 3, 4, 5, 6]
1320022#[0, 2, 5, 6]
4310020#[2, 5]
1320031#[0, 2, 6]
304201#[4, 6]
1102#[3, 4, 6]
1320004#[0, 2]
312400#[2, 3]
1320001#[0, 2, 6]
304210#[4, 5]
1320013#[0, 2, 5]
1033300#[0, 1, 2, 3, 4, 5, 6]
1320010#[0, 2, 5]
2303101#[0, 4, 6]
222301#[1, 2, 3, 6]
1120#[3, 4, 5]
124000#[1, 2]
124003#[1, 2]
1123#[3, 4, 5]
222310#[1, 2, 3, 5]
132202#[1, 3, 4, 6]
1132#[3, 4, 6]
42100#[3, 4]
2131030#[0, 1, 3]
42103#[3, 4]
1320040#[0, 2]
132220#[1, 3, 4, 5]
124030#[1, 2]
1402000#[0, 3]
1402003#[0, 3]
2000023#[0, 1, 2, 3, 4, 5, 6]
2000020#[0, 1, 2, 3, 4, 5, 6]
2000014#[0, 5]
42130#[3, 4]
2000011#[0, 5, 6]
2000002#[0, 1, 2, 3, 4, 5, 6]
1230001#[0, 1, 6]
3024010#[2, 5]
2303110#[0, 4, 5]
3032200#[0, 1, 2, 3, 4, 5, 6]
1230004#[0, 1]
2311300#[0, 2, 3]
304300#[0, 1, 2, 4, 5, 6]
1230010#[0, 1, 5]
2213002#[0, 1, 2, 6]
3024001#[2, 6]
1230013#[0, 1, 5]
1320100#[0, 2, 4]
1201#[3, 4, 6]
2000044#[0]
1320103#[0, 2, 4]
1204#[3, 4]
2041003#[0, 3]
2000041#[0, 6]
2041000#[0, 3]
1210#[3, 4, 5]
1402030#[0, 3]
2213020#[0, 1, 2, 5]
1213#[3, 4, 5]
2000032#[0, 1, 2, 3, 4, 5, 6]
2303200#[0, 1, 2, 3, 4, 5, 6]
222400#[1, 2, 3]
1222#[3, 4, 5, 6]
3024100#[2, 4]
1230040#[0, 1]
132301#[1, 3, 6]
1231#[3, 4, 6]
34000#[0, 1, 2, 4, 5, 6]
1234#[3, 4]
34003#[0, 1, 2, 4, 5, 6]
1230022#[0, 1, 5, 6]
132310#[1, 3, 5]
2221300#[0, 1, 2, 3]
1320130#[0, 2, 4]
1240#[3, 4]
2041030#[0, 3]
2123002#[0, 1, 2, 6]
42202#[3, 4, 6]
4130020#[1, 5]
1243#[3, 4]
34012#[5, 6]
1230031#[0, 1, 6]
2000122#[0, 4, 5, 6]
34021#[5, 6]
42220#[3, 4, 5]
4130002#[1, 6]
34030#[0, 1, 2, 4, 5, 6]
2000113#[0, 4, 5]
2000110#[0, 4, 5]
4302001#[3, 6]
2000104#[0, 4]
4310200#[2, 4]
4302010#[3, 5]
2000101#[0, 4, 6]
1230103#[0, 1, 4]
1230100#[0, 1, 4]
1320220#[0, 2, 4, 5]
1312030#[0, 2, 3]
3401020#[3, 5]
2000143#[0, 4]
2000140#[0, 4]
1300#[0, 1, 2, 3, 4, 5, 6]
1312000#[0, 2, 3]
1303#[0, 1, 2, 3, 4, 5, 6]
1312003#[0, 2, 3]
2000134#[0, 4]
3401002#[3, 6]
2000131#[0, 4, 6]
1320202#[0, 2, 4, 6]
214300#[1, 2]
1312#[3, 5, 6]
1230130#[0, 1, 4]
1321#[3, 5, 6]
2123020#[0, 1, 2, 5]
1324#[3, 5]
1330#[0, 1, 2, 3, 4, 5, 6]
132400#[1, 3]
1333#[0, 1, 2, 3, 4, 5, 6]
34102#[4, 6]
42301#[3, 6]
1342#[3, 6]
2000221#[0, 4, 5, 6]
2131300#[0, 1, 3]
42310#[3, 5]
34120#[4, 5]
2000212#[0, 4, 5, 6]
4302100#[3, 4]
2000203#[0, 1, 2, 3, 4, 5, 6]
2000200#[0, 1, 2, 3, 4, 5, 6]
1222003#[0, 1, 2, 3]
1320310#[0, 2, 5]
1222000#[0, 1, 2, 3]
2033020#[0, 1, 2, 3, 4, 5, 6]
1230202#[0, 1, 4, 6]
4220200#[1, 2, 4]
4040020#[5]
2033011#[0, 5, 6]
2000242#[0, 4, 6]
2213200#[0, 1, 2, 4]
2033002#[0, 1, 2, 3, 4, 5, 6]
2000233#[0, 1, 2, 3, 4, 5, 6]
2000230#[0, 1, 2, 3, 4, 5, 6]
1320301#[0, 2, 6]
1402#[3, 6]
2000224#[0, 4, 5]
4040002#[6]
1420#[3, 5]
124300#[1, 2]
1423#[3, 5]
1432#[3, 6]
34201#[4, 6]
1222030#[0, 1, 2, 3]
1230220#[0, 1, 4, 5]
3311020#[2, 3, 5]
42400#[3]
4204000#[1]
34210#[4, 5]
2000314#[0, 5]
4130200#[1, 4]
3311002#[2, 3, 6]
2000311#[0, 5, 6]
1402300#[0, 3]
2000302#[0, 1, 2, 3, 4, 5, 6]
3401200#[3, 4]
1320400#[0, 2]
1304020#[0, 5]
2033110#[0, 4, 5]
2000341#[0, 6]
2041300#[0, 3]
1230301#[0, 1, 6]
1304002#[0, 6]
2000332#[0, 1, 2, 3, 4, 5, 6]
2033101#[0, 4, 6]
2000323#[0, 1, 2, 3, 4, 5, 6]
2000320#[0, 1, 2, 3, 4, 5, 6]
2123200#[0, 1, 2, 4]
321004#[2, 3]
321001#[2, 3, 6]
1132030#[0, 1, 3]
321013#[2, 3, 5]
1132000#[0, 1, 3]
1132003#[0, 1, 3]
1230310#[0, 1, 5]
321010#[2, 3, 5]
321022#[2, 3, 5, 6]
34300#[0, 1, 2, 4, 5, 6]
321031#[2, 3, 6]
2000413#[0, 5]
2000410#[0, 5]
2410030#[0, 2]
2000404#[0]
2000401#[0, 6]
321040#[2, 3]
1001002#[0, 3, 6]
2000440#[0]
3221020#[1, 2, 3, 5]
2033200#[0, 1, 2, 3, 4, 5, 6]
1001023#[0, 3, 5]
2000431#[0, 6]
1001020#[0, 3, 5]
2410000#[0, 2]
4040200#[4]
4032010#[3, 5]
2410003#[0, 2]
2000422#[0, 5, 6]
1312300#[0, 2, 3]
3221002#[1, 2, 3, 6]
4032001#[3, 6]
403003#[0, 2, 3, 4, 5, 6]
403000#[0, 2, 3, 4, 5, 6]
403012#[5, 6]
1001032#[0, 3, 6]
321100#[2, 3, 4]
403021#[5, 6]
321103#[2, 3, 4]
403030#[0, 2, 3, 4, 5, 6]
3303010#[0, 1, 2, 3, 4, 5, 6]
3311200#[2, 3, 4]
1230400#[0, 1]
3131002#[1, 3, 6]
4032100#[3, 4]
231001#[1, 3, 6]
1042003#[0, 3]
1042000#[0, 3]
231004#[1, 3]
231010#[1, 3, 5]
1042030#[0, 3]
231013#[1, 3, 5]
3303001#[0, 1, 2, 3, 4, 5, 6]
231022#[1, 3, 5, 6]
321130#[2, 3, 4]
231031#[1, 3, 6]
231040#[1, 3]
3303100#[0, 1, 2, 3, 4, 5, 6]
1222300#[0, 1, 2, 3]
403102#[4, 6]
1304200#[0, 4]
2320003#[0, 1, 2, 3, 4, 5, 6]
100000#[0, 1, 2, 3, 4, 5, 6]
100003#[0, 1, 2, 3, 4, 5, 6]
2320000#[0, 1, 2, 3, 4, 5, 6]
3131020#[1, 3, 5]
313000#[0, 1, 2, 3, 4, 5, 6]
100012#[1, 5, 6]
313003#[0, 1, 2, 3, 4, 5, 6]
2320012#[0, 2, 5, 6]
313012#[2, 5, 6]
100021#[1, 5, 6]
2320021#[0, 2, 5, 6]
321202#[2, 3, 4, 6]
403120#[4, 5]
313021#[2, 5, 6]
100024#[1, 5]
231103#[1, 3, 4]
2320030#[0, 1, 2, 3, 4, 5, 6]
100030#[0, 1, 2, 3, 4, 5, 6]
231100#[1, 3, 4]
100033#[0, 1, 2, 3, 4, 5, 6]
2402020#[0, 3, 5]
321220#[2, 3, 4, 5]
313030#[0, 1, 2, 3, 4, 5, 6]
3041002#[3, 6]
2320102#[0, 2, 4, 6]
3000040#[0, 1, 2, 3, 4, 6]
3000043#[0, 1, 2, 3, 4, 6]
100042#[1, 6]
3000034#[0, 1, 2, 3, 4, 5]
2230003#[0, 1, 2, 3, 4, 5, 6]
2230000#[0, 1, 2, 3, 4, 5, 6]
3041020#[3, 5]
231130#[1, 3, 4]
2320120#[0, 2, 4, 5]
2230012#[0, 1, 5, 6]
3000013#[0, 1, 2, 3, 4, 5, 6]
3221200#[1, 2, 3, 4]
3213010#[1, 2, 5]
3000010#[0, 1, 2, 3, 4, 5, 6]
3000004#[0, 1, 2, 3, 4, 5]
3000001#[0, 1, 2, 3, 4, 5, 6]
3000031#[0, 1, 2, 3, 4, 5, 6]
2402002#[0, 3, 6]
3213001#[1, 2, 6]
3000022#[0, 1, 2, 3, 4, 5, 6]
1001203#[0, 3, 4]
4024000#[2]
1001200#[0, 3, 4]
1001230#[0, 3, 4]
403201#[4, 6]
100102#[1, 4, 6]
3000100#[0, 1, 2, 3, 4, 5, 6]
3000103#[0, 1, 2, 3, 4, 5, 6]
313102#[2, 4, 6]
403210#[4, 5]
10000#[0, 1, 2, 3, 4, 5, 6]
321301#[2, 3, 6]
3000124#[4, 5]
10003#[0, 1, 2, 3, 4, 5, 6]
3000121#[4, 5, 6]
3123001#[1, 2, 6]
223003#[0, 1, 2, 3, 4, 5, 6]
2410300#[0, 2]
100120#[1, 4, 5]
100123#[1, 4, 5]
321310#[2, 3, 5]
223000#[0, 1, 2, 3, 4, 5, 6]
10012#[2, 5, 6]
3000112#[4, 5, 6]
1034002#[0, 6]
3213100#[1, 2, 4]
1132300#[0, 1, 3]
1001233#[0, 3, 4]
231202#[1, 3, 4, 6]
313120#[2, 4, 5]
100132#[1, 4, 6]
10021#[2, 5, 6]
2230021#[0, 1, 5, 6]
223012#[1, 2, 5, 6]
10024#[2, 5]
1034020#[0, 5]
2230030#[0, 1, 2, 3, 4, 5, 6]
223021#[1, 2, 5, 6]
10030#[0, 1, 2, 3, 4, 5, 6]
10033#[0, 1, 2, 3, 4, 5, 6]
223030#[0, 1, 2, 3, 4, 5, 6]
231220#[1, 3, 4, 5]
10042#[2, 6]
2140000#[0, 1]
2140003#[0, 1]
2230120#[0, 1, 4, 5]
1001302#[0, 3, 6]
2140030#[0, 1]
2312002#[0, 2, 3, 6]
403300#[0, 2, 3, 4, 5, 6]
3000142#[4, 6]
1001323#[0, 3, 5]
1001320#[0, 3, 5]
3000133#[0, 1, 2, 3, 4, 5, 6]
100201#[1, 4, 6]
2320201#[0, 2, 4, 6]
3123010#[1, 2, 5]
100204#[1, 4]
3000130#[0, 1, 2, 3, 4, 5, 6]
3131200#[1, 3, 4]
2320210#[0, 2, 4, 5]
100210#[1, 4, 5]
1042300#[0, 3]
2230102#[0, 1, 4, 6]
100213#[1, 4, 5]
313201#[2, 4, 6]
10102#[2, 4, 6]
2312020#[0, 2, 3, 5]
1001332#[0, 3, 6]
321400#[2, 3]
223102#[1, 2, 4, 6]
313210#[2, 4, 5]
100222#[1, 4, 5, 6]
3000232#[0, 1, 2, 3, 4, 5, 6]
231301#[1, 3, 6]
100231#[1, 4, 6]
3033001#[0, 1, 2, 3, 4, 5, 6]
10120#[2, 4, 5]
133003#[0, 1, 2, 3, 4, 5, 6]
133000#[0, 1, 2, 3, 4, 5, 6]
10123#[2, 4, 5]
100234#[1, 4]
231310#[1, 3, 5]
2320300#[0, 1, 2, 3, 4, 5, 6]
100240#[1, 4]
100243#[1, 4]
2222002#[0, 1, 2, 3, 6]
223120#[1, 2, 4, 5]
10132#[2, 4, 6]
133012#[1, 5, 6]
2230201#[0, 1, 4, 6]
3033010#[0, 1, 2, 3, 4, 5, 6]
3000241#[4, 6]
3041200#[3, 4]
133021#[1, 5, 6]
133030#[0, 1, 2, 3, 4, 5, 6]
3000202#[0, 1, 2, 3, 4, 5, 6]
3000220#[0, 1, 2, 3, 4, 5, 6]
3000223#[0, 1, 2, 3, 4, 5, 6]
3123100#[1, 2, 4]
3000214#[4, 5]
2402200#[0, 3, 4]
3000211#[4, 5, 6]
3000301#[0, 1, 2, 3, 4, 5, 6]
100300#[0, 1, 2, 3, 4, 5, 6]
100303#[0, 1, 2, 3, 4, 5, 6]
313300#[0, 1, 2, 3, 4, 5, 6]
2002#[0, 1, 2, 3, 4, 5, 6]
3000313#[0, 1, 2, 3, 4, 5, 6]
1034200#[0, 4]
100312#[1, 5, 6]
10201#[2, 4, 6]
3000310#[0, 1, 2, 3, 4, 5, 6]
2011#[3, 5, 6]
10204#[2, 4]
3000304#[0, 1, 2, 3, 4, 5]
2014#[3, 5]
100321#[1, 5, 6]
2230210#[0, 1, 4, 5]
223201#[1, 2, 4, 6]
10210#[2, 4, 5]
2020#[0, 1, 2, 3, 4, 5, 6]
2222020#[0, 1, 2, 3, 5]
100324#[1, 5]
10213#[2, 4, 5]
2023#[0, 1, 2, 3, 4, 5, 6]
223210#[1, 2, 4, 5]
100330#[0, 1, 2, 3, 4, 5, 6]
231400#[1, 3]
133102#[1, 4, 6]
100333#[0, 1, 2, 3, 4, 5, 6]
10222#[2, 4, 5, 6]
2032#[0, 1, 2, 3, 4, 5, 6]
100342#[1, 6]
10231#[2, 4, 6]
43000#[0, 1, 3, 4, 5, 6]
2041#[3, 6]
10234#[2, 4]
43003#[0, 1, 3, 4, 5, 6]
2044#[3]
10240#[2, 4]
2132002#[0, 1, 3, 6]
133120#[1, 4, 5]
10243#[2, 4]
43012#[5, 6]
43021#[5, 6]
2132020#[0, 1, 3, 5]
43030#[0, 1, 3, 4, 5, 6]
2304001#[0, 6]
3033100#[0, 1, 2, 3, 4, 5, 6]
3000331#[0, 1, 2, 3, 4, 5, 6]
2304010#[0, 5]
2312200#[0, 2, 3, 4]
3000322#[0, 1, 2, 3, 4, 5, 6]
100402#[1, 6]
2101#[3, 4, 6]
2104#[3, 4]
3000340#[0, 1, 2, 3, 4, 6]
10300#[0, 1, 2, 3, 4, 5, 6]
1321000#[0, 2, 3]
2230300#[0, 1, 2, 3, 4, 5, 6]
2110#[3, 4, 5]
10303#[0, 1, 2, 3, 4, 5, 6]
1321003#[0, 2, 3]
2113#[3, 4, 5]
3000430#[0, 1, 2, 3, 5, 6]
100420#[1, 5]
100423#[1, 5]
223300#[0, 1, 2, 3, 4, 5, 6]
2304100#[0, 4]
3000421#[5, 6]
10312#[2, 5, 6]
2122#[3, 4, 5, 6]
3410020#[2, 5]
100432#[1, 6]
10321#[2, 5, 6]
1321030#[0, 2, 3]
133201#[1, 4, 6]
2131#[3, 4, 6]
10324#[2, 5]
2134#[3, 4]
133210#[1, 4, 5]
2222200#[0, 1, 2, 3, 4]
10330#[0, 1, 2, 3, 4, 5, 6]
2140#[3, 4]
10333#[0, 1, 2, 3, 4, 5, 6]
43102#[4, 6]
2143#[3, 4]
2001022#[0, 3, 5, 6]
3410002#[2, 6]
10342#[2, 6]
2001013#[0, 3, 5]
2001010#[0, 3, 5]
1403002#[0, 6]
43120#[4, 5]
3000412#[5, 6]
2001004#[0, 3]
2001001#[0, 3, 6]
3000400#[0, 1, 2, 3, 5, 6]
3000403#[0, 1, 2, 3, 5, 6]
1231003#[0, 1, 3]
1231000#[0, 1, 3]
2042002#[0, 3, 6]
2001043#[0, 3]
2001040#[0, 3]
2001034#[0, 3]
2200#[0, 1, 2, 3, 4, 5, 6]
1403020#[0, 5]
2001031#[0, 3, 6]
2203#[0, 1, 2, 3, 4, 5, 6]
10402#[2, 6]
420004#[2]
2212#[3, 4, 5, 6]
1231030#[0, 1, 3]
420001#[2, 6]
420013#[2, 5]
420010#[2, 5]
2140300#[0, 1]
2221#[3, 4, 5, 6]
420022#[2, 5, 6]
2224#[3, 4, 5]
10420#[2, 5]
133300#[0, 1, 2, 3, 4, 5, 6]
2230#[0, 1, 2, 3, 4, 5, 6]
10423#[2, 5]
2233#[0, 1, 2, 3, 4, 5, 6]
420031#[2, 6]
2042020#[0, 3, 5]
10432#[2, 6]
43201#[4, 6]
2242#[3, 4, 6]
2132200#[0, 1, 3, 4]
43210#[4, 5]
420040#[2]
2001103#[0, 3, 4]
2001100#[0, 3, 4]
4303000#[1, 2, 3, 4, 5, 6]
1100020#[0, 1, 5]
3320020#[0, 1, 2, 3, 4, 5, 6]
1100023#[0, 1, 5]
1313020#[0, 2, 5]
3320002#[0, 1, 2, 3, 4, 5, 6]
1100002#[0, 1, 6]
2001133#[0, 3, 4]
2001130#[0, 3, 4]
3320011#[2, 5, 6]
1313002#[0, 2, 6]
2302#[0, 1, 2, 3, 4, 5, 6]
420103#[2, 4]
420100#[2, 4]
3230002#[0, 1, 2, 3, 4, 5, 6]
2311#[3, 5, 6]
3230011#[1, 5, 6]
2314#[3, 5]
1100032#[0, 1, 6]
2320#[0, 1, 2, 3, 4, 5, 6]
330004#[0, 1, 2, 3, 4, 5]
2323#[0, 1, 2, 3, 4, 5, 6]
330001#[0, 1, 2, 3, 4, 5, 6]
3320101#[2, 4, 6]
4000042#[6]
330013#[0, 1, 2, 3, 4, 5, 6]
3320110#[2, 4, 5]
4000033#[1, 2, 3, 4, 5, 6]
2332#[0, 1, 2, 3, 4, 5, 6]
330010#[0, 1, 2, 3, 4, 5, 6]
3402001#[3, 6]
4000030#[1, 2, 3, 4, 5, 6]
330022#[0, 1, 2, 3, 4, 5, 6]
43300#[0, 1, 3, 4, 5, 6]
420130#[2, 4]
4000024#[5]
2341#[3, 6]
4000021#[5, 6]
3402010#[3, 5]
330031#[0, 1, 2, 3, 4, 5, 6]
2001202#[0, 3, 4, 6]
3410200#[2, 4]
4000012#[5, 6]
4000000#[1, 2, 3, 4, 5, 6]
330040#[0, 1, 2, 3, 4, 6]
4000003#[1, 2, 3, 4, 5, 6]
1321300#[0, 2, 3]
2034010#[0, 5]
4000120#[4, 5]
4000123#[4, 5]
4123000#[1, 2]
2042200#[0, 3, 4]
3402100#[3, 4]
1223002#[0, 1, 2, 6]
4213000#[1, 2]
2034001#[0, 6]
2001232#[0, 3, 4, 6]
1403200#[0, 4]
2001223#[0, 3, 4, 5]
2001220#[0, 3, 4, 5]
4000102#[4, 6]
1010002#[0, 2, 6]
2401#[3, 6]
2404#[3]
412003#[2, 3]
412000#[2, 3]
1010023#[0, 2, 5]
2410#[3, 5]
1010020#[0, 2, 5]
420202#[2, 4, 6]
2413#[3, 5]
330100#[0, 1, 2, 3, 4, 5, 6]
330103#[0, 1, 2, 3, 4, 5, 6]
3230020#[0, 1, 2, 3, 4, 5, 6]
2422#[3, 5, 6]
412030#[2, 3]
420220#[2, 4, 5]
1223020#[0, 1, 2, 5]
1010032#[0, 2, 6]
2431#[3, 6]
2001310#[0, 3, 5]
240001#[1, 6]
330112#[4, 5, 6]
2001304#[0, 3]
240004#[1]
2440#[3]
240010#[1, 5]
2001301#[0, 3, 6]
330121#[4, 5, 6]
3140002#[1, 6]
240013#[1, 5]
240022#[1, 5, 6]
330130#[0, 1, 2, 3, 4, 5, 6]
3140020#[1, 5]
240031#[1, 6]
2001340#[0, 3]
3230101#[1, 4, 6]
1313200#[0, 2, 4]
2034100#[0, 4]
240040#[1]
2001331#[0, 3, 6]
3230110#[1, 4, 5]
3312001#[2, 3, 6]
2001322#[0, 3, 5, 6]
3312010#[2, 3, 5]
1100200#[0, 1, 4]
4000132#[4, 6]
3320200#[0, 1, 2, 3, 4, 5, 6]
1100203#[0, 1, 4]
2001313#[0, 3, 5]
3222001#[1, 2, 3, 6]
3230200#[0, 1, 2, 3, 4, 5, 6]
420301#[2, 6]
3222010#[1, 2, 3, 5]
1133020#[0, 1, 5]
4000240#[4]
420310#[2, 5]
322000#[0, 1, 2, 3, 4, 5, 6]
4033000#[1, 2, 3, 4, 5, 6]
1100230#[0, 1, 4]
3312100#[2, 3, 4]
1231300#[0, 1, 3]
322003#[0, 1, 2, 3, 4, 5, 6]
322012#[2, 3, 5, 6]
1100233#[0, 1, 4]
4000231#[4, 6]
1133002#[0, 1, 6]
330202#[0, 1, 2, 3, 4, 5, 6]
322021#[2, 3, 5, 6]
4000222#[4, 5, 6]
240103#[1, 4]
2001403#[0, 3]
330211#[4, 5, 6]
2001400#[0, 3]
240100#[1, 4]
4000213#[4, 5]
330220#[0, 1, 2, 3, 4, 5, 6]
322030#[0, 1, 2, 3, 4, 5, 6]
4000210#[4, 5]
4000204#[4]
4000201#[4, 6]
240130#[1, 4]
4000312#[5, 6]
2001430#[0, 3]
4000300#[1, 2, 3, 4, 5, 6]
4000303#[1, 2, 3, 4, 5, 6]
1002013#[0, 3, 5]
1010203#[0, 2, 4]
1002010#[0, 3, 5]
1010200#[0, 2, 4]
1002004#[0, 3]
1002001#[0, 3, 6]
1100302#[0, 1, 6]
1002031#[0, 3, 6]
404002#[6]
1002022#[0, 3, 5, 6]
1100320#[0, 1, 5]
322102#[2, 3, 4, 6]
404020#[5]
1223200#[0, 1, 2, 4]
1100323#[0, 1, 5]
1002043#[0, 3]
1043002#[0, 6]
1010233#[0, 2, 4]
420400#[2]
1002040#[0, 3]
330301#[0, 1, 2, 3, 4, 5, 6]
1010230#[0, 2, 4]
1100332#[0, 1, 6]
1002034#[0, 3]
232003#[0, 1, 2, 3, 4, 5, 6]
232000#[0, 1, 2, 3, 4, 5, 6]
330310#[0, 1, 2, 3, 4, 5, 6]
1043020#[0, 5]
3132010#[1, 3, 5]
3140200#[1, 4]
2321002#[0, 2, 3, 6]
240202#[1, 4, 6]
322120#[2, 3, 4, 5]
3132001#[1, 3, 6]
232012#[1, 3, 5, 6]
232021#[1, 3, 5, 6]
232030#[0, 1, 2, 3, 4, 5, 6]
240220#[1, 4, 5]
2321020#[0, 2, 3, 5]
3222100#[1, 2, 3, 4]
1010302#[0, 2, 6]
3304000#[0, 1, 2, 4, 5, 6]
4000330#[1, 2, 3, 4, 5, 6]
1002103#[0, 3, 4]
1002100#[0, 3, 4]
4000321#[5, 6]
1133200#[0, 1, 4]
3214000#[1, 2]
3001000#[0, 1, 2, 3, 4, 5, 6]
3001003#[0, 1, 2, 3, 4, 5, 6]
412300#[2, 3]
101002#[1, 3, 6]
3001021#[3, 5, 6]
1010332#[0, 2, 6]
314002#[2, 6]
4000420#[5]
3001012#[3, 5, 6]
1002133#[0, 3, 4]
1010323#[0, 2, 5]
2403001#[0, 6]
322201#[2, 3, 4, 6]
101020#[1, 3, 5]
1002130#[0, 3, 4]
101023#[1, 3, 5]
1010320#[0, 2, 5]
314020#[2, 5]
232102#[1, 3, 4, 6]
330400#[0, 1, 2, 3, 5, 6]
322210#[2, 3, 4, 5]
101032#[1, 3, 6]
240301#[1, 6]
4000402#[6]
142003#[1, 3]
142000#[1, 3]
240310#[1, 5]
232120#[1, 3, 4, 5]
142030#[1, 3]
2231020#[0, 1, 3, 5]
1002202#[0, 3, 4, 6]
1002223#[0, 3, 4, 5]
1002220#[0, 3, 4, 5]
3001033#[0, 1, 2, 3, 4, 5, 6]
2403010#[0, 5]
3001030#[0, 1, 2, 3, 4, 5, 6]
3132100#[1, 3, 4]
1420030#[0, 2]
3001024#[3, 5]
404200#[4]
3042010#[3, 5]
1420000#[0, 2]
1420003#[0, 2]
1002232#[0, 3, 4, 6]
2231002#[0, 1, 3, 6]
322300#[0, 1, 2, 3, 4, 5, 6]
11002#[2, 3, 6]
3042001#[3, 6]
3001042#[3, 6]
224002#[1, 2, 6]
3001132#[3, 4, 6]
2100001#[0, 1, 6]
2100004#[0, 1]
2313001#[0, 2, 6]
232201#[1, 3, 4, 6]
2100010#[0, 1, 5]
11020#[2, 3, 5]
3001120#[3, 4, 5]
2100013#[0, 1, 5]
3001123#[3, 4, 5]
11023#[2, 3, 5]
1043200#[0, 4]
3124000#[1, 2]
2313010#[0, 2, 5]
232210#[1, 3, 4, 5]
2321200#[0, 2, 3, 4]
4402000#[3]
240400#[1]
2100022#[0, 1, 5, 6]
224020#[1, 2, 5]
11032#[2, 3, 6]
3042100#[3, 4]
2100031#[0, 1, 6]
3001102#[3, 4, 6]
4320100#[2, 4]
4230001#[1, 6]
1002301#[0, 3, 6]
2403100#[0, 4]
4230010#[1, 5]
4320001#[2, 6]
1330000#[0, 1, 2, 3, 4, 5, 6]
1002313#[0, 3, 5]
1330003#[0, 1, 2, 3, 4, 5, 6]
1330012#[0, 5, 6]
1002310#[0, 3, 5]
4320010#[2, 5]
1002304#[0, 3]
3001213#[3, 4, 5]
101200#[1, 3, 4]
101203#[1, 3, 4]
1002331#[0, 3, 6]
3001210#[3, 4, 5]
3001204#[3, 4]
3001201#[3, 4, 6]
314200#[2, 4]
1002322#[0, 3, 5, 6]
2100034#[0, 1]
2100040#[0, 1]
2100043#[0, 1]
1002340#[0, 3]
232300#[0, 1, 2, 3, 4, 5, 6]
101230#[1, 3, 4]
134002#[1, 6]
101233#[1, 3, 4]
1330021#[0, 5, 6]
1330030#[0, 1, 2, 3, 4, 5, 6]
4312000#[2, 3]
2231200#[0, 1, 3, 4]
2100130#[0, 1, 4]
2223010#[0, 1, 2, 5]
2010013#[0, 2, 5]
2010010#[0, 2, 5]
2100133#[0, 1, 4]
134020#[1, 5]
2010004#[0, 2]
2010001#[0, 2, 6]
4230100#[1, 4]
1330102#[0, 4, 6]
3001231#[3, 4, 6]
2100100#[0, 1, 4]
2010043#[0, 2]
2010040#[0, 2]
2100103#[0, 1, 4]
3001222#[3, 4, 5, 6]
2010034#[0, 2]
1002403#[0, 3]
2313100#[0, 2, 4]
1002400#[0, 3]
2010031#[0, 2, 6]
1002430#[0, 3]
3001240#[3, 4]
101302#[1, 3, 6]
2010022#[0, 2, 5, 6]
2223001#[0, 1, 2, 6]
3001#[0, 1, 2, 3, 4, 5, 6]
3004#[0, 1, 2, 3, 4, 5]
3034000#[0, 1, 2, 4, 5, 6]
11200#[2, 3, 4]
3010#[0, 1, 2, 3, 4, 5, 6]
11203#[2, 3, 4]
3001321#[3, 5, 6]
3013#[0, 1, 2, 3, 4, 5, 6]
101320#[1, 3, 5]
2100202#[0, 1, 4, 6]
101323#[1, 3, 5]
224200#[1, 2, 4]
1240030#[0, 1]
3001312#[3, 5, 6]
3022#[0, 1, 2, 3, 4, 5, 6]
1240003#[0, 1]
1240000#[0, 1]
101332#[1, 3, 6]
3031#[0, 1, 2, 3, 4, 5, 6]
3034#[0, 1, 2, 3, 4, 5]
1330120#[0, 4, 5]
2100220#[0, 1, 4, 5]
2223100#[0, 1, 2, 4]
11230#[2, 3, 4]
142300#[1, 3]
3001330#[0, 1, 2, 3, 4, 5, 6]
2100223#[0, 1, 4, 5]
3040#[0, 1, 2, 3, 4, 6]
11233#[2, 3, 4]
44002#[6]
3043#[0, 1, 2, 3, 4, 6]
2010103#[0, 2, 4]
2010100#[0, 2, 4]
44020#[5]
3001300#[0, 1, 2, 3, 4, 5, 6]
3001303#[0, 1, 2, 3, 4, 5, 6]
1322002#[0, 2, 3, 6]
2010133#[0, 2, 4]
2010130#[0, 2, 4]
1330201#[0, 4, 6]
3001402#[3, 6]
1420300#[0, 2]
3100#[0, 1, 2, 3, 4, 5, 6]
3103#[0, 1, 2, 3, 4, 5, 6]
11302#[2, 3, 6]
2100232#[0, 1, 4, 6]
3112#[4, 5, 6]
2133001#[0, 1, 6]
1322020#[0, 2, 3, 5]
3121#[4, 5, 6]
2133010#[0, 1, 5]
3124#[4, 5]
1330210#[0, 4, 5]
11320#[2, 3, 5]
3130#[0, 1, 2, 3, 4, 5, 6]
134200#[1, 4]
11323#[2, 3, 5]
3133#[0, 1, 2, 3, 4, 5, 6]
2100322#[0, 1, 5, 6]
2002012#[0, 3, 5, 6]
2010202#[0, 2, 4, 6]
11332#[2, 3, 6]
3142#[4, 6]
2100331#[0, 1, 6]
2133100#[0, 1, 4]
2002003#[0, 1, 2, 3, 4, 5, 6]
2002000#[0, 1, 2, 3, 4, 5, 6]
2100340#[0, 1]
3001420#[3, 5]
2002042#[0, 3, 6]
2043001#[0, 6]
2010232#[0, 2, 4, 6]
1330300#[0, 1, 2, 3, 4, 5, 6]
2100301#[0, 1, 6]
2002033#[0, 1, 2, 3, 4, 5, 6]
2002030#[0, 1, 2, 3, 4, 5, 6]
2100304#[0, 1]
4222000#[1, 2, 3]
2010223#[0, 2, 4, 5]
2010220#[0, 2, 4, 5]
2100310#[0, 1, 5]
2002024#[0, 3, 5]
2100313#[0, 1, 5]
2002021#[0, 3, 5, 6]
3321010#[2, 3, 5]
3202#[0, 1, 2, 3, 4, 5, 6]
1232020#[0, 1, 3, 5]
3211#[4, 5, 6]
421003#[2, 3]
3214#[4, 5]
421000#[2, 3]
1232002#[0, 1, 3, 6]
2100400#[0, 1]
2100403#[0, 1]
3220#[0, 1, 2, 3, 4, 5, 6]
3223#[0, 1, 2, 3, 4, 5, 6]
3321001#[2, 3, 6]
2043010#[0, 5]
4132000#[1, 3]
3232#[0, 1, 2, 3, 4, 5, 6]
421030#[2, 3]
2010301#[0, 2, 6]
2002102#[0, 3, 4, 6]
44200#[4]
3241#[4, 6]
4001020#[3, 5]
4001023#[3, 5]
2043100#[0, 4]
2010331#[0, 2, 6]
2002132#[0, 3, 4, 6]
3403000#[0, 2, 3, 4, 5, 6]
2010322#[0, 2, 5, 6]
1322200#[0, 2, 3, 4]
2002123#[0, 3, 4, 5]
2002120#[0, 3, 4, 5]
2010313#[0, 2, 5]
4001002#[3, 6]
2010310#[0, 2, 5]
2010304#[0, 2]
3301#[0, 1, 2, 3, 4, 5, 6]
3304#[0, 1, 2, 3, 4, 5]
3310#[0, 1, 2, 3, 4, 5, 6]
2100430#[0, 1]
3313#[0, 1, 2, 3, 4, 5, 6]
3322#[0, 1, 2, 3, 4, 5, 6]
2010340#[0, 2]
331000#[0, 1, 2, 3, 4, 5, 6]
331003#[0, 1, 2, 3, 4, 5, 6]
1240300#[0, 1]
331012#[3, 5, 6]
2002204#[0, 3, 4]
3331#[0, 1, 2, 3, 4, 5, 6]
2420002#[0, 2, 6]
2002201#[0, 3, 4, 6]
331021#[3, 5, 6]
3340#[0, 1, 2, 3, 4, 6]
2420020#[0, 2, 5]
331030#[0, 1, 2, 3, 4, 5, 6]
3231010#[1, 3, 5]
2010430#[0, 2]
3231001#[1, 3, 6]
2002231#[0, 3, 4, 6]
4042000#[3]
2002222#[0, 3, 4, 5, 6]
4001032#[3, 6]
2002213#[0, 3, 4, 5]
2002210#[0, 3, 4, 5]
2010403#[0, 2]
3321100#[2, 3, 4]
2010400#[0, 2]
200002#[0, 1, 2, 3, 4, 5, 6]
3100012#[1, 5, 6]
3400#[0, 1, 2, 3, 5, 6]
200011#[1, 5, 6]
3403#[0, 1, 2, 3, 5, 6]
3100003#[0, 1, 2, 3, 4, 5, 6]
413002#[2, 6]
200014#[1, 5]
3231100#[1, 3, 4]
3100000#[0, 1, 2, 3, 4, 5, 6]
3100030#[0, 1, 2, 3, 4, 5, 6]
3412#[5, 6]
200023#[0, 1, 2, 3, 4, 5, 6]
200020#[0, 1, 2, 3, 4, 5, 6]
3100024#[1, 5]
3313000#[0, 1, 2, 3, 4, 5, 6]
3100021#[1, 5, 6]
413020#[2, 5]
1232200#[0, 1, 3, 4]
331102#[3, 4, 6]
3421#[5, 6]
2002240#[0, 3, 4]
2002303#[0, 1, 2, 3, 4, 5, 6]
2002300#[0, 1, 2, 3, 4, 5, 6]
200032#[0, 1, 2, 3, 4, 5, 6]
3430#[0, 1, 2, 3, 5, 6]
241003#[1, 3]
200041#[1, 6]
241000#[1, 3]
200044#[1]
331120#[3, 4, 5]
2002330#[0, 1, 2, 3, 4, 5, 6]
241030#[1, 3]
2330020#[0, 1, 2, 3, 4, 5, 6]
4001200#[3, 4]
4001203#[3, 4]
2002321#[0, 3, 5, 6]
2002312#[0, 3, 5, 6]
3100042#[1, 6]
200101#[1, 4, 6]
200104#[1, 4]
200110#[1, 4, 5]
3100033#[0, 1, 2, 3, 4, 5, 6]
2330002#[0, 1, 2, 3, 4, 5, 6]
200113#[1, 4, 5]
421300#[2, 3]
110002#[1, 2, 6]
2330011#[0, 5, 6]
200122#[1, 4, 5, 6]
323002#[0, 1, 2, 3, 4, 5, 6]
200131#[1, 4, 6]
3010030#[0, 1, 2, 3, 4, 5, 6]
331201#[3, 4, 6]
110020#[1, 2, 5]
3010024#[2, 5]
200134#[1, 4]
110023#[1, 2, 5]
323011#[2, 5, 6]
3010021#[2, 5, 6]
323020#[0, 1, 2, 3, 4, 5, 6]
3100132#[1, 4, 6]
200143#[1, 4]
2420200#[0, 2, 4]
331210#[3, 4, 5]
200140#[1, 4]
110032#[1, 2, 6]
2330101#[0, 4, 6]
3010042#[2, 6]
3010033#[0, 1, 2, 3, 4, 5, 6]
2330110#[0, 4, 5]
3223000#[0, 1, 2, 3, 4, 5, 6]
3100102#[1, 4, 6]
2002420#[0, 3, 5]
3010012#[2, 5, 6]
4001230#[3, 4]
3100123#[1, 4, 5]
1003003#[0, 1, 2, 3, 4, 5, 6]
3100120#[1, 4, 5]
1003000#[0, 1, 2, 3, 4, 5, 6]
2002402#[0, 3, 6]
3010000#[0, 1, 2, 3, 4, 5, 6]
3010003#[0, 1, 2, 3, 4, 5, 6]
1003021#[0, 5, 6]
3100204#[1, 4]
3100201#[1, 4, 6]
200203#[0, 1, 2, 3, 4, 5, 6]
1003012#[0, 5, 6]
200200#[0, 1, 2, 3, 4, 5, 6]
3100222#[1, 4, 5, 6]
4001320#[3, 5]
1003033#[0, 1, 2, 3, 4, 5, 6]
413200#[2, 4]
200212#[1, 4, 5, 6]
1003030#[0, 1, 2, 3, 4, 5, 6]
323101#[2, 4, 6]
3100213#[1, 4, 5]
3010102#[2, 4, 6]
3100210#[1, 4, 5]
200221#[1, 4, 5, 6]
1003024#[0, 5]
2240002#[0, 1, 6]
331300#[0, 1, 2, 3, 4, 5, 6]
20002#[0, 1, 2, 3, 4, 5, 6]
323110#[2, 4, 5]
200224#[1, 4, 5]
200230#[0, 1, 2, 3, 4, 5, 6]
233002#[0, 1, 2, 3, 4, 5, 6]
200233#[0, 1, 2, 3, 4, 5, 6]
4001302#[3, 6]
20011#[2, 5, 6]
1003042#[0, 6]
20014#[2, 5]
233011#[1, 5, 6]
200242#[1, 4, 6]
20020#[0, 1, 2, 3, 4, 5, 6]
2240020#[0, 1, 5]
20023#[0, 1, 2, 3, 4, 5, 6]
233020#[0, 1, 2, 3, 4, 5, 6]
20032#[0, 1, 2, 3, 4, 5, 6]
20041#[2, 6]
20044#[2]
1003102#[0, 4, 6]
3010120#[2, 4, 5]
3010123#[2, 4, 5]
3133000#[0, 1, 2, 3, 4, 5, 6]
3100231#[1, 4, 6]
200302#[0, 1, 2, 3, 4, 5, 6]
102001#[1, 3, 6]
2322001#[0, 2, 3, 6]
1003132#[0, 4, 6]
200311#[1, 5, 6]
102004#[1, 3]
2322010#[0, 2, 3, 5]
3010132#[2, 4, 6]
200314#[1, 5]
110200#[1, 2, 4]
110203#[1, 2, 4]
2330200#[0, 1, 2, 3, 4, 5, 6]
102010#[1, 3, 5]
1003123#[0, 4, 5]
102013#[1, 3, 5]
1003120#[0, 4, 5]
3100240#[1, 4]
200323#[0, 1, 2, 3, 4, 5, 6]
200320#[0, 1, 2, 3, 4, 5, 6]
3010222#[2, 4, 5, 6]
323200#[0, 1, 2, 3, 4, 5, 6]
2404000#[0]
3100330#[0, 1, 2, 3, 4, 5, 6]
20101#[2, 4, 6]
102022#[1, 3, 5, 6]
3010213#[2, 4, 5]
20104#[2, 4]
3002020#[0, 1, 2, 3, 4, 5, 6]
3002023#[0, 1, 2, 3, 4, 5, 6]
3100321#[1, 5, 6]
233101#[1, 4, 6]
102031#[1, 3, 6]
20110#[2, 4, 5]
3010210#[2, 4, 5]
200332#[0, 1, 2, 3, 4, 5, 6]
20113#[2, 4, 5]
102034#[1, 3]
3002041#[3, 6]
233110#[1, 4, 5]
200341#[1, 6]
3043000#[0, 1, 3, 4, 5, 6]
110230#[1, 2, 4]
2322100#[0, 2, 3, 4]
241300#[1, 3]
143002#[1, 6]
110233#[1, 2, 4]
102040#[1, 3]
3010231#[2, 4, 6]
20122#[2, 4, 5, 6]
102043#[1, 3]
3002032#[0, 1, 2, 3, 4, 5, 6]
3100303#[0, 1, 2, 3, 4, 5, 6]
3100300#[0, 1, 2, 3, 4, 5, 6]
20131#[2, 4, 6]
20134#[2, 4]
4321000#[2, 3]
20140#[2, 4]
143020#[1, 5]
20143#[2, 4]
3010204#[2, 4]
3002014#[3, 5]
3010201#[2, 4, 6]
3002011#[3, 5, 6]
3100312#[1, 5, 6]
3002002#[0, 1, 2, 3, 4, 5, 6]
1003213#[0, 4, 5]
1003210#[0, 4, 5]
1003204#[0, 4]
1003201#[0, 4, 6]
1003231#[0, 4, 6]
3010300#[0, 1, 2, 3, 4, 5, 6]
200401#[1, 6]
3010303#[0, 1, 2, 3, 4, 5, 6]
3002110#[3, 4, 5]
102100#[1, 3, 4]
3002104#[3, 4]
102103#[1, 3, 4]
200404#[1]
3002101#[3, 4, 6]
1003222#[0, 4, 5, 6]
200410#[1, 5]
3100402#[1, 6]
200413#[1, 5]
110302#[1, 2, 6]
12001#[2, 3, 6]
2232001#[0, 1, 3, 6]
12004#[2, 3]
200422#[1, 5, 6]
1003240#[0, 4]
20200#[0, 1, 2, 3, 4, 5, 6]
2232010#[0, 1, 3, 5]
12010#[2, 3, 5]
2240200#[0, 1, 4]
20203#[0, 1, 2, 3, 4, 5, 6]
200431#[1, 6]
12013#[2, 3, 5]
3010240#[2, 4]
110320#[1, 2, 5]
110323#[1, 2, 5]
233200#[0, 1, 2, 3, 4, 5, 6]
102130#[1, 3, 4]
20212#[2, 4, 5, 6]
102133#[1, 3, 4]
12022#[2, 3, 5, 6]
200440#[1]
110332#[1, 2, 6]
20221#[2, 4, 5, 6]
12031#[2, 3, 6]
20224#[2, 4, 5]
12034#[2, 3]
20230#[0, 1, 2, 3, 4, 5, 6]
2232100#[0, 1, 3, 4]
2101030#[0, 1, 3]
12040#[2, 3]
20233#[0, 1, 2, 3, 4, 5, 6]
2101033#[0, 1, 3]
12043#[2, 3]
20242#[2, 4, 6]
4231000#[1, 3]
3010312#[2, 5, 6]
3002122#[3, 4, 5, 6]
1003303#[0, 1, 2, 3, 4, 5, 6]
2101000#[0, 1, 3]
1003300#[0, 1, 2, 3, 4, 5, 6]
3100420#[1, 5]
2101003#[0, 1, 3]
3002113#[3, 4, 5]
1331002#[0, 3, 6]
3002140#[3, 4]
2314000#[0, 2]
1003321#[0, 5, 6]
3010330#[0, 1, 2, 3, 4, 5, 6]
102202#[1, 3, 4, 6]
3010321#[2, 5, 6]
3002131#[3, 4, 6]
1003312#[0, 5, 6]
3002221#[3, 4, 5, 6]
12100#[2, 3, 4]
12103#[2, 3, 4]
3002212#[3, 4, 5, 6]
1003330#[0, 1, 2, 3, 4, 5, 6]
102220#[1, 3, 4, 5]
20302#[0, 1, 2, 3, 4, 5, 6]
102223#[1, 3, 4, 5]
3010402#[2, 6]
3420001#[2, 6]
20311#[2, 5, 6]
1331020#[0, 3, 5]
3010420#[2, 5]
102232#[1, 3, 4, 6]
20314#[2, 5]
3002230#[0, 1, 2, 3, 4, 5, 6]
3420010#[2, 5]
20320#[0, 1, 2, 3, 4, 5, 6]
143200#[1, 4]
12130#[2, 3, 4]
20323#[0, 1, 2, 3, 4, 5, 6]
12133#[2, 3, 4]
2011003#[0, 2, 3]
2011000#[0, 2, 3]
20332#[0, 1, 2, 3, 4, 5, 6]
3002200#[0, 1, 2, 3, 4, 5, 6]
20341#[2, 6]
3002203#[0, 1, 2, 3, 4, 5, 6]
1200022#[0, 1, 5, 6]
1003402#[0, 6]
2011033#[0, 2, 3]
2011030#[0, 2, 3]
4100023#[1, 5]
4100020#[1, 5]
1200031#[0, 1, 6]
1200001#[0, 1, 6]
3002302#[0, 1, 2, 3, 4, 5, 6]
1003420#[0, 5]
1200004#[0, 1]
1200010#[0, 1, 5]
4100002#[1, 6]
102301#[1, 3, 6]
1200013#[0, 1, 5]
4000#[0, 1, 2, 4, 5, 6]
2224000#[0, 1, 2]
102304#[1, 3]
4003#[0, 1, 2, 4, 5, 6]
102310#[1, 3, 5]
102313#[1, 3, 5]
12202#[2, 3, 4, 6]
4012#[5, 6]
1200034#[0, 1]
20401#[2, 6]
102322#[1, 3, 5, 6]
20404#[2]
430003#[0, 2, 3, 4, 5, 6]
4021#[5, 6]
430000#[0, 2, 3, 4, 5, 6]
4024#[5]
1200043#[0, 1]
430012#[5, 6]
102331#[1, 3, 6]
20410#[2, 5]
1200040#[0, 1]
12220#[2, 3, 4, 5]
20413#[2, 5]
4030#[0, 1, 2, 4, 5, 6]
12223#[2, 3, 4, 5]
4033#[0, 1, 2, 4, 5, 6]
430021#[5, 6]
102340#[1, 3]
20422#[2, 5, 6]
430030#[0, 2, 3, 4, 5, 6]
12232#[2, 3, 4, 6]
4042#[6]
20431#[2, 6]
2134000#[0, 1]
20440#[2]
3330001#[0, 1, 2, 3, 4, 5, 6]
3330010#[0, 1, 2, 3, 4, 5, 6]
3002311#[3, 5, 6]
1323001#[0, 2, 6]
3420100#[2, 4]
1200103#[0, 1, 4]
1200100#[0, 1, 4]
3002320#[0, 1, 2, 3, 4, 5, 6]
4100032#[1, 6]
102400#[1, 3]
102403#[1, 3]
4102#[4, 6]
3330100#[0, 1, 2, 3, 4, 5, 6]
3002410#[3, 5]
3002401#[3, 6]
4010032#[2, 6]
12301#[2, 3, 6]
430102#[4, 6]
1200130#[0, 1, 4]
12304#[2, 3]
1331200#[0, 3, 4]
2101300#[0, 1, 3]
3412000#[2, 3]
1323010#[0, 2, 5]
12310#[2, 3, 5]
1200133#[0, 1, 4]
2101303#[0, 1, 3]
4120#[4, 5]
4010020#[2, 5]
12313#[2, 3, 5]
4010023#[2, 5]
4123#[4, 5]
102430#[1, 3]
12322#[2, 3, 5, 6]
2003002#[0, 1, 2, 3, 4, 5, 6]
4132#[4, 6]
340000#[0, 1, 3, 4, 5, 6]
340003#[0, 1, 3, 4, 5, 6]
340012#[5, 6]
12331#[2, 3, 6]
430120#[4, 5]
4010002#[2, 6]
340021#[5, 6]
12340#[2, 3]
340030#[0, 1, 3, 4, 5, 6]
2003032#[0, 1, 2, 3, 4, 5, 6]
1323100#[0, 2, 4]
1200223#[0, 1, 4, 5]
1200220#[0, 1, 4, 5]
2003023#[0, 1, 2, 3, 4, 5, 6]
2003020#[0, 1, 2, 3, 4, 5, 6]
4100203#[1, 4]
4100200#[1, 4]
2003014#[0, 5]
1200202#[0, 1, 4, 6]
2003011#[0, 5, 6]
1233010#[0, 1, 5]
1020013#[0, 2, 5]
1020010#[0, 2, 5]
4201#[4, 6]
1020004#[0, 2]
4204#[4]
1020001#[0, 2, 6]
3240001#[1, 6]
1020031#[0, 2, 6]
12400#[2, 3]
4210#[4, 5]
2101330#[0, 1, 3]
12403#[2, 3]
422002#[2, 3, 6]
4213#[4, 5]
1020022#[0, 2, 5, 6]
1200232#[0, 1, 4, 6]
3240010#[1, 5]
1233001#[0, 1, 6]
4222#[4, 5, 6]
2003041#[0, 6]
430201#[4, 6]
2044000#[0]
422020#[2, 3, 5]
2003101#[0, 4, 6]
340102#[4, 6]
430210#[4, 5]
1020043#[0, 2]
4231#[4, 6]
1020040#[0, 2]
1020034#[0, 2]
12430#[2, 3]
4240#[4]
3240100#[1, 4]
340120#[4, 5]
1102000#[0, 1, 3]
3322000#[0, 1, 2, 3, 4, 5, 6]
1200304#[0, 1]
1102003#[0, 1, 3]
1200310#[0, 1, 5]
2003131#[0, 4, 6]
1200313#[0, 1, 5]
2003122#[0, 4, 5, 6]
2003113#[0, 4, 5]
2003110#[0, 4, 5]
4100230#[1, 4]
2011303#[0, 2, 3]
2011300#[0, 2, 3]
2003104#[0, 4]
1200301#[0, 1, 6]
1102033#[0, 1, 3]
4002040#[3]
1200340#[0, 1]
1020103#[0, 2, 4]
1020100#[0, 2, 4]
4010230#[2, 4]
4300#[0, 1, 2, 4, 5, 6]
4303#[0, 1, 2, 4, 5, 6]
1200322#[0, 1, 5, 6]
4002031#[3, 6]
4312#[5, 6]
1200331#[0, 1, 6]
430300#[0, 2, 3, 4, 5, 6]
2003140#[0, 4]
4002022#[3, 5, 6]
2011330#[0, 2, 3]
4100320#[1, 5]
1233100#[0, 1, 4]
1102030#[0, 1, 3]
4002013#[3, 5]
4321#[5, 6]
4010200#[2, 4]
4010203#[2, 4]
4002010#[3, 5]
332002#[0, 1, 2, 3, 4, 5, 6]
4002004#[3]
4330#[0, 1, 2, 4, 5, 6]
1020133#[0, 2, 4]
4002001#[3, 6]
340201#[4, 6]
1020130#[0, 2, 4]
332011#[3, 5, 6]
4100302#[1, 6]
332020#[0, 1, 2, 3, 4, 5, 6]
340210#[4, 5]
2003230#[0, 1, 2, 3, 4, 5, 6]
1200403#[0, 1]
1200400#[0, 1]
4010302#[2, 6]
4002100#[3, 4]
4002103#[3, 4]
2003221#[0, 4, 5, 6]
2003212#[0, 4, 5, 6]
2003203#[0, 1, 2, 3, 4, 5, 6]
2003200#[0, 1, 2, 3, 4, 5, 6]
1020202#[0, 2, 4, 6]
201001#[1, 3, 6]
1012003#[0, 2, 3]
1012000#[0, 2, 3]
201004#[1, 3]
1020223#[0, 2, 4, 5]
3232000#[0, 1, 2, 3, 4, 5, 6]
201010#[1, 3, 5]
1012030#[0, 2, 3]
4402#[6]
1020220#[0, 2, 4, 5]
201013#[1, 3, 5]
1200430#[0, 1]
201022#[1, 3, 5, 6]
422200#[2, 3, 4]
332101#[3, 4, 6]
201031#[1, 3, 6]
4420#[5]
1020232#[0, 2, 4, 6]
3101032#[1, 3, 6]
340300#[0, 1, 3, 4, 5, 6]
201034#[1, 3]
332110#[3, 4, 5]
1012033#[0, 2, 3]
201043#[1, 3]
242002#[1, 3, 6]
201040#[1, 3]
2331001#[0, 3, 6]
3142000#[1, 3]
3101002#[1, 3, 6]
2003320#[0, 1, 2, 3, 4, 5, 6]
242020#[1, 3, 5]
4010320#[2, 5]
4002130#[3, 4]
3101023#[1, 3, 5]
2003311#[0, 5, 6]
3101020#[1, 3, 5]
2003302#[0, 1, 2, 3, 4, 5, 6]
1020301#[0, 2, 6]
201103#[1, 3, 4]
201100#[1, 3, 4]
4002220#[3, 4, 5]
1020313#[0, 2, 5]
3011002#[2, 3, 6]
1020310#[0, 2, 5]
1020304#[0, 2]
2331010#[0, 3, 5]
1020331#[0, 2, 6]
324001#[2, 6]
4002202#[3, 4, 6]
201130#[1, 3, 4]
1020322#[0, 2, 5, 6]
332200#[0, 1, 2, 3, 4, 5, 6]
324010#[2, 5]
201133#[1, 3, 4]
1020340#[0, 2]
4002301#[3, 6]
2200033#[0, 1, 2, 3, 4, 5, 6]
2200042#[0, 1, 6]
2003410#[0, 5]
1102300#[0, 1, 3]
1102303#[0, 1, 3]
2003401#[0, 6]
2200000#[0, 1, 2, 3, 4, 5, 6]
3011020#[2, 3, 5]
2200003#[0, 1, 2, 3, 4, 5, 6]
3011023#[2, 3, 5]
4420000#[2]
1430002#[0, 6]
1102330#[0, 1, 3]
2413000#[0, 2]
2200012#[0, 1, 5, 6]
1004002#[0, 6]
201202#[1, 3, 4, 6]
2200021#[0, 1, 5, 6]
3011032#[2, 3, 6]
1004023#[0, 5]
2200024#[0, 1, 5]
1004020#[0, 5]
1020403#[0, 2]
2200030#[0, 1, 2, 3, 4, 5, 6]
2331100#[0, 3, 4]
1020400#[0, 2]
324100#[2, 4]
3101230#[1, 3, 4]
1020430#[0, 2]
201223#[1, 3, 4, 5]
2200102#[0, 1, 4, 6]
201220#[1, 3, 4, 5]
21001#[2, 3, 6]
21004#[2, 3]
1004032#[0, 6]
2110000#[0, 1, 2]
1430020#[0, 5]
234001#[1, 6]
21010#[2, 3, 5]
201232#[1, 3, 4, 6]
2110003#[0, 1, 2]
21013#[2, 3, 5]
234010#[1, 5]
2200120#[0, 1, 4, 5]
2200123#[0, 1, 4, 5]
2323000#[0, 1, 2, 3, 4, 5, 6]
242200#[1, 3, 4]
21022#[2, 3, 5, 6]
21031#[2, 3, 6]
21034#[2, 3]
21040#[2, 3]
21043#[2, 3]
4002310#[3, 5]
3101203#[1, 3, 4]
3101200#[1, 3, 4]
1012303#[0, 2, 3]
1012300#[0, 2, 3]
3003004#[0, 1, 2, 3, 4, 5]
4330000#[1, 2, 3, 4, 5, 6]
3003001#[0, 1, 2, 3, 4, 5, 6]
201301#[1, 3, 6]
3101302#[1, 3, 6]
103000#[0, 1, 2, 3, 4, 5, 6]
103003#[0, 1, 2, 3, 4, 5, 6]
201304#[1, 3]
201310#[1, 3, 5]
4002400#[3]
1340020#[0, 5]
201313#[1, 3, 5]
2200132#[0, 1, 4, 6]
103012#[1, 5, 6]
1012330#[0, 2, 3]
201322#[1, 3, 5, 6]
103021#[1, 5, 6]
21100#[2, 3, 4]
2110030#[0, 1, 2]
21103#[2, 3, 4]
201331#[1, 3, 6]
103024#[1, 5]
2110033#[0, 1, 2]
1340002#[0, 6]
103030#[0, 1, 2, 3, 4, 5, 6]
234100#[1, 4]
103033#[0, 1, 2, 3, 4, 5, 6]
201340#[1, 3]
103042#[1, 6]
2200231#[0, 1, 4, 6]
2233000#[0, 1, 2, 3, 4, 5, 6]
21130#[2, 3, 4]
3003040#[0, 1, 2, 3, 4, 6]
21133#[2, 3, 4]
2200240#[0, 1, 4]
2020030#[0, 1, 2, 3, 4, 5, 6]
3003022#[0, 1, 2, 3, 4, 5, 6]
1004203#[0, 4]
2020024#[0, 2, 5]
3101320#[1, 3, 5]
1004200#[0, 4]
3003013#[0, 1, 2, 3, 4, 5, 6]
2200201#[0, 1, 4, 6]
2020021#[0, 2, 5, 6]
3011200#[2, 3, 4]
2200204#[0, 1, 4]
1430200#[0, 4]
3011203#[2, 3, 4]
3003010#[0, 1, 2, 3, 4, 5, 6]
2020012#[0, 2, 5, 6]
2200210#[0, 1, 4, 5]
3011230#[2, 3, 4]
2200213#[0, 1, 4, 5]
201403#[1, 3]
3003031#[0, 1, 2, 3, 4, 5, 6]
201400#[1, 3]
2020003#[0, 1, 2, 3, 4, 5, 6]
2020000#[0, 1, 2, 3, 4, 5, 6]
2200222#[0, 1, 4, 5, 6]
103102#[1, 4, 6]
4240000#[1]
3003112#[4, 5, 6]
13000#[0, 1, 2, 3, 4, 5, 6]
1004230#[0, 4]
3011302#[2, 3, 6]
13003#[0, 1, 2, 3, 4, 5, 6]
2200300#[0, 1, 2, 3, 4, 5, 6]
2200303#[0, 1, 2, 3, 4, 5, 6]
103120#[1, 4, 5]
2102002#[0, 1, 3, 6]
21202#[2, 3, 4, 6]
103123#[1, 4, 5]
2020042#[0, 2, 6]
13012#[2, 5, 6]
3011320#[2, 3, 5]
201430#[1, 3]
3003130#[0, 1, 2, 3, 4, 5, 6]
2200312#[0, 1, 5, 6]
3003121#[4, 5, 6]
103132#[1, 4, 6]
13021#[2, 5, 6]
2020033#[0, 1, 2, 3, 4, 5, 6]
13024#[2, 5]
21220#[2, 3, 4, 5]
13030#[0, 1, 2, 3, 4, 5, 6]
21223#[2, 3, 4, 5]
13033#[0, 1, 2, 3, 4, 5, 6]
21232#[2, 3, 4, 6]
3003100#[0, 1, 2, 3, 4, 5, 6]
3003103#[0, 1, 2, 3, 4, 5, 6]
13042#[2, 6]
1004302#[0, 6]
2020123#[0, 2, 4, 5]
2020120#[0, 2, 4, 5]
2020102#[0, 2, 4, 6]
2200321#[0, 1, 5, 6]
103201#[1, 4, 6]
2102020#[0, 1, 3, 5]
103204#[1, 4]
2102023#[0, 1, 3, 5]
2200330#[0, 1, 2, 3, 4, 5, 6]
103210#[1, 4, 5]
103213#[1, 4, 5]
13102#[2, 4, 6]
1004320#[0, 5]
2102032#[0, 1, 3, 6]
1332001#[0, 3, 6]
21301#[2, 3, 6]
103222#[1, 4, 5, 6]
2143000#[0, 1]
21304#[2, 3]
2020132#[0, 2, 4, 6]
1340200#[0, 4]
1332010#[0, 3, 5]
103231#[1, 4, 6]
21310#[2, 3, 5]
13120#[2, 4, 5]
21313#[2, 3, 5]
13123#[2, 4, 5]
2200420#[0, 1, 5]
103240#[1, 4]
21322#[2, 3, 5, 6]
13132#[2, 4, 6]
21331#[2, 3, 6]
2110330#[0, 1, 2]
21340#[2, 3]
2020222#[0, 2, 4, 5, 6]
3003211#[4, 5, 6]
2012023#[0, 2, 3, 5]
2012020#[0, 2, 3, 5]
2020213#[0, 2, 4, 5]
2020210#[0, 2, 4, 5]
3003202#[0, 1, 2, 3, 4, 5, 6]
2020204#[0, 2, 4]
2200402#[0, 1, 6]
2020201#[0, 2, 4, 6]
3003220#[0, 1, 2, 3, 4, 5, 6]
1201003#[0, 1, 3]
1201000#[0, 1, 3]
2012002#[0, 2, 3, 6]
2110300#[0, 1, 2]
3421000#[2, 3]
2110303#[0, 1, 2]
3003310#[0, 1, 2, 3, 4, 5, 6]
103300#[0, 1, 2, 3, 4, 5, 6]
103303#[0, 1, 2, 3, 4, 5, 6]
3003301#[0, 1, 2, 3, 4, 5, 6]
3331000#[0, 1, 2, 3, 4, 5, 6]
2020240#[0, 2, 4]
1332100#[0, 3, 4]
103312#[1, 5, 6]
13201#[2, 4, 6]
13204#[2, 4]
1201030#[0, 1, 3]
103321#[1, 5, 6]
2102200#[0, 1, 3, 4]
21400#[2, 3]
2020231#[0, 2, 4, 6]
13210#[2, 4, 5]
2102203#[0, 1, 3, 4]
1201033#[0, 1, 3]
21403#[2, 3]
431002#[3, 6]
13213#[2, 4, 5]
2012032#[0, 2, 3, 6]
103330#[0, 1, 2, 3, 4, 5, 6]
13222#[2, 4, 5, 6]
431020#[3, 5]
13231#[2, 4, 6]
21430#[2, 3]
13240#[2, 4]
2020312#[0, 2, 5, 6]
2020303#[0, 1, 2, 3, 4, 5, 6]
2020300#[0, 1, 2, 3, 4, 5, 6]
300004#[0, 1, 2, 3, 4, 5]
300001#[0, 1, 2, 3, 4, 5, 6]
300013#[0, 1, 2, 3, 4, 5, 6]
103402#[1, 6]
300010#[0, 1, 2, 3, 4, 5, 6]
300022#[0, 1, 2, 3, 4, 5, 6]
2020330#[0, 1, 2, 3, 4, 5, 6]
13300#[0, 1, 2, 3, 4, 5, 6]
1324000#[0, 2]
2102230#[0, 1, 3, 4]
13303#[0, 1, 2, 3, 4, 5, 6]
300031#[0, 1, 2, 3, 4, 5, 6]
103420#[1, 5]
2020321#[0, 2, 5, 6]
13312#[2, 5, 6]
300034#[0, 1, 2, 3, 4, 5]
13321#[2, 5, 6]
300040#[0, 1, 2, 3, 4, 6]
300043#[0, 1, 2, 3, 4, 6]
341002#[3, 6]
3200032#[0, 1, 2, 3, 4, 5, 6]
2102320#[0, 1, 3, 5]
13330#[0, 1, 2, 3, 4, 5, 6]
2430001#[0, 6]
3200041#[1, 6]
341020#[3, 5]
3241000#[1, 3]
2430010#[0, 5]
2004031#[0, 6]
3200020#[0, 1, 2, 3, 4, 5, 6]
3003400#[0, 1, 2, 3, 5, 6]
3200023#[0, 1, 2, 3, 4, 5, 6]
2004022#[0, 5, 6]
2020402#[0, 2, 6]
3200002#[0, 1, 2, 3, 4, 5, 6]
2004013#[0, 5]
2004010#[0, 5]
2012203#[0, 2, 3, 4]
2012200#[0, 2, 3, 4]
2004004#[0]
3200011#[1, 5, 6]
3200014#[1, 5]
2102302#[0, 1, 3, 6]
2004001#[0, 6]
300100#[0, 1, 2, 3, 4, 5, 6]
3200113#[1, 4, 5]
1234000#[0, 1]
300103#[0, 1, 2, 3, 4, 5, 6]
1021003#[0, 2, 3]
1021000#[0, 2, 3]
3200122#[1, 4, 5, 6]
210001#[1, 2, 6]
300112#[4, 5, 6]
3200101#[1, 4, 6]
2004040#[0]
210004#[1, 2]
300124#[4, 5]
2012230#[0, 2, 3, 4]
3200104#[1, 4]
210010#[1, 2, 5]
2020420#[0, 2, 5]
13402#[2, 6]
3110002#[1, 2, 6]
300121#[4, 5, 6]
3200110#[1, 4, 5]
210013#[1, 2, 5]
423001#[2, 6]
300133#[0, 1, 2, 3, 4, 5, 6]
423010#[2, 5]
210022#[1, 2, 5, 6]
300130#[0, 1, 2, 3, 4, 5, 6]
431200#[3, 4]
1021033#[0, 2, 3]
1021030#[0, 2, 3]
300142#[4, 6]
210031#[1, 2, 6]
13420#[2, 5]
210034#[1, 2]
210043#[1, 2]
210040#[1, 2]
2340001#[0, 6]
4003000#[1, 2, 3, 4, 5, 6]
1201303#[0, 1, 3]
4003003#[1, 2, 3, 4, 5, 6]
1201300#[0, 1, 3]
2340010#[0, 5]
1103002#[0, 1, 6]
2012302#[0, 2, 3, 6]
2004103#[0, 4]
2004100#[0, 4]
1201330#[0, 1, 3]
1103032#[0, 1, 6]
3110023#[1, 2, 5]
3110020#[1, 2, 5]
300202#[0, 1, 2, 3, 4, 5, 6]
2430100#[0, 4]
300214#[4, 5]
3200131#[1, 4, 6]
210103#[1, 2, 4]
300211#[4, 5, 6]
210100#[1, 2, 4]
300220#[0, 1, 2, 3, 4, 5, 6]
423100#[2, 4]
300223#[0, 1, 2, 3, 4, 5, 6]
1103020#[0, 1, 5]
3200140#[1, 4]
2004130#[0, 4]
2012320#[0, 2, 3, 5]
1103023#[0, 1, 5]
3110032#[1, 2, 6]
120001#[1, 2, 6]
3020014#[2, 5]
3020011#[2, 5, 6]
120004#[1, 2]
120010#[1, 2, 5]
3020002#[0, 1, 2, 3, 4, 5, 6]
300232#[0, 1, 2, 3, 4, 5, 6]
333001#[0, 1, 2, 3, 4, 5, 6]
120013#[1, 2, 5]
210130#[1, 2, 4]
2422000#[0, 2, 3]
300241#[4, 6]
341200#[3, 4]
3200230#[0, 1, 2, 3, 4, 5, 6]
210133#[1, 2, 4]
120022#[1, 2, 5, 6]
333010#[0, 1, 2, 3, 4, 5, 6]
3020023#[0, 1, 2, 3, 4, 5, 6]
3020020#[0, 1, 2, 3, 4, 5, 6]
120031#[1, 2, 6]
2004220#[0, 4, 5]
120034#[1, 2]
3200212#[1, 4, 5, 6]
120040#[1, 2]
120043#[1, 2]
4003030#[1, 2, 3, 4, 5, 6]
3200221#[1, 4, 5, 6]
4003021#[5, 6]
2004202#[0, 4, 6]
3200200#[0, 1, 2, 3, 4, 5, 6]
4003012#[5, 6]
3200203#[0, 1, 2, 3, 4, 5, 6]
1013002#[0, 2, 6]
3200311#[1, 5, 6]
300301#[0, 1, 2, 3, 4, 5, 6]
4003120#[4, 5]
202003#[0, 1, 2, 3, 4, 5, 6]
1013023#[0, 2, 5]
300310#[0, 1, 2, 3, 4, 5, 6]
3102013#[1, 3, 5]
202000#[0, 1, 2, 3, 4, 5, 6]
1013020#[0, 2, 5]
300304#[0, 1, 2, 3, 4, 5]
3110203#[1, 2, 4]
3102010#[1, 3, 5]
3110200#[1, 2, 4]
210202#[1, 2, 4, 6]
3102004#[1, 3]
300313#[0, 1, 2, 3, 4, 5, 6]
3200302#[0, 1, 2, 3, 4, 5, 6]
3102001#[1, 3, 6]
202012#[1, 3, 5, 6]
4003102#[4, 6]
120100#[1, 2, 4]
202021#[1, 3, 5, 6]
300322#[0, 1, 2, 3, 4, 5, 6]
120103#[1, 2, 4]
3020041#[2, 6]
1013032#[0, 2, 6]
2340100#[0, 4]
333100#[0, 1, 2, 3, 4, 5, 6]
202024#[1, 3, 5]
210223#[1, 2, 4, 5]
202030#[0, 1, 2, 3, 4, 5, 6]
3020032#[0, 1, 2, 3, 4, 5, 6]
300331#[0, 1, 2, 3, 4, 5, 6]
210220#[1, 2, 4, 5]
300340#[0, 1, 2, 3, 4, 6]
30001#[0, 1, 2, 3, 4, 5, 6]
202033#[0, 1, 2, 3, 4, 5, 6]
30004#[0, 1, 2, 3, 4, 5]
202042#[1, 3, 6]
243001#[1, 6]
30010#[0, 1, 2, 3, 4, 5, 6]
210232#[1, 2, 4, 6]
30013#[0, 1, 2, 3, 4, 5, 6]
243010#[1, 5]
3020140#[2, 4]
2332000#[0, 1, 2, 3, 4, 5, 6]
120130#[1, 2, 4]
120133#[1, 2, 4]
30022#[0, 1, 2, 3, 4, 5, 6]
2004310#[0, 5]
3020131#[2, 4, 6]
30031#[0, 1, 2, 3, 4, 5, 6]
30034#[0, 1, 2, 3, 4, 5]
2004301#[0, 6]
30040#[0, 1, 2, 3, 4, 6]
30043#[0, 1, 2, 3, 4, 6]
3020110#[2, 4, 5]
3102031#[1, 3, 6]
3020104#[2, 4]
3102022#[1, 3, 5, 6]
3020101#[2, 4, 6]
1103230#[0, 1, 4]
3200320#[0, 1, 2, 3, 4, 5, 6]
1103200#[0, 1, 4]
1103203#[0, 1, 4]
3020122#[2, 4, 5, 6]
300400#[0, 1, 2, 3, 5, 6]
202102#[1, 3, 4, 6]
300403#[0, 1, 2, 3, 5, 6]
3102040#[1, 3]
300412#[5, 6]
1021303#[0, 2, 3]
3110230#[1, 2, 4]
1021300#[0, 2, 3]
210301#[1, 2, 6]
3020113#[2, 4, 5]
3012013#[2, 3, 5]
300421#[5, 6]
112000#[1, 2, 3]
112003#[1, 2, 3]
210304#[1, 2]
3020203#[0, 1, 2, 3, 4, 5, 6]
210310#[1, 2, 5]
3020200#[0, 1, 2, 3, 4, 5, 6]
3012010#[2, 3, 5]
202123#[1, 3, 4, 5]
3012004#[2, 3]
300430#[0, 1, 2, 3, 5, 6]
210313#[1, 2, 5]
2201002#[0, 1, 3, 6]
120202#[1, 2, 4, 6]
202120#[1, 3, 4, 5]
3012001#[2, 3, 6]
210322#[1, 2, 5, 6]
3012031#[2, 3, 6]
3020221#[2, 4, 5, 6]
30100#[0, 1, 2, 3, 4, 5, 6]
202132#[1, 3, 4, 6]
30103#[0, 1, 2, 3, 4, 5, 6]
210331#[1, 2, 6]
3020212#[2, 4, 5, 6]
3012022#[2, 3, 5, 6]
120220#[1, 2, 4, 5]
2201020#[0, 1, 3, 5]
3102130#[1, 3, 4]
1021330#[0, 2, 3]
120223#[1, 2, 4, 5]
2201023#[0, 1, 3, 5]
3110320#[1, 2, 5]
243100#[1, 4]
112030#[1, 2, 3]
30112#[4, 5, 6]
112033#[1, 2, 3]
3200401#[1, 6]
210340#[1, 2]
120232#[1, 2, 4, 6]
30121#[4, 5, 6]
3200410#[1, 5]
30124#[4, 5]
2004400#[0]
3110302#[1, 2, 6]
30130#[0, 1, 2, 3, 4, 5, 6]
30133#[0, 1, 2, 3, 4, 5, 6]
4003210#[4, 5]
3102103#[1, 3, 4]
3102100#[1, 3, 4]
4003201#[4, 6]
30142#[4, 6]
1103320#[0, 1, 5]
3102202#[1, 3, 4, 6]
1103302#[0, 1, 6]
4003300#[1, 2, 3, 4, 5, 6]
202201#[1, 3, 4, 6]
1013203#[0, 2, 4]
1013200#[0, 2, 4]
202204#[1, 3, 4]
210403#[1, 2]
202210#[1, 3, 4, 5]
1013230#[0, 2, 4]
210400#[1, 2]
3012040#[2, 3]
202213#[1, 3, 4, 5]
3020230#[0, 1, 2, 3, 4, 5, 6]
2201032#[0, 1, 3, 6]
120301#[1, 2, 6]
202222#[1, 3, 4, 5, 6]
22000#[0, 1, 2, 3, 4, 5, 6]
120304#[1, 2]
2242000#[0, 1, 3]
22003#[0, 1, 2, 3, 4, 5, 6]
202231#[1, 3, 4, 6]
120310#[1, 2, 5]
120313#[1, 2, 5]
30202#[0, 1, 2, 3, 4, 5, 6]
22012#[2, 3, 5, 6]
210430#[1, 2]
4200001#[1, 6]
120322#[1, 2, 5, 6]
30211#[4, 5, 6]
202240#[1, 3, 4]
4200004#[1]
22021#[2, 3, 5, 6]
30214#[4, 5]
22024#[2, 3, 5]
120331#[1, 2, 6]
4200010#[1, 5]
30220#[0, 1, 2, 3, 4, 5, 6]
4200013#[1, 5]
3020320#[0, 1, 2, 3, 4, 5, 6]
22030#[0, 1, 2, 3, 4, 5, 6]
30223#[0, 1, 2, 3, 4, 5, 6]
3012130#[2, 3, 4]
22033#[0, 1, 2, 3, 4, 5, 6]
120340#[1, 2]
4200022#[1, 5, 6]
30232#[0, 1, 2, 3, 4, 5, 6]
22042#[2, 3, 6]
4200031#[1, 6]
3020302#[0, 1, 2, 3, 4, 5, 6]
30241#[4, 6]
3102220#[1, 3, 4, 5]
1300021#[0, 5, 6]
4200040#[1]
3012100#[2, 3, 4]
3012103#[2, 3, 4]
1300024#[0, 5]
1300030#[0, 1, 2, 3, 4, 5, 6]
1300003#[0, 1, 2, 3, 4, 5, 6]
1300000#[0, 1, 2, 3, 4, 5, 6]
3020311#[2, 5, 6]
1013302#[0, 2, 6]
202303#[0, 1, 2, 3, 4, 5, 6]
1300012#[0, 5, 6]
202300#[0, 1, 2, 3, 4, 5, 6]
3004012#[5, 6]
104002#[1, 6]
3430000#[0, 2, 3, 4, 5, 6]
3012202#[2, 3, 4, 6]
1013320#[0, 2, 5]
3102310#[1, 3, 5]
202312#[1, 3, 5, 6]
3004000#[0, 1, 2, 4, 5, 6]
3004003#[0, 1, 2, 4, 5, 6]
3012220#[2, 3, 4, 5]
2201200#[0, 1, 3, 4]
120400#[1, 2]
1300033#[0, 1, 2, 3, 4, 5, 6]
202321#[1, 3, 5, 6]
2201203#[0, 1, 3, 4]
120403#[1, 2]
3004030#[0, 1, 2, 4, 5, 6]
3020410#[2, 5]
104020#[1, 5]
22102#[2, 3, 4, 6]
104023#[1, 5]
3004021#[5, 6]
1300042#[0, 6]
202330#[0, 1, 2, 3, 4, 5, 6]
30301#[0, 1, 2, 3, 4, 5, 6]
3020401#[2, 6]
30304#[0, 1, 2, 3, 4, 5]
104032#[1, 6]
30310#[0, 1, 2, 3, 4, 5, 6]
22120#[2, 3, 4, 5]
30313#[0, 1, 2, 3, 4, 5, 6]
22123#[2, 3, 4, 5]
120430#[1, 2]
3102301#[1, 3, 6]
30322#[0, 1, 2, 3, 4, 5, 6]
22132#[2, 3, 4, 6]
30331#[0, 1, 2, 3, 4, 5, 6]
2021023#[0, 2, 3, 5]
1210003#[0, 1, 2]
2021020#[0, 2, 3, 5]
4200130#[1, 4]
1210000#[0, 1, 2]
30340#[0, 1, 2, 3, 4, 6]
1300123#[0, 4, 5]
1300120#[0, 4, 5]
1423000#[0, 2]
2021002#[0, 2, 3, 6]
1300102#[0, 4, 6]
202402#[1, 3, 6]
1210033#[0, 1, 2]
112300#[1, 2, 3]
112303#[1, 2, 3]
2201230#[0, 1, 3, 4]
14002#[2, 6]
2021032#[0, 2, 3, 6]
1300132#[0, 4, 6]
202420#[1, 3, 5]
22201#[2, 3, 4, 6]
22204#[2, 3, 4]
1210030#[0, 1, 2]
30400#[0, 1, 2, 3, 5, 6]
2103010#[0, 1, 5]
22210#[2, 3, 4, 5]
30403#[0, 1, 2, 3, 5, 6]
440002#[6]
14020#[2, 5]
2103013#[0, 1, 5]
22213#[2, 3, 4, 5]
14023#[2, 5]
2201320#[0, 1, 3, 5]
112330#[1, 2, 3]
30412#[5, 6]
2103022#[0, 1, 5, 6]
22222#[2, 3, 4, 5, 6]
14032#[2, 6]
3340000#[0, 1, 3, 4, 5, 6]
440020#[5]
30421#[5, 6]
2103031#[0, 1, 6]
22231#[2, 3, 4, 6]
30430#[0, 1, 2, 3, 5, 6]
3012301#[2, 3, 6]
22240#[2, 3, 4]
1300210#[0, 4, 5]
4200100#[1, 4]
1300213#[0, 4, 5]
4200103#[1, 4]
3004102#[4, 6]
1300222#[0, 4, 5, 6]
3102400#[1, 3]
3004120#[4, 5]
2201302#[0, 1, 3, 6]
2103001#[0, 1, 6]
1300201#[0, 4, 6]
3012310#[2, 3, 5]
2103004#[0, 1]
1300204#[0, 4]
4020031#[2, 6]
1300240#[0, 4]
3004201#[4, 6]
104200#[1, 4]
104203#[1, 4]
4020022#[2, 5, 6]
1120030#[0, 1, 2]
4020013#[2, 5]
1120000#[0, 1, 2]
1120003#[0, 1, 2]
1300231#[0, 4, 6]
4020010#[2, 5]
4020004#[2]
1333000#[0, 1, 2, 3, 4, 5, 6]
22300#[0, 1, 2, 3, 4, 5, 6]
4020001#[2, 6]
2103100#[0, 1, 4]
3012400#[2, 3]
3004210#[4, 5]
22303#[0, 1, 2, 3, 4, 5, 6]
2103103#[0, 1, 4]
2103040#[0, 1]
104230#[1, 4]
22312#[2, 3, 5, 6]
4200301#[1, 6]
1120033#[0, 1, 2]
22321#[2, 3, 5, 6]
4200310#[1, 5]
22330#[0, 1, 2, 3, 4, 5, 6]
1202002#[0, 1, 3, 6]
2013022#[0, 2, 5, 6]
4200202#[1, 4, 6]
2013013#[0, 2, 5]
1300312#[0, 5, 6]
2013010#[0, 2, 5]
2021203#[0, 2, 3, 4]
4102003#[1, 3]
2021200#[0, 2, 3, 4]
4102000#[1, 3]
2013004#[0, 2]
2013001#[0, 2, 6]
1300303#[0, 1, 2, 3, 4, 5, 6]
4200220#[1, 4, 5]
1300300#[0, 1, 2, 3, 4, 5, 6]
1202032#[0, 1, 3, 6]
1243000#[0, 1]
2013040#[0, 2]
104302#[1, 6]
2021230#[0, 2, 3, 4]
1300321#[0, 5, 6]
1030012#[0, 5, 6]
1202023#[0, 1, 3, 5]
4020040#[2]
1202020#[0, 1, 3, 5]
14200#[2, 4]
1300330#[0, 1, 2, 3, 4, 5, 6]
2013031#[0, 2, 6]
2103130#[0, 1, 4]
14203#[2, 4]
1030003#[0, 1, 2, 3, 4, 5, 6]
1030000#[0, 1, 2, 3, 4, 5, 6]
1030030#[0, 1, 2, 3, 4, 5, 6]
104320#[1, 5]
2103202#[0, 1, 4, 6]
22402#[2, 3, 6]
432001#[3, 6]
1030024#[0, 5]
1030021#[0, 5, 6]
432010#[3, 5]
440200#[4]
4200400#[1]
2103220#[0, 1, 4, 5]
22420#[2, 3, 5]
1030042#[0, 6]
14230#[2, 4]
1030033#[0, 1, 2, 3, 4, 5, 6]
4020130#[2, 4]
1300402#[0, 6]
3004300#[0, 1, 2, 4, 5, 6]
2021302#[0, 2, 3, 6]
1210303#[0, 1, 2]
1210300#[0, 1, 2]
4102030#[1, 3]
2013103#[0, 2, 4]
2013100#[0, 2, 4]
4020100#[2, 4]
4020103#[2, 4]
4020220#[2, 4, 5]
3201010#[1, 3, 5]
4012030#[2, 3]
3201013#[1, 3, 5]
1210330#[0, 1, 2]
301000#[0, 1, 2, 3, 4, 5, 6]
3201022#[1, 3, 5, 6]
301003#[0, 1, 2, 3, 4, 5, 6]
301012#[3, 5, 6]
2013130#[0, 2, 4]
2021320#[0, 2, 3, 5]
4020202#[2, 4, 6]
1300420#[0, 5]
1030102#[0, 4, 6]
3201001#[1, 3, 6]
301021#[3, 5, 6]
3201004#[1, 3]
4012000#[2, 3]
14302#[2, 6]
4012003#[2, 3]
301030#[0, 1, 2, 3, 4, 5, 6]
432100#[3, 4]
301024#[3, 5]
1030123#[0, 4, 5]
1030120#[0, 4, 5]
301033#[0, 1, 2, 3, 4, 5, 6]
14320#[2, 5]
342001#[3, 6]
301042#[3, 6]
1030132#[0, 4, 6]
342010#[3, 5]
1202203#[0, 1, 3, 4]
1202200#[0, 1, 3, 4]
2013202#[0, 2, 4, 6]
3201040#[1, 3]
1202230#[0, 1, 3, 4]
2103301#[0, 1, 6]
301102#[3, 4, 6]
2103310#[0, 1, 5]
1030204#[0, 4]
1030201#[0, 4, 6]
3201031#[1, 3, 6]
211003#[1, 2, 3]
2013220#[0, 2, 4, 5]
211000#[1, 2, 3]
1022002#[0, 2, 3, 6]
1120300#[0, 1, 2]
2431000#[0, 3]
1120303#[0, 1, 2]
2300002#[0, 1, 2, 3, 4, 5, 6]
1030222#[0, 4, 5, 6]
301120#[3, 4, 5]
424000#[2]
301123#[3, 4, 5]
301132#[3, 4, 6]
2300011#[0, 5, 6]
1022023#[0, 2, 3, 5]
2103400#[0, 1]
1030213#[0, 4, 5]
1022020#[0, 2, 3, 5]
1030210#[0, 4, 5]
2300014#[0, 5]
342100#[3, 4]
2300023#[0, 1, 2, 3, 4, 5, 6]
211030#[1, 2, 3]
2300020#[0, 1, 2, 3, 4, 5, 6]
1030231#[0, 4, 6]
3201130#[1, 3, 4]
211033#[1, 2, 3]
1120330#[0, 1, 2]
1022032#[0, 2, 3, 6]
2013310#[0, 2, 5]
4020310#[2, 5]
2013301#[0, 2, 6]
1202302#[0, 1, 3, 6]
1030240#[0, 4]
4020301#[2, 6]
3201100#[1, 3, 4]
3201103#[1, 3, 4]
3201202#[1, 3, 4, 6]
1202320#[0, 1, 3, 5]
4004020#[5]
4020400#[2]
1030303#[0, 1, 2, 3, 4, 5, 6]
301204#[3, 4]
1030300#[0, 1, 2, 3, 4, 5, 6]
301201#[3, 4, 6]
301213#[3, 4, 5]
301210#[3, 4, 5]
4004002#[6]
301222#[3, 4, 5, 6]
4102300#[1, 3]
2300032#[0, 1, 2, 3, 4, 5, 6]
1030312#[0, 5, 6]
121000#[1, 2, 3]
2300041#[0, 6]
121003#[1, 2, 3]
301231#[3, 4, 6]
2341000#[0, 3]
1030330#[0, 1, 2, 3, 4, 5, 6]
334000#[0, 1, 2, 4, 5, 6]
301240#[3, 4]
1030321#[0, 5, 6]
2300131#[0, 4, 6]
2210020#[0, 1, 2, 5]
2210023#[0, 1, 2, 5]
2013400#[0, 2]
121030#[1, 2, 3]
121033#[1, 2, 3]
3021031#[2, 3, 6]
2300140#[0, 4]
2210032#[0, 1, 2, 6]
3021040#[2, 3]
3021004#[2, 3]
2300101#[0, 4, 6]
3021001#[2, 3, 6]
2300104#[0, 4]
2300110#[0, 4, 5]
301300#[0, 1, 2, 3, 4, 5, 6]
3021022#[2, 3, 5, 6]
2300113#[0, 4, 5]
301303#[0, 1, 2, 3, 4, 5, 6]
2210002#[0, 1, 2, 6]
1022203#[0, 2, 3, 4]
3201220#[1, 3, 4, 5]
1022200#[0, 2, 3, 4]
203002#[0, 1, 2, 3, 4, 5, 6]
2300122#[0, 4, 5, 6]
3021013#[2, 3, 5]
3021010#[2, 3, 5]
203011#[1, 5, 6]
3021103#[2, 3, 4]
3021100#[2, 3, 4]
3103021#[1, 5, 6]
301312#[3, 5, 6]
203014#[1, 5]
2300203#[0, 1, 2, 3, 4, 5, 6]
2300200#[0, 1, 2, 3, 4, 5, 6]
3103012#[1, 5, 6]
203023#[0, 1, 2, 3, 4, 5, 6]
1030402#[0, 6]
301321#[3, 5, 6]
203020#[0, 1, 2, 3, 4, 5, 6]
301330#[0, 1, 2, 3, 4, 5, 6]
2300212#[0, 4, 5, 6]
31000#[0, 1, 2, 3, 4, 5, 6]
1022230#[0, 2, 3, 4]
3103030#[0, 1, 2, 3, 4, 5, 6]
203032#[0, 1, 2, 3, 4, 5, 6]
31003#[0, 1, 2, 3, 4, 5, 6]
1030420#[0, 5]
2300221#[0, 4, 5, 6]
203041#[1, 6]
244000#[1]
31012#[3, 5, 6]
3201301#[1, 3, 6]
31021#[3, 5, 6]
3201310#[1, 3, 5]
31024#[3, 5]
4012300#[2, 3]
3103003#[0, 1, 2, 3, 4, 5, 6]
31030#[0, 1, 2, 3, 4, 5, 6]
3103000#[0, 1, 2, 3, 4, 5, 6]
31033#[0, 1, 2, 3, 4, 5, 6]
2120032#[0, 1, 2, 6]
31042#[3, 6]
3201400#[1, 3]
3103102#[1, 4, 6]
1022302#[0, 2, 3, 6]
4004200#[4]
203101#[1, 4, 6]
301402#[3, 6]
2120002#[0, 1, 2, 6]
203104#[1, 4]
211303#[1, 2, 3]
3021130#[2, 3, 4]
203110#[1, 4, 5]
2300230#[0, 1, 2, 3, 4, 5, 6]
211300#[1, 2, 3]
301420#[3, 5]
203113#[1, 4, 5]
113002#[1, 2, 6]
203122#[1, 4, 5, 6]
2120020#[0, 1, 2, 5]
2120023#[0, 1, 2, 5]
203131#[1, 4, 6]
113020#[1, 2, 5]
113023#[1, 2, 5]
31102#[3, 4, 6]
1022320#[0, 2, 3, 5]
211330#[1, 2, 3]
2300320#[0, 1, 2, 3, 4, 5, 6]
203140#[1, 4]
2202022#[0, 1, 3, 5, 6]
113032#[1, 2, 6]
3021220#[2, 3, 4, 5]
3013030#[0, 1, 2, 3, 4, 5, 6]
2202031#[0, 1, 3, 6]
31120#[3, 4, 5]
31123#[3, 4, 5]
2210230#[0, 1, 2, 4]
2202040#[0, 1, 3]
31132#[3, 4, 6]
2030014#[0, 5]
3013000#[0, 1, 2, 3, 4, 5, 6]
2030011#[0, 5, 6]
3013003#[0, 1, 2, 3, 4, 5, 6]
2030002#[0, 1, 2, 3, 4, 5, 6]
2300302#[0, 1, 2, 3, 4, 5, 6]
2202001#[0, 1, 3, 6]
3013021#[2, 5, 6]
2300311#[0, 5, 6]
2202004#[0, 1, 3]
2210200#[0, 1, 2, 4]
3013012#[2, 5, 6]
2210203#[0, 1, 2, 4]
2202010#[0, 1, 3, 5]
2202013#[0, 1, 3, 5]
3021202#[2, 3, 4, 6]
3103120#[1, 4, 5]
203203#[0, 1, 2, 3, 4, 5, 6]
203200#[0, 1, 2, 3, 4, 5, 6]
3013102#[2, 4, 6]
3103210#[1, 4, 5]
2030041#[0, 6]
2030032#[0, 1, 2, 3, 4, 5, 6]
3103201#[1, 4, 6]
203212#[1, 4, 5, 6]
3021310#[2, 3, 5]
2300401#[0, 6]
121300#[1, 2, 3]
2202100#[0, 1, 3, 4]
1432000#[0, 3]
203221#[1, 4, 5, 6]
121303#[1, 2, 3]
2202103#[0, 1, 3, 4]
2030023#[0, 1, 2, 3, 4, 5, 6]
2300410#[0, 5]
2030020#[0, 1, 2, 3, 4, 5, 6]
23002#[0, 1, 2, 3, 4, 5, 6]
3021301#[2, 3, 6]
203230#[0, 1, 2, 3, 4, 5, 6]
2210302#[0, 1, 2, 6]
31201#[3, 4, 6]
23011#[2, 5, 6]
31204#[3, 4]
23014#[2, 5]
31210#[3, 4, 5]
23020#[0, 1, 2, 3, 4, 5, 6]
31213#[3, 4, 5]
23023#[0, 1, 2, 3, 4, 5, 6]
121330#[1, 2, 3]
31222#[3, 4, 5, 6]
23032#[0, 1, 2, 3, 4, 5, 6]
31231#[3, 4, 6]
2030110#[0, 4, 5]
23041#[2, 6]
4201030#[1, 3]
2120230#[0, 1, 2, 4]
2030104#[0, 4]
31240#[3, 4]
2030101#[0, 4, 6]
1301023#[0, 3, 5]
1301020#[0, 3, 5]
1301002#[0, 3, 6]
2030140#[0, 4]
1342000#[0, 3]
203302#[0, 1, 2, 3, 4, 5, 6]
2120200#[0, 1, 2, 4]
2120203#[0, 1, 2, 4]
203311#[1, 5, 6]
3013120#[2, 4, 5]
2030131#[0, 4, 6]
2210320#[0, 1, 2, 5]
113200#[1, 2, 4]
113203#[1, 2, 4]
2202130#[0, 1, 3, 4]
2030122#[0, 4, 5, 6]
203320#[0, 1, 2, 3, 4, 5, 6]
1301032#[0, 3, 6]
23101#[2, 4, 6]
2030113#[0, 4, 5]
23104#[2, 4]
31300#[0, 1, 2, 3, 4, 5, 6]
23110#[2, 4, 5]
31303#[0, 1, 2, 3, 4, 5, 6]
23113#[2, 4, 5]
2202220#[0, 1, 3, 4, 5]
2120302#[0, 1, 2, 6]
113230#[1, 2, 4]
31312#[3, 5, 6]
23122#[2, 4, 5, 6]
31321#[3, 5, 6]
23131#[2, 4, 6]
31330#[0, 1, 2, 3, 4, 5, 6]
2022013#[0, 2, 3, 5]
23140#[2, 4]
2022010#[0, 2, 3, 5]
2030203#[0, 1, 2, 3, 4, 5, 6]
2030200#[0, 1, 2, 3, 4, 5, 6]
4201000#[1, 3]
2022004#[0, 2, 3]
4201003#[1, 3]
3103300#[0, 1, 2, 3, 4, 5, 6]
2022001#[0, 2, 3, 6]
3021400#[2, 3]
3013210#[2, 4, 5]
2202202#[0, 1, 3, 4, 6]
3013201#[2, 4, 6]
3300022#[0, 1, 2, 3, 4, 5, 6]
400003#[0, 2, 3, 4, 5, 6]
400000#[0, 2, 3, 4, 5, 6]
2022040#[0, 2, 3]
2030230#[0, 1, 2, 3, 4, 5, 6]
203401#[1, 6]
400012#[5, 6]
3300031#[0, 1, 2, 3, 4, 5, 6]
203410#[1, 5]
2022031#[0, 2, 3, 6]
3300001#[0, 1, 2, 3, 4, 5, 6]
2030221#[0, 4, 5, 6]
400021#[5, 6]
3300004#[0, 1, 2, 3, 4, 5]
113302#[1, 2, 6]
3300010#[0, 1, 2, 3, 4, 5, 6]
2022022#[0, 2, 3, 5, 6]
400030#[0, 2, 3, 4, 5, 6]
3013300#[0, 1, 2, 3, 4, 5, 6]
2030212#[0, 4, 5, 6]
2202301#[0, 1, 3, 6]
400024#[5]
3300013#[0, 1, 2, 3, 4, 5, 6]
2120320#[0, 1, 2, 5]
23200#[0, 1, 2, 3, 4, 5, 6]
23203#[0, 1, 2, 3, 4, 5, 6]
400033#[0, 2, 3, 4, 5, 6]
113320#[1, 2, 5]
31402#[3, 6]
23212#[2, 4, 5, 6]
400042#[6]
23221#[2, 4, 5, 6]
31420#[3, 5]
23230#[0, 1, 2, 3, 4, 5, 6]
2030302#[0, 1, 2, 3, 4, 5, 6]
1301203#[0, 3, 4]
1301200#[0, 3, 4]
2022103#[0, 2, 3, 4]
2022100#[0, 2, 3, 4]
2104000#[0, 1]
400102#[4, 6]
2104003#[0, 1]
2202310#[0, 1, 3, 5]
2022130#[0, 2, 3, 4]
2030320#[0, 1, 2, 3, 4, 5, 6]
310000#[0, 1, 2, 3, 4, 5, 6]
310003#[0, 1, 2, 3, 4, 5, 6]
310012#[2, 5, 6]
2030311#[0, 5, 6]
3300040#[0, 1, 2, 3, 4, 6]
400123#[4, 5]
1301230#[0, 3, 4]
2104030#[0, 1]
400120#[4, 5]
2202400#[0, 1, 3]
310021#[2, 5, 6]
400132#[4, 6]
23302#[0, 1, 2, 3, 4, 5, 6]
3210040#[1, 2]
310030#[0, 1, 2, 3, 4, 5, 6]
310024#[2, 5]
23311#[2, 5, 6]
3300130#[0, 1, 2, 3, 4, 5, 6]
4201300#[1, 3]
310033#[0, 1, 2, 3, 4, 5, 6]
3210022#[1, 2, 5, 6]
23320#[0, 1, 2, 3, 4, 5, 6]
4021030#[2, 3]
310042#[2, 6]
3210031#[1, 2, 6]
3210001#[1, 2, 6]
3300112#[4, 5, 6]
3210004#[1, 2]
2022202#[0, 2, 3, 4, 6]
1301302#[0, 3, 6]
3210010#[1, 2, 5]
1203001#[0, 1, 6]
3300121#[4, 5, 6]
3210013#[1, 2, 5]
2014003#[0, 2]
1203004#[0, 1]
2014000#[0, 2]
3300103#[0, 1, 2, 3, 4, 5, 6]
4021000#[2, 3]
3300100#[0, 1, 2, 3, 4, 5, 6]
4021003#[2, 3]
3300211#[4, 5, 6]
3210100#[1, 2, 4]
1203031#[0, 1, 6]
3210103#[1, 2, 4]
400204#[4]
3300220#[0, 1, 2, 3, 4, 5, 6]
400201#[4, 6]
1203010#[0, 1, 5]
2014030#[0, 2]
2022220#[0, 2, 3, 4, 5]
4103020#[1, 5]
310102#[2, 4, 6]
400213#[4, 5]
2030410#[0, 5]
400210#[4, 5]
1031002#[0, 3, 6]
1203013#[0, 1, 5]
3300202#[0, 1, 2, 3, 4, 5, 6]
400222#[4, 5, 6]
1301320#[0, 3, 5]
1203022#[0, 1, 5, 6]
2030401#[0, 6]
220003#[0, 1, 2, 3, 4, 5, 6]
1031023#[0, 3, 5]
400231#[4, 6]
220000#[0, 1, 2, 3, 4, 5, 6]
1031020#[0, 3, 5]
4103002#[1, 6]
2440000#[0]
23401#[2, 6]
310120#[2, 4, 5]
433000#[0, 2, 3, 4, 5, 6]
220012#[1, 2, 5, 6]
310123#[2, 4, 5]
310132#[2, 4, 6]
1203040#[0, 1]
23410#[2, 5]
220021#[1, 2, 5, 6]
400240#[4]
1031032#[0, 3, 6]
220024#[1, 2, 5]
220030#[0, 1, 2, 3, 4, 5, 6]
220033#[0, 1, 2, 3, 4, 5, 6]
2022301#[0, 2, 3, 6]
3120040#[1, 2]
220042#[1, 2, 6]
1203103#[0, 1, 4]
1203100#[0, 1, 4]
3210130#[1, 2, 4]
3120013#[1, 2, 5]
3120010#[1, 2, 5]
1203130#[0, 1, 4]
400303#[0, 2, 3, 4, 5, 6]
400300#[0, 2, 3, 4, 5, 6]
3120004#[1, 2]
3120001#[1, 2, 6]
3120031#[1, 2, 6]
302002#[0, 1, 2, 3, 4, 5, 6]
2022310#[0, 2, 3, 5]
310204#[2, 4]
3120022#[1, 2, 5, 6]
302014#[3, 5]
310201#[2, 4, 6]
400312#[5, 6]
302011#[3, 5, 6]
302020#[0, 1, 2, 3, 4, 5, 6]
310213#[2, 4, 5]
302023#[0, 1, 2, 3, 4, 5, 6]
220102#[1, 2, 4, 6]
310210#[2, 4, 5]
400321#[5, 6]
3120103#[1, 2, 4]
310222#[2, 4, 5, 6]
3120100#[1, 2, 4]
2104300#[0, 1]
400330#[0, 2, 3, 4, 5, 6]
130000#[0, 1, 2, 3, 4, 5, 6]
130003#[0, 1, 2, 3, 4, 5, 6]
3030013#[0, 1, 2, 3, 4, 5, 6]
310231#[2, 4, 6]
302032#[0, 1, 2, 3, 4, 5, 6]
3030010#[0, 1, 2, 3, 4, 5, 6]
3202021#[1, 3, 5, 6]
220123#[1, 2, 4, 5]
3030004#[0, 1, 2, 3, 4, 5]
220120#[1, 2, 4, 5]
3210220#[1, 2, 4, 5]
343000#[0, 1, 3, 4, 5, 6]
130012#[1, 5, 6]
302041#[3, 6]
3202030#[0, 1, 2, 3, 4, 5, 6]
3030001#[0, 1, 2, 3, 4, 5, 6]
3202000#[0, 1, 2, 3, 4, 5, 6]
4013020#[2, 5]
3202003#[0, 1, 2, 3, 4, 5, 6]
3300310#[0, 1, 2, 3, 4, 5, 6]
130021#[1, 5, 6]
310240#[2, 4]
220132#[1, 2, 4, 6]
130024#[1, 5]
3210202#[1, 2, 4, 6]
3202012#[1, 3, 5, 6]
130030#[0, 1, 2, 3, 4, 5, 6]
130033#[0, 1, 2, 3, 4, 5, 6]
4013002#[2, 6]
130042#[1, 6]
3300301#[0, 1, 2, 3, 4, 5, 6]
3300400#[0, 1, 2, 3, 5, 6]
3202102#[1, 3, 4, 6]
1203220#[0, 1, 4, 5]
4021300#[2, 3]
3210301#[1, 2, 6]
1203202#[0, 1, 4, 6]
302101#[3, 4, 6]
1023004#[0, 2]
400402#[6]
1023001#[0, 2, 6]
310300#[0, 1, 2, 3, 4, 5, 6]
302110#[3, 4, 5]
310303#[0, 1, 2, 3, 4, 5, 6]
302104#[3, 4]
4103200#[1, 4]
2022400#[0, 2, 3]
212002#[1, 2, 3, 6]
3030031#[0, 1, 2, 3, 4, 5, 6]
1023022#[0, 2, 5, 6]
400420#[5]
302113#[3, 4, 5]
3030022#[0, 1, 2, 3, 4, 5, 6]
220201#[1, 2, 4, 6]
1023013#[0, 2, 5]
1031203#[0, 3, 4]
310312#[2, 5, 6]
3120130#[1, 2, 4]
1023010#[0, 2, 5]
302122#[3, 4, 5, 6]
1031200#[0, 3, 4]
220204#[1, 2, 4]
1031230#[0, 3, 4]
220210#[1, 2, 4, 5]
212023#[1, 2, 3, 5]
310321#[2, 5, 6]
3030040#[0, 1, 2, 3, 4, 6]
220213#[1, 2, 4, 5]
212020#[1, 2, 3, 5]
302131#[3, 4, 6]
130102#[1, 4, 6]
302140#[3, 4]
1023031#[0, 2, 6]
220222#[1, 2, 4, 5, 6]
310330#[0, 1, 2, 3, 4, 5, 6]
40000#[0, 1, 3, 4, 5, 6]
2014300#[0, 2]
212032#[1, 2, 3, 6]
40003#[0, 1, 3, 4, 5, 6]
2301031#[0, 3, 6]
220231#[1, 2, 4, 6]
3030121#[4, 5, 6]
130120#[1, 4, 5]
130123#[1, 4, 5]
40012#[5, 6]
3030112#[4, 5, 6]
1023040#[0, 2]
2301040#[0, 3]
220240#[1, 2, 4]
130132#[1, 4, 6]
40021#[5, 6]
40024#[5]
3030130#[0, 1, 2, 3, 4, 5, 6]
40030#[0, 1, 3, 4, 5, 6]
40033#[0, 1, 3, 4, 5, 6]
3120202#[1, 2, 4, 6]
2301001#[0, 3, 6]
40042#[6]
3112003#[1, 2, 3]
3112000#[1, 2, 3]
2301004#[0, 3]
1023103#[0, 2, 4]
2301010#[0, 3, 5]
3112030#[1, 2, 3]
3120220#[1, 2, 4, 5]
1023100#[0, 2, 4]
2301013#[0, 3, 5]
3210310#[1, 2, 5]
1203301#[0, 1, 6]
3202120#[1, 3, 4, 5]
3030103#[0, 1, 2, 3, 4, 5, 6]
3030100#[0, 1, 2, 3, 4, 5, 6]
302200#[0, 1, 2, 3, 4, 5, 6]
1203310#[0, 1, 5]
2301022#[0, 3, 5, 6]
302203#[0, 1, 2, 3, 4, 5, 6]
302212#[3, 4, 5, 6]
3120301#[1, 2, 6]
310402#[2, 6]
1031302#[0, 3, 6]
302221#[3, 4, 5, 6]
220303#[0, 1, 2, 3, 4, 5, 6]
2301103#[0, 3, 4]
220300#[0, 1, 2, 3, 4, 5, 6]
2301100#[0, 3, 4]
3210400#[1, 2]
310420#[2, 5]
302230#[0, 1, 2, 3, 4, 5, 6]
3022012#[2, 3, 5, 6]
3202210#[1, 3, 4, 5]
122002#[1, 2, 3, 6]
3030202#[0, 1, 2, 3, 4, 5, 6]
1023130#[0, 2, 4]
1031320#[0, 3, 5]
130201#[1, 4, 6]
3120310#[1, 2, 5]
220312#[1, 2, 5, 6]
3022003#[0, 1, 2, 3, 4, 5, 6]
130204#[1, 4]
3022000#[0, 1, 2, 3, 4, 5, 6]
4300000#[1, 2, 3, 4, 5, 6]
4300003#[1, 2, 3, 4, 5, 6]
220321#[1, 2, 5, 6]
130210#[1, 4, 5]
130213#[1, 4, 5]
122020#[1, 2, 3, 5]
122023#[1, 2, 3, 5]
40102#[4, 6]
220330#[0, 1, 2, 3, 4, 5, 6]
3202201#[1, 3, 4, 6]
4013200#[2, 4]
4300012#[5, 6]
130222#[1, 4, 5, 6]
122032#[1, 2, 3, 6]
4300021#[5, 6]
130231#[1, 4, 6]
40120#[4, 5]
40123#[4, 5]
4300030#[1, 2, 3, 4, 5, 6]
130240#[1, 4]
1400020#[0, 5]
1400023#[0, 5]
40132#[4, 6]
3202300#[0, 1, 2, 3, 4, 5, 6]
1400002#[0, 6]
302302#[0, 1, 2, 3, 4, 5, 6]
1203400#[0, 1]
3022030#[0, 1, 2, 3, 4, 5, 6]
3030220#[0, 1, 2, 3, 4, 5, 6]
204001#[1, 6]
302311#[3, 5, 6]
204004#[1]
212203#[1, 2, 3, 4]
2301130#[0, 3, 4]
204010#[1, 5]
3022021#[2, 3, 5, 6]
212200#[1, 2, 3, 4]
1023202#[0, 2, 4, 6]
3030211#[4, 5, 6]
204013#[1, 5]
220402#[1, 2, 6]
302320#[0, 1, 2, 3, 4, 5, 6]
204022#[1, 5, 6]
1400032#[0, 6]
1023220#[0, 2, 4, 5]
204031#[1, 6]
130300#[0, 1, 2, 3, 4, 5, 6]
130303#[0, 1, 2, 3, 4, 5, 6]
32002#[0, 1, 2, 3, 4, 5, 6]
212230#[1, 2, 3, 4]
3022120#[2, 3, 4, 5]
2301220#[0, 3, 4, 5]
220420#[1, 2, 5]
4300102#[4, 6]
3030310#[0, 1, 2, 3, 4, 5, 6]
130312#[1, 5, 6]
40201#[4, 6]
32011#[3, 5, 6]
204040#[1]
40204#[4]
32014#[3, 5]
4210000#[1, 2]
130321#[1, 5, 6]
40210#[4, 5]
4210003#[1, 2]
32020#[0, 1, 2, 3, 4, 5, 6]
40213#[4, 5]
32023#[0, 1, 2, 3, 4, 5, 6]
4300120#[4, 5]
130330#[0, 1, 2, 3, 4, 5, 6]
40222#[4, 5, 6]
32032#[0, 1, 2, 3, 4, 5, 6]
1310002#[0, 2, 6]
40231#[4, 6]
32041#[3, 6]
3104002#[1, 6]
4210030#[1, 2]
40240#[4]
2301202#[0, 3, 4, 6]
3030301#[0, 1, 2, 3, 4, 5, 6]
3022102#[2, 3, 4, 6]
3104020#[1, 5]
3120400#[1, 2]
1023310#[0, 2, 5]
3112300#[1, 2, 3]
1310032#[0, 2, 6]
204103#[1, 4]
302401#[3, 6]
204100#[1, 4]
1023301#[0, 2, 6]
212302#[1, 2, 3, 6]
302410#[3, 5]
1310023#[0, 2, 5]
2301301#[0, 3, 6]
3022201#[2, 3, 4, 6]
1310020#[0, 2, 5]
2203000#[0, 1, 2, 3, 4, 5, 6]
122200#[1, 2, 3, 4]
2203003#[0, 1, 2, 3, 4, 5, 6]
122203#[1, 2, 3, 4]
2301310#[0, 3, 5]
3014002#[2, 6]
204130#[1, 4]
212320#[1, 2, 3, 5]
130402#[1, 6]
32101#[3, 4, 6]
32104#[3, 4]
40300#[0, 1, 3, 4, 5, 6]
32110#[3, 4, 5]
40303#[0, 1, 3, 4, 5, 6]
32113#[3, 4, 5]
130420#[1, 5]
122230#[1, 2, 3, 4]
40312#[5, 6]
32122#[3, 4, 5, 6]
40321#[5, 6]
2031004#[0, 3]
32131#[3, 4, 6]
2031001#[0, 3, 6]
40330#[0, 1, 3, 4, 5, 6]
32140#[3, 4]
1400200#[0, 4]
1400203#[0, 4]
2203012#[0, 1, 5, 6]
1220023#[0, 1, 2, 5]
1220020#[0, 1, 2, 5]
1023400#[0, 2]
2031031#[0, 3, 6]
204202#[1, 4, 6]
3014020#[2, 5]
3022210#[2, 3, 4, 5]
2203021#[0, 1, 5, 6]
3030400#[0, 1, 2, 3, 5, 6]
2031022#[0, 3, 5, 6]
1220002#[0, 1, 2, 6]
1400230#[0, 4]
2203030#[0, 1, 2, 3, 4, 5, 6]
2031013#[0, 3, 5]
2031010#[0, 3, 5]
122302#[1, 2, 3, 6]
204220#[1, 4, 5]
24001#[2, 6]
24004#[2]
32200#[0, 1, 2, 3, 4, 5, 6]
2113000#[0, 1, 2]
24010#[2, 5]
32203#[0, 1, 2, 3, 4, 5, 6]
2113003#[0, 1, 2]
24013#[2, 5]
2203120#[0, 1, 4, 5]
122320#[1, 2, 3, 5]
1220032#[0, 1, 2, 6]
40402#[6]
32212#[3, 4, 5, 6]
24022#[2, 5, 6]
32221#[3, 4, 5, 6]
2031040#[0, 3]
24031#[2, 6]
4120030#[1, 2]
2031103#[0, 3, 4]
1302001#[0, 3, 6]
2031100#[0, 3, 4]
40420#[5]
32230#[0, 1, 2, 3, 4, 5, 6]
1302004#[0, 3]
3104200#[1, 4]
1310203#[0, 2, 4]
24040#[2]
4300201#[4, 6]
1302010#[0, 3, 5]
1310200#[0, 2, 4]
1302013#[0, 3, 5]
3022300#[0, 1, 2, 3, 4, 5, 6]
4300210#[4, 5]
1400302#[0, 6]
2301400#[0, 3]
4120003#[1, 2]
4120000#[1, 2]
2203102#[0, 1, 4, 6]
4030012#[5, 6]
1130002#[0, 1, 6]
2031130#[0, 3, 4]
1310230#[0, 2, 4]
1302040#[0, 3]
4030000#[1, 2, 3, 4, 5, 6]
4030003#[1, 2, 3, 4, 5, 6]
204301#[1, 6]
1400320#[0, 5]
1302022#[0, 3, 5, 6]
204310#[1, 5]
3014200#[2, 4]
1302031#[0, 3, 6]
1130032#[0, 1, 6]
24100#[2, 4]
2113030#[0, 1, 2]
24103#[2, 4]
32302#[0, 1, 2, 3, 4, 5, 6]
1130020#[0, 1, 5]
1130023#[0, 1, 5]
32311#[3, 5, 6]
4210300#[1, 2]
32320#[0, 1, 2, 3, 4, 5, 6]
24130#[2, 4]
1302103#[0, 3, 4]
2023003#[0, 1, 2, 3, 4, 5, 6]
2023000#[0, 1, 2, 3, 4, 5, 6]
1302100#[0, 3, 4]
1310302#[0, 2, 6]
4300300#[1, 2, 3, 4, 5, 6]
4202002#[1, 3, 6]
2203201#[0, 1, 4, 6]
1302130#[0, 3, 4]
1310320#[0, 2, 5]
4202020#[1, 3, 5]
2023030#[0, 1, 2, 3, 4, 5, 6]
2031220#[0, 3, 4, 5]
2203210#[0, 1, 4, 5]
401002#[3, 6]
2023021#[0, 2, 5, 6]
4030030#[1, 2, 3, 4, 5, 6]
204400#[1]
4030021#[5, 6]
1220203#[0, 1, 2, 4]
401023#[3, 5]
1220200#[0, 1, 2, 4]
2023012#[0, 2, 5, 6]
401020#[3, 5]
2031202#[0, 3, 4, 6]
2203300#[0, 1, 2, 3, 4, 5, 6]
24202#[2, 4, 6]
1040002#[0, 6]
401032#[3, 6]
32401#[3, 6]
3301030#[0, 1, 2, 3, 4, 5, 6]
1220230#[0, 1, 2, 4]
4030120#[4, 5]
442000#[3]
1040023#[0, 5]
4202200#[1, 3, 4]
32410#[3, 5]
1040020#[0, 5]
24220#[2, 4, 5]
2023102#[0, 2, 4, 6]
3301012#[3, 5, 6]
1302202#[0, 3, 4, 6]
4030102#[4, 6]
1040032#[0, 6]
3301021#[3, 5, 6]
3301003#[0, 1, 2, 3, 4, 5, 6]
3301000#[0, 1, 2, 3, 4, 5, 6]
4030201#[4, 6]
3211000#[1, 2, 3]
1130200#[0, 1, 4]
1130203#[0, 1, 4]
3211003#[1, 2, 3]
2023120#[0, 2, 4, 5]
4022002#[2, 3, 6]
2031310#[0, 3, 5]
4120300#[1, 2]
2031301#[0, 3, 6]
1220302#[0, 1, 2, 6]
3301102#[3, 4, 6]
311002#[2, 3, 6]
1302220#[0, 3, 4, 5]
1130230#[0, 1, 4]
311020#[2, 3, 5]
311023#[2, 3, 5]
24301#[2, 6]
1220320#[0, 1, 2, 5]
24310#[2, 5]
311032#[2, 3, 6]
2400040#[0]
1302301#[0, 3, 6]
2400004#[0]
2400001#[0, 6]
3211030#[1, 2, 3]
2400013#[0, 5]
1204030#[0, 1]
2400010#[0, 5]
1130302#[0, 1, 6]
1204003#[0, 1]
1204000#[0, 1]
2400022#[0, 5, 6]
3301120#[3, 4, 5]
2023210#[0, 2, 4, 5]
2113300#[0, 1, 2]
1302310#[0, 3, 5]
401203#[3, 4]
2031400#[0, 3]
401200#[3, 4]
4022020#[2, 3, 5]
2400031#[0, 6]
2023201#[0, 2, 4, 6]
4030210#[4, 5]
2400100#[0, 4]
1130320#[0, 1, 5]
1032013#[0, 3, 5]
2400103#[0, 4]
1040203#[0, 4]
3121003#[1, 2, 3]
1032010#[0, 3, 5]
1040200#[0, 4]
3121000#[1, 2, 3]
401230#[3, 4]
221002#[1, 2, 3, 6]
1032004#[0, 3]
1032001#[0, 3, 6]
1032031#[0, 3, 6]
24400#[2]
2310001#[0, 2, 6]
2310004#[0, 2]
2310010#[0, 2, 5]
1032022#[0, 3, 5, 6]
221023#[1, 2, 3, 5]
2310013#[0, 2, 5]
221020#[1, 2, 3, 5]
4030300#[1, 2, 3, 4, 5, 6]
3301201#[3, 4, 6]
1032040#[0, 3]
3301210#[3, 4, 5]
1040230#[0, 4]
221032#[1, 2, 3, 6]
4022200#[2, 3, 4]
3301300#[0, 1, 2, 3, 4, 5, 6]
3203002#[0, 1, 2, 3, 4, 5, 6]
401302#[3, 6]
1302400#[0, 3]
303004#[0, 1, 2, 3, 4, 5]
2023300#[0, 1, 2, 3, 4, 5, 6]
303001#[0, 1, 2, 3, 4, 5, 6]
303013#[0, 1, 2, 3, 4, 5, 6]
1040302#[0, 6]
311200#[2, 3, 4]
2310022#[0, 2, 5, 6]
303010#[0, 1, 2, 3, 4, 5, 6]
2400130#[0, 4]
311203#[2, 3, 4]
1032103#[0, 3, 4]
3121030#[1, 2, 3]
303022#[0, 1, 2, 3, 4, 5, 6]
1032100#[0, 3, 4]
2310031#[0, 2, 6]
401320#[3, 5]
303031#[0, 1, 2, 3, 4, 5, 6]
311230#[2, 3, 4]
2310040#[0, 2]
131002#[1, 3, 6]
2220001#[0, 1, 2, 6]
3031021#[3, 5, 6]
303040#[0, 1, 2, 3, 4, 6]
2220004#[0, 1, 2]
3031012#[3, 5, 6]
2220010#[0, 1, 2, 5]
2220013#[0, 1, 2, 5]
1032130#[0, 3, 4]
131020#[1, 3, 5]
131023#[1, 3, 5]
1040320#[0, 5]
2310130#[0, 2, 4]
2220022#[0, 1, 2, 5, 6]
3031030#[0, 1, 2, 3, 4, 5, 6]
131032#[1, 3, 6]
2220031#[0, 1, 2, 6]
2400202#[0, 4, 6]
3203011#[1, 5, 6]
2310103#[0, 2, 4]
3031003#[0, 1, 2, 3, 4, 5, 6]
3031000#[0, 1, 2, 3, 4, 5, 6]
2310100#[0, 2, 4]
303100#[0, 1, 2, 3, 4, 5, 6]
2400220#[0, 4, 5]
303103#[0, 1, 2, 3, 4, 5, 6]
3203020#[0, 1, 2, 3, 4, 5, 6]
