0#[0, 1, 2, 3, 4, 5, 6]
3#[0, 1, 2, 3, 4, 5, 6]
4101#[4, 6]
213000#[0, 1, 2, 3, 4, 5, 6]
12#[0, 1, 2, 3, 4, 5, 6]
12300#[0, 1, 2, 3, 4, 5, 6]
4110#[4, 5]
21#[0, 1, 2, 3, 4, 5, 6]
24#[0, 1, 2, 3, 4, 5]
30#[0, 1, 2, 3, 4, 5, 6]
131100#[1, 3, 4]
1110030#[0, 1, 2]
33#[0, 1, 2, 3, 4, 5, 6]
4010010#[2, 5]
2003001#[0, 1, 2, 3, 4, 5, 6]
301101#[3, 4, 6]
41001#[3, 6]
42#[0, 1, 2, 3, 4, 6]
4010001#[2, 6]
100401#[1, 6]
41010#[3, 5]
301110#[3, 4, 5]
2100#[0, 1, 2, 3, 4, 5, 6]
1022010#[0, 2, 3, 5]
1030200#[0, 1, 2, 3, 4, 5, 6]
2103#[0, 1, 2, 3, 4, 5, 6]
211002#[1, 2, 3, 6]
4100100#[1, 4]
100410#[1, 5]
1022001#[0, 2, 3, 6]
10302#[0, 1, 2, 3, 4, 5, 6]
2112#[3, 4, 5, 6]
1200210#[0, 1, 4, 5]
2300001#[0, 1, 2, 3, 4, 5, 6]
10311#[2, 5, 6]
2300010#[0, 1, 2, 3, 4, 5, 6]
2121#[3, 4, 5, 6]
4010100#[2, 4]
211020#[1, 2, 3, 5]
10320#[0, 1, 2, 3, 4, 5, 6]
2130#[0, 1, 2, 3, 4, 5, 6]
1200201#[0, 1, 4, 6]
2003010#[0, 1, 2, 3, 4, 5, 6]
2011200#[0, 2, 3, 4]
2001021#[0, 3, 5, 6]
1020012#[0, 2, 5, 6]
102#[0, 1, 2, 3, 4, 5, 6]
4200#[0, 1, 2, 4, 5, 6]
2001012#[0, 3, 5, 6]
1020003#[0, 1, 2, 3, 4, 5, 6]
1020000#[0, 1, 2, 3, 4, 5, 6]
111#[4, 5, 6]
2130000#[0, 1, 2, 3, 4, 5, 6]
1020030#[0, 1, 2, 3, 4, 5, 6]
114#[4, 5]
2001003#[0, 1, 2, 3, 4, 5, 6]
2001000#[0, 1, 2, 3, 4, 5, 6]
3111000#[1, 2, 3]
120#[0, 1, 2, 3, 4, 5, 6]
123000#[0, 1, 2, 3, 4, 5, 6]
1020021#[0, 2, 5, 6]
123#[0, 1, 2, 3, 4, 5, 6]
2003100#[0, 1, 2, 3, 4, 5, 6]
132#[0, 1, 2, 3, 4, 5, 6]
41100#[3, 4]
141#[4, 6]
1104000#[0, 1]
301200#[0, 1, 2, 3, 4, 5, 6]
2001030#[0, 1, 2, 3, 4, 5, 6]
2202#[0, 1, 2, 3, 4, 5, 6]
1022100#[0, 2, 3, 4]
10401#[2, 6]
1102002#[0, 1, 3, 6]
2211#[3, 4, 5, 6]
420000#[0, 2, 3, 4, 5, 6]
10410#[2, 5]
121002#[1, 2, 3, 6]
2220#[0, 1, 2, 3, 4, 5, 6]
121020#[1, 2, 3, 5]
1401000#[0, 3]
1200300#[0, 1, 2, 3, 4, 5, 6]
1020102#[0, 2, 4, 6]
201#[0, 1, 2, 3, 4, 5, 6]
204#[0, 1, 2, 3, 4, 5]
2001102#[0, 3, 4, 6]
210#[0, 1, 2, 3, 4, 5, 6]
1102020#[0, 1, 3, 5]
213#[0, 1, 2, 3, 4, 5, 6]
1020120#[0, 2, 4, 5]
222#[0, 1, 2, 3, 4, 5, 6]
2040000#[0, 1, 3, 4, 5, 6]
1100022#[0, 1, 5, 6]
3021000#[0, 1, 2, 3, 4, 5, 6]
2300100#[0, 1, 2, 3, 4, 5, 6]
231#[0, 1, 2, 3, 4, 5, 6]
33000#[0, 1, 2, 3, 4, 5, 6]
4002000#[1, 2, 3, 4, 5, 6]
1100031#[0, 1, 6]
240#[0, 1, 2, 3, 4, 6]
2210001#[0, 1, 2, 6]
1100001#[0, 1, 6]
1100004#[0, 1]
203001#[0, 1, 2, 3, 4, 5, 6]
1100010#[0, 1, 5]
2210010#[0, 1, 2, 5]
2301#[0, 1, 2, 3, 4, 5, 6]
1100013#[0, 1, 5]
2001120#[0, 3, 4, 5]
1014000#[0, 2]
203010#[0, 1, 2, 3, 4, 5, 6]
211200#[1, 2, 3, 4]
2310#[0, 1, 2, 3, 4, 5, 6]
1311000#[0, 2, 3]
1110300#[0, 1, 2]
330000#[0, 1, 2, 3, 4, 5, 6]
2210100#[0, 1, 2, 4]
1100040#[0, 1]
31002#[0, 1, 2, 3, 4, 5, 6]
31011#[3, 5, 6]
2001210#[0, 3, 4, 5]
1020201#[0, 2, 4, 6]
201003#[0, 1, 2, 3, 4, 5, 6]
4000020#[1, 2, 3, 4, 5, 6]
201000#[0, 1, 2, 3, 4, 5, 6]
300#[0, 1, 2, 3, 4, 5, 6]
31020#[0, 1, 2, 3, 4, 5, 6]
1012002#[0, 2, 3, 6]
303#[0, 1, 2, 3, 4, 5, 6]
2001201#[0, 3, 4, 6]
4000011#[5, 6]
201012#[1, 3, 5, 6]
312#[0, 1, 2, 3, 4, 5, 6]
1012020#[0, 2, 3, 5]
1020210#[0, 2, 4, 5]
201021#[1, 3, 5, 6]
4000002#[1, 2, 3, 4, 5, 6]
321#[0, 1, 2, 3, 4, 5, 6]
201030#[0, 1, 2, 3, 4, 5, 6]
330#[0, 1, 2, 3, 4, 5, 6]
1010013#[0, 2, 5]
4000110#[4, 5]
1100100#[0, 1, 4]
1010010#[0, 2, 5]
1100103#[0, 1, 4]
4000101#[4, 6]
1010004#[0, 2]
1010001#[0, 2, 6]
203100#[0, 1, 2, 3, 4, 5, 6]
2400#[0, 1, 2, 3, 5, 6]
1010031#[0, 2, 6]
2120001#[0, 1, 2, 6]
3101001#[1, 3, 6]
1102200#[0, 1, 3, 4]
113001#[1, 2, 6]
1010022#[0, 2, 5, 6]
2120010#[0, 1, 2, 5]
121200#[1, 2, 3, 4]
1100130#[0, 1, 4]
113010#[1, 2, 5]
1010040#[0, 2]
3101010#[1, 3, 5]
31101#[3, 4, 6]
240000#[0, 1, 3, 4, 5, 6]
1020300#[0, 1, 2, 3, 4, 5, 6]
3101100#[1, 3, 4]
2120100#[0, 1, 2, 4]
31110#[3, 4, 5]
2001300#[0, 1, 2, 3, 4, 5, 6]
201102#[1, 3, 4, 6]
402#[0, 1, 2, 3, 5, 6]
3011001#[2, 3, 6]
410001#[2, 6]
111000#[1, 2, 3]
111003#[1, 2, 3]
1221000#[0, 1, 2, 3]
411#[5, 6]
410010#[2, 5]
201120#[1, 3, 4, 5]
420#[0, 1, 2, 3, 5, 6]
2030010#[0, 1, 2, 3, 4, 5, 6]
1100220#[0, 1, 4, 5]
2030001#[0, 1, 2, 3, 4, 5, 6]
2202000#[0, 1, 2, 3, 4, 5, 6]
111030#[1, 2, 3]
1010103#[0, 2, 4]
1100202#[0, 1, 4, 6]
1010100#[0, 2, 4]
113100#[1, 2, 4]
23001#[0, 1, 2, 3, 4, 5, 6]
1010130#[0, 2, 4]
31200#[0, 1, 2, 3, 4, 5, 6]
23010#[0, 1, 2, 3, 4, 5, 6]
2200002#[0, 1, 2, 3, 4, 5, 6]
1004010#[0, 5]
1012200#[0, 2, 3, 4]
1131000#[0, 1, 3]
2200011#[0, 1, 5, 6]
1004001#[0, 6]
3011010#[2, 3, 5]
201201#[1, 3, 4, 6]
410100#[2, 4]
4000200#[1, 2, 3, 4, 5, 6]
2200020#[0, 1, 2, 3, 4, 5, 6]
201210#[1, 3, 4, 5]
1301010#[0, 3, 5]
2200101#[0, 1, 4, 6]
320001#[0, 1, 2, 3, 4, 5, 6]
1100310#[0, 1, 5]
21000#[0, 1, 2, 3, 4, 5, 6]
2030100#[0, 1, 2, 3, 4, 5, 6]
21003#[0, 1, 2, 3, 4, 5, 6]
320010#[0, 1, 2, 3, 4, 5, 6]
2200110#[0, 1, 4, 5]
2110002#[0, 1, 2, 6]
1002012#[0, 3, 5, 6]
21012#[2, 3, 5, 6]
1010202#[0, 2, 4, 6]
1301001#[0, 3, 6]
1002003#[0, 1, 2, 3, 4, 5, 6]
1100301#[0, 1, 6]
21021#[2, 3, 5, 6]
1002000#[0, 1, 2, 3, 4, 5, 6]
2112000#[0, 1, 2, 3]
1002030#[0, 1, 2, 3, 4, 5, 6]
1010220#[0, 2, 4, 5]
21030#[0, 1, 2, 3, 4, 5, 6]
1002021#[0, 3, 5, 6]
3011100#[2, 3, 4]
23100#[0, 1, 2, 3, 4, 5, 6]
1000014#[0, 5]
1000011#[0, 5, 6]
1004100#[0, 4]
1000002#[0, 1, 2, 3, 4, 5, 6]
3003000#[0, 1, 2, 3, 4, 5, 6]
402000#[0, 2, 3, 4, 5, 6]
201300#[0, 1, 2, 3, 4, 5, 6]
1000023#[0, 1, 2, 3, 4, 5, 6]
1000020#[0, 1, 2, 3, 4, 5, 6]
103002#[0, 1, 2, 3, 4, 5, 6]
1100400#[0, 1]
320100#[0, 1, 2, 3, 4, 5, 6]
103011#[1, 5, 6]
2110020#[0, 1, 2, 5]
1000041#[0, 6]
1041000#[0, 3]
103020#[0, 1, 2, 3, 4, 5, 6]
2022000#[0, 1, 2, 3, 4, 5, 6]
21102#[2, 3, 4, 6]
1000032#[0, 1, 2, 3, 4, 5, 6]
230001#[0, 1, 2, 3, 4, 5, 6]
1010301#[0, 2, 6]
230010#[0, 1, 2, 3, 4, 5, 6]
1002102#[0, 3, 4, 6]
1301100#[0, 3, 4]
21120#[2, 3, 4, 5]
400002#[0, 2, 3, 4, 5, 6]
3001002#[0, 1, 2, 3, 4, 5, 6]
1002120#[0, 3, 4, 5]
101001#[1, 3, 6]
1010310#[0, 2, 5]
101004#[1, 3]
400011#[5, 6]
3001020#[0, 1, 2, 3, 4, 5, 6]
3300000#[0, 1, 2, 3, 4, 5, 6]
400020#[0, 2, 3, 4, 5, 6]
101010#[1, 3, 5]
101013#[1, 3, 5]
3001011#[3, 5, 6]
101022#[1, 3, 5, 6]
1000110#[0, 4, 5]
101031#[1, 3, 6]
1000104#[0, 4]
2200200#[0, 1, 2, 3, 4, 5, 6]
2020020#[0, 1, 2, 3, 4, 5, 6]
1000101#[0, 4, 6]
101040#[1, 3]
2020011#[0, 2, 5, 6]
1000122#[0, 4, 5, 6]
103101#[1, 4, 6]
2020002#[0, 1, 2, 3, 4, 5, 6]
1000113#[0, 4, 5]
1000140#[0, 4]
312000#[0, 1, 2, 3, 4, 5, 6]
111300#[1, 2, 3]
103110#[1, 4, 5]
13002#[0, 1, 2, 3, 4, 5, 6]
1000131#[0, 4, 6]
2102001#[0, 1, 3, 6]
21201#[2, 3, 4, 6]
13011#[2, 5, 6]
1002201#[0, 3, 4, 6]
230100#[0, 1, 2, 3, 4, 5, 6]
2110200#[0, 1, 2, 4]
2102010#[0, 1, 3, 5]
21210#[2, 3, 4, 5]
13020#[0, 1, 2, 3, 4, 5, 6]
140001#[1, 6]
400101#[4, 6]
140010#[1, 5]
400110#[4, 5]
101100#[1, 3, 4]
1002210#[0, 3, 4, 5]
101103#[1, 3, 4]
1010400#[0, 2]
310002#[0, 1, 2, 3, 4, 5, 6]
11001#[2, 3, 6]
11004#[2, 3]
310011#[2, 5, 6]
310020#[0, 1, 2, 3, 4, 5, 6]
2100000#[0, 1, 2, 3, 4, 5, 6]
11010#[2, 3, 5]
2100003#[0, 1, 2, 3, 4, 5, 6]
1000203#[0, 1, 2, 3, 4, 5, 6]
11013#[2, 3, 5]
1000200#[0, 1, 2, 3, 4, 5, 6]
101130#[1, 3, 4]
2100012#[0, 1, 5, 6]
11022#[2, 3, 5, 6]
2020110#[0, 2, 4, 5]
1000221#[0, 4, 5, 6]
2100021#[0, 1, 5, 6]
11031#[2, 3, 6]
2020101#[0, 2, 4, 6]
1000212#[0, 4, 5, 6]
2100030#[0, 1, 2, 3, 4, 5, 6]
3210000#[0, 1, 2, 3, 4, 5, 6]
11040#[2, 3]
3001101#[3, 4, 6]
103200#[0, 1, 2, 3, 4, 5, 6]
1000230#[0, 1, 2, 3, 4, 5, 6]
1203000#[0, 1, 2, 3, 4, 5, 6]
13101#[2, 4, 6]
1002300#[0, 1, 2, 3, 4, 5, 6]
222000#[0, 1, 2, 3, 4, 5, 6]
21300#[0, 1, 2, 3, 4, 5, 6]
13110#[2, 4, 5]
3001110#[3, 4, 5]
140100#[1, 4]
400200#[0, 2, 3, 4, 5, 6]
310101#[2, 4, 6]
101202#[1, 3, 4, 6]
1031001#[0, 3, 6]
310110#[2, 4, 5]
11100#[2, 3, 4]
3001200#[0, 1, 2, 3, 4, 5, 6]
11103#[2, 3, 4]
220002#[0, 1, 2, 3, 4, 5, 6]
1000302#[0, 1, 2, 3, 4, 5, 6]
101220#[1, 3, 4, 5]
220011#[1, 2, 5, 6]
1031010#[0, 3, 5]
1201020#[0, 1, 3, 5]
2102100#[0, 1, 3, 4]
2012010#[0, 2, 3, 5]
2020200#[0, 1, 2, 3, 4, 5, 6]
220020#[0, 1, 2, 3, 4, 5, 6]
1201002#[0, 1, 3, 6]
1000311#[0, 5, 6]
11130#[2, 3, 4]
2012001#[0, 2, 3, 6]
2010012#[0, 2, 5, 6]
2010003#[0, 1, 2, 3, 4, 5, 6]
2010000#[0, 1, 2, 3, 4, 5, 6]
1000320#[0, 1, 2, 3, 4, 5, 6]
13200#[0, 1, 2, 3, 4, 5, 6]
132000#[0, 1, 2, 3, 4, 5, 6]
2100102#[0, 1, 4, 6]
3120000#[0, 1, 2, 3, 4, 5, 6]
2010030#[0, 1, 2, 3, 4, 5, 6]
1031100#[0, 3, 4]
101301#[1, 3, 6]
302001#[0, 1, 2, 3, 4, 5, 6]
4101000#[1, 3]
2100120#[0, 1, 4, 5]
3000#[0, 1, 2, 3, 4, 5, 6]
1113000#[0, 1, 2]
3003#[0, 1, 2, 3, 4, 5, 6]
2010021#[0, 2, 5, 6]
310200#[0, 1, 2, 3, 4, 5, 6]
302010#[0, 1, 2, 3, 4, 5, 6]
101310#[1, 3, 5]
11202#[2, 3, 4, 6]
3012#[0, 1, 2, 3, 4, 5, 6]
1410000#[0, 2]
4011000#[2, 3]
220101#[1, 2, 4, 6]
2100201#[0, 1, 4, 6]
220110#[1, 2, 4, 5]
3021#[0, 1, 2, 3, 4, 5, 6]
2100210#[0, 1, 4, 5]
130002#[0, 1, 2, 3, 4, 5, 6]
11220#[2, 3, 4, 5]
1000410#[0, 5]
3030#[0, 1, 2, 3, 4, 5, 6]
130011#[1, 5, 6]
2012100#[0, 2, 3, 4]
3030000#[0, 1, 2, 3, 4, 5, 6]
1000401#[0, 6]
300000#[0, 1, 2, 3, 4, 5, 6]
130020#[0, 1, 2, 3, 4, 5, 6]
300003#[0, 1, 2, 3, 4, 5, 6]
300012#[0, 1, 2, 3, 4, 5, 6]
2010102#[0, 2, 4, 6]
1002#[0, 1, 2, 3, 4, 5, 6]
300021#[0, 1, 2, 3, 4, 5, 6]
1011#[3, 5, 6]
1014#[3, 5]
300030#[0, 1, 2, 3, 4, 5, 6]
1020#[0, 1, 2, 3, 4, 5, 6]
1023#[0, 1, 2, 3, 4, 5, 6]
1032#[0, 1, 2, 3, 4, 5, 6]
302100#[0, 1, 2, 3, 4, 5, 6]
42000#[0, 1, 3, 4, 5, 6]
1041#[3, 6]
2010120#[0, 2, 4, 5]
1023000#[0, 1, 2, 3, 4, 5, 6]
101400#[1, 3]
3102#[0, 1, 2, 3, 4, 5, 6]
1201200#[0, 1, 3, 4]
212001#[1, 2, 3, 6]
11301#[2, 3, 6]
3111#[4, 5, 6]
212010#[1, 2, 3, 5]
220200#[0, 1, 2, 3, 4, 5, 6]
11310#[2, 3, 5]
3120#[0, 1, 2, 3, 4, 5, 6]
3200001#[0, 1, 2, 3, 4, 5, 6]
130101#[1, 4, 6]
3200010#[0, 1, 2, 3, 4, 5, 6]
2004000#[0, 1, 2, 4, 5, 6]
130110#[1, 4, 5]
300102#[0, 1, 2, 3, 4, 5, 6]
40002#[0, 1, 3, 4, 5, 6]
1021002#[0, 2, 3, 6]
2002011#[0, 3, 5, 6]
2010201#[0, 2, 4, 6]
40011#[5, 6]
300111#[4, 5, 6]
2002002#[0, 1, 2, 3, 4, 5, 6]
1101#[3, 4, 6]
210003#[0, 1, 2, 3, 4, 5, 6]
1104#[3, 4]
210000#[0, 1, 2, 3, 4, 5, 6]
1021020#[0, 2, 3, 5]
1320000#[0, 1, 2, 3, 4, 5, 6]
40020#[0, 1, 3, 4, 5, 6]
3200100#[0, 1, 2, 3, 4, 5, 6]
3110010#[1, 2, 5]
1110#[3, 4, 5]
1113#[3, 4, 5]
300120#[0, 1, 2, 3, 4, 5, 6]
3110001#[1, 2, 6]
210012#[1, 2, 5, 6]
1122#[3, 4, 5, 6]
210021#[1, 2, 5, 6]
2301000#[0, 1, 2, 3, 4, 5, 6]
1131#[3, 4, 6]
2100300#[0, 1, 2, 3, 4, 5, 6]
210030#[0, 1, 2, 3, 4, 5, 6]
1140#[3, 4]
2002020#[0, 1, 2, 3, 4, 5, 6]
2010210#[0, 2, 4, 5]
3201#[0, 1, 2, 3, 4, 5, 6]
2000031#[0, 1, 2, 3, 4, 5, 6]
212100#[1, 2, 3, 4]
2000022#[0, 1, 2, 3, 4, 5, 6]
11400#[2, 3]
1103001#[0, 1, 6]
3210#[0, 1, 2, 3, 4, 5, 6]
122001#[1, 2, 3, 6]
2000013#[0, 1, 2, 3, 4, 5, 6]
2000010#[0, 1, 2, 3, 4, 5, 6]
2211000#[0, 1, 2, 3]
130200#[0, 1, 2, 3, 4, 5, 6]
2000004#[0, 1, 2, 3, 4, 5]
122010#[1, 2, 3, 5]
2000001#[0, 1, 2, 3, 4, 5, 6]
2002110#[0, 3, 4, 5]
1230000#[0, 1, 2, 3, 4, 5, 6]
2010300#[0, 1, 2, 3, 4, 5, 6]
40101#[4, 6]
2002101#[0, 3, 4, 6]
300201#[0, 1, 2, 3, 4, 5, 6]
40110#[4, 5]
1200#[0, 1, 2, 3, 4, 5, 6]
1103010#[0, 1, 5]
1203#[0, 1, 2, 3, 4, 5, 6]
210102#[1, 2, 4, 6]
2000040#[0, 1, 2, 3, 4, 6]
300210#[0, 1, 2, 3, 4, 5, 6]
1212#[3, 4, 5, 6]
120000#[0, 1, 2, 3, 4, 5, 6]
120003#[0, 1, 2, 3, 4, 5, 6]
3020010#[0, 1, 2, 3, 4, 5, 6]
1221#[3, 4, 5, 6]
210120#[1, 2, 4, 5]
120012#[1, 2, 5, 6]
1230#[0, 1, 2, 3, 4, 5, 6]
4001010#[3, 5]
3020001#[0, 1, 2, 3, 4, 5, 6]
4001001#[3, 6]
120021#[1, 2, 5, 6]
1400001#[0, 6]
1101000#[0, 1, 3]
1101003#[0, 1, 3]
120030#[0, 1, 2, 3, 4, 5, 6]
1400010#[0, 5]
204000#[0, 1, 2, 4, 5, 6]
3300#[0, 1, 2, 3, 4, 5, 6]
2000121#[0, 4, 5, 6]
1103100#[0, 1, 4]
2000112#[0, 4, 5, 6]
122100#[1, 2, 3, 4]
1101030#[0, 1, 3]
2000103#[0, 1, 2, 3, 4, 5, 6]
2000100#[0, 1, 2, 3, 4, 5, 6]
3110100#[1, 2, 4]
32001#[0, 1, 2, 3, 4, 5, 6]
2002200#[0, 1, 2, 3, 4, 5, 6]
1013001#[0, 2, 6]
300300#[0, 1, 2, 3, 4, 5, 6]
40200#[0, 1, 3, 4, 5, 6]
2121000#[0, 1, 2, 3]
32010#[0, 1, 2, 3, 4, 5, 6]
202002#[0, 1, 2, 3, 4, 5, 6]
1302#[0, 1, 2, 3, 4, 5, 6]
202011#[1, 3, 5, 6]
210201#[1, 2, 4, 6]
2000130#[0, 1, 2, 3, 4, 5, 6]
1013010#[0, 2, 5]
1021200#[0, 2, 3, 4]
1311#[3, 5, 6]
3102000#[0, 1, 2, 3, 4, 5, 6]
210210#[1, 2, 4, 5]
1310001#[0, 2, 6]
202020#[0, 1, 2, 3, 4, 5, 6]
120102#[1, 2, 4, 6]
1320#[0, 1, 2, 3, 4, 5, 6]
1310010#[0, 2, 5]
30000#[0, 1, 2, 3, 4, 5, 6]
1140000#[0, 1]
1400100#[0, 4]
30003#[0, 1, 2, 3, 4, 5, 6]
1011003#[0, 2, 3]
1011000#[0, 2, 3]
120120#[1, 2, 4, 5]
30012#[0, 1, 2, 3, 4, 5, 6]
200001#[0, 1, 2, 3, 4, 5, 6]
2000220#[0, 1, 2, 3, 4, 5, 6]
3100011#[1, 5, 6]
30021#[0, 1, 2, 3, 4, 5, 6]
200004#[0, 1, 2, 3, 4, 5]
200010#[0, 1, 2, 3, 4, 5, 6]
3100002#[0, 1, 2, 3, 4, 5, 6]
2000211#[0, 4, 5, 6]
30030#[0, 1, 2, 3, 4, 5, 6]
200013#[0, 1, 2, 3, 4, 5, 6]
114000#[1, 2]
2000202#[0, 1, 2, 3, 4, 5, 6]
200022#[0, 1, 2, 3, 4, 5, 6]
1011030#[0, 2, 3]
3100020#[0, 1, 2, 3, 4, 5, 6]
200031#[0, 1, 2, 3, 4, 5, 6]
1013100#[0, 2, 4]
32100#[0, 1, 2, 3, 4, 5, 6]
3020100#[0, 1, 2, 3, 4, 5, 6]
200040#[0, 1, 2, 3, 4, 6]
4001100#[3, 4]
202101#[1, 3, 4, 6]
1401#[3, 6]
202110#[1, 3, 4, 5]
411000#[2, 3]
210300#[0, 1, 2, 3, 4, 5, 6]
1410#[3, 5]
112002#[1, 2, 3, 6]
2031000#[0, 1, 2, 3, 4, 5, 6]
1310100#[0, 2, 4]
2201001#[0, 1, 3, 6]
120201#[1, 2, 4, 6]
3012000#[0, 1, 2, 3, 4, 5, 6]
2201010#[0, 1, 3, 5]
120210#[1, 2, 4, 5]
112020#[1, 2, 3, 5]
30102#[0, 1, 2, 3, 4, 5, 6]
30111#[4, 5, 6]
200103#[0, 1, 2, 3, 4, 5, 6]
200100#[0, 1, 2, 3, 4, 5, 6]
2000310#[0, 1, 2, 3, 4, 5, 6]
30120#[0, 1, 2, 3, 4, 5, 6]
110001#[1, 2, 6]
2000301#[0, 1, 2, 3, 4, 5, 6]
200112#[1, 4, 5, 6]
1220001#[0, 1, 2, 6]
110004#[1, 2]
1220010#[0, 1, 2, 5]
200121#[1, 4, 5, 6]
110010#[1, 2, 5]
110013#[1, 2, 5]
24000#[0, 1, 2, 4, 5, 6]
200130#[0, 1, 2, 3, 4, 5, 6]
110022#[1, 2, 5, 6]
3010020#[0, 1, 2, 3, 4, 5, 6]
110031#[1, 2, 6]
110040#[1, 2]
202200#[0, 1, 2, 3, 4, 5, 6]
3100110#[1, 4, 5]
1302000#[0, 1, 2, 3, 4, 5, 6]
1101300#[0, 1, 3]
3100101#[1, 4, 6]
321000#[0, 1, 2, 3, 4, 5, 6]
120300#[0, 1, 2, 3, 4, 5, 6]
22002#[0, 1, 2, 3, 4, 5, 6]
1003002#[0, 1, 2, 3, 4, 5, 6]
3010011#[2, 5, 6]
30201#[0, 1, 2, 3, 4, 5, 6]
22011#[2, 3, 5, 6]
3010002#[0, 1, 2, 3, 4, 5, 6]
1130001#[0, 1, 6]
4200000#[1, 2, 3, 4, 5, 6]
30210#[0, 1, 2, 3, 4, 5, 6]
1003020#[0, 1, 2, 3, 4, 5, 6]
22020#[0, 1, 2, 3, 4, 5, 6]
3100200#[0, 1, 2, 3, 4, 5, 6]
200202#[0, 1, 2, 3, 4, 5, 6]
1130010#[0, 1, 5]
1003011#[0, 5, 6]
2000400#[0, 1, 2, 3, 5, 6]
200211#[1, 4, 5, 6]
3010110#[2, 4, 5]
110100#[1, 2, 4]
1220100#[0, 1, 2, 4]
110103#[1, 2, 4]
3010101#[2, 4, 6]
200220#[0, 1, 2, 3, 4, 5, 6]
20001#[0, 1, 2, 3, 4, 5, 6]
1001004#[0, 3]
20004#[0, 1, 2, 3, 4, 5]
1001001#[0, 3, 6]
1300020#[0, 1, 2, 3, 4, 5, 6]
20010#[0, 1, 2, 3, 4, 5, 6]
20013#[0, 1, 2, 3, 4, 5, 6]
2201100#[0, 1, 3, 4]
1300002#[0, 1, 2, 3, 4, 5, 6]
1001022#[0, 3, 5, 6]
110130#[1, 2, 4]
20022#[0, 1, 2, 3, 4, 5, 6]
1300011#[0, 5, 6]
1001013#[0, 3, 5]
1001010#[0, 3, 5]
20031#[0, 1, 2, 3, 4, 5, 6]
104001#[1, 6]
20040#[0, 1, 2, 3, 4, 6]
1001031#[0, 3, 6]
112200#[1, 2, 3, 4]
104010#[1, 5]
1003101#[0, 4, 6]
22101#[2, 3, 4, 6]
231000#[0, 1, 2, 3, 4, 5, 6]
30300#[0, 1, 2, 3, 4, 5, 6]
22110#[2, 3, 4, 5]
1001040#[0, 3]
1130100#[0, 1, 4]
1003110#[0, 4, 5]
1011300#[0, 2, 3]
200301#[0, 1, 2, 3, 4, 5, 6]
401001#[3, 6]
102000#[0, 1, 2, 3, 4, 5, 6]
1212000#[0, 1, 2, 3]
102003#[0, 1, 2, 3, 4, 5, 6]
401010#[3, 5]
200310#[0, 1, 2, 3, 4, 5, 6]
110202#[1, 2, 4, 6]
102012#[1, 3, 5, 6]
1001103#[0, 3, 4]
1210002#[0, 1, 2, 6]
1001100#[0, 3, 4]
20100#[0, 1, 2, 3, 4, 5, 6]
102021#[1, 3, 5, 6]
1040010#[0, 5]
20103#[0, 1, 2, 3, 4, 5, 6]
2021010#[0, 2, 3, 5]
110220#[1, 2, 4, 5]
1040001#[0, 6]
4110000#[1, 2]
102030#[0, 1, 2, 3, 4, 5, 6]
20112#[2, 4, 5, 6]
1300101#[0, 4, 6]
2021001#[0, 2, 3, 6]
20121#[2, 4, 5, 6]
1300110#[0, 4, 5]
20130#[0, 1, 2, 3, 4, 5, 6]
100002#[0, 1, 2, 3, 4, 5, 6]
1001130#[0, 3, 4]
104100#[1, 4]
100011#[1, 5, 6]
100014#[1, 5]
14001#[2, 6]
100020#[0, 1, 2, 3, 4, 5, 6]
3010200#[0, 1, 2, 3, 4, 5, 6]
1210020#[0, 1, 2, 5]
100023#[0, 1, 2, 3, 4, 5, 6]
3002010#[0, 1, 2, 3, 4, 5, 6]
22200#[0, 1, 2, 3, 4, 5, 6]
14010#[2, 5]
3002001#[0, 1, 2, 3, 4, 5, 6]
100032#[0, 1, 2, 3, 4, 5, 6]
1122000#[0, 1, 2, 3]
100041#[1, 6]
401100#[3, 4]
141000#[1, 3]
1003200#[0, 1, 2, 3, 4, 5, 6]
200400#[0, 1, 2, 3, 5, 6]
102102#[1, 3, 4, 6]
3002100#[0, 1, 2, 3, 4, 5, 6]
110301#[1, 2, 6]
311001#[2, 3, 6]
12000#[0, 1, 2, 3, 4, 5, 6]
3000012#[0, 1, 2, 3, 4, 5, 6]
12003#[0, 1, 2, 3, 4, 5, 6]
311010#[2, 3, 5]
110310#[1, 2, 5]
102120#[1, 3, 4, 5]
20202#[0, 1, 2, 3, 4, 5, 6]
1040100#[0, 4]
12012#[2, 3, 5, 6]
3000000#[0, 1, 2, 3, 4, 5, 6]
3000003#[0, 1, 2, 3, 4, 5, 6]
2021100#[0, 2, 3, 4]
3000030#[0, 1, 2, 3, 4, 5, 6]
20211#[2, 4, 5, 6]
12021#[2, 3, 5, 6]
3000021#[0, 1, 2, 3, 4, 5, 6]
2103000#[0, 1, 2, 3, 4, 5, 6]
1300200#[0, 1, 2, 3, 4, 5, 6]
20220#[0, 1, 2, 3, 4, 5, 6]
1001202#[0, 3, 4, 6]
12030#[0, 1, 2, 3, 4, 5, 6]
3000111#[4, 5, 6]
100101#[1, 4, 6]
1120020#[0, 1, 2, 5]
100104#[1, 4]
1001220#[0, 3, 4, 5]
3000102#[0, 1, 2, 3, 4, 5, 6]
100110#[1, 4, 5]
100113#[1, 4, 5]
10002#[0, 1, 2, 3, 4, 5, 6]
1120002#[0, 1, 2, 6]
14100#[2, 4]
3000120#[0, 1, 2, 3, 4, 5, 6]
100122#[1, 4, 5, 6]
10011#[2, 5, 6]
4020000#[1, 2, 3, 4, 5, 6]
10014#[2, 5]
100131#[1, 4, 6]
10020#[0, 1, 2, 3, 4, 5, 6]
2400000#[0, 2, 3, 4, 5, 6]
10023#[0, 1, 2, 3, 4, 5, 6]
2101002#[0, 1, 3, 6]
100140#[1, 4]
10032#[0, 1, 2, 3, 4, 5, 6]
311100#[2, 3, 4]
102201#[1, 3, 4, 6]
10041#[2, 6]
2101020#[0, 1, 3, 5]
110400#[1, 2]
1202001#[0, 1, 3, 6]
102210#[1, 3, 4, 5]
12102#[2, 3, 4, 6]
1202010#[0, 1, 3, 5]
1210200#[0, 1, 2, 4]
221001#[1, 2, 3, 6]
20301#[0, 1, 2, 3, 4, 5, 6]
1032000#[0, 1, 2, 3, 4, 5, 6]
1001310#[0, 3, 5]
221010#[1, 2, 3, 5]
2310000#[0, 1, 2, 3, 4, 5, 6]
20310#[0, 1, 2, 3, 4, 5, 6]
2013000#[0, 1, 2, 3, 4, 5, 6]
12120#[2, 3, 4, 5]
1001301#[0, 3, 6]
2011002#[0, 2, 3, 6]
100200#[0, 1, 2, 3, 4, 5, 6]
100203#[0, 1, 2, 3, 4, 5, 6]
1030011#[0, 5, 6]
100212#[1, 4, 5, 6]
10101#[2, 4, 6]
10104#[2, 4]
100221#[1, 4, 5, 6]
1030002#[0, 1, 2, 3, 4, 5, 6]
10110#[2, 4, 5]
10113#[2, 4, 5]
100230#[0, 1, 2, 3, 4, 5, 6]
1200021#[0, 1, 5, 6]
10122#[2, 4, 5, 6]
1030020#[0, 1, 2, 3, 4, 5, 6]
1200030#[0, 1, 2, 3, 4, 5, 6]
1200003#[0, 1, 2, 3, 4, 5, 6]
1200000#[0, 1, 2, 3, 4, 5, 6]
2011020#[0, 2, 3, 5]
10131#[2, 4, 6]
4100010#[1, 5]
10140#[2, 4]
303000#[0, 1, 2, 3, 4, 5, 6]
102300#[0, 1, 2, 3, 4, 5, 6]
1200012#[0, 1, 5, 6]
4100001#[1, 6]
4002#[0, 1, 2, 4, 5, 6]
3000201#[0, 1, 2, 3, 4, 5, 6]
1202100#[0, 1, 3, 4]
12201#[2, 3, 4, 6]
4011#[5, 6]
221100#[1, 2, 3, 4]
20400#[0, 1, 2, 3, 5, 6]
12210#[2, 3, 4, 5]
4020#[0, 1, 2, 4, 5, 6]
1001400#[0, 3]
131001#[1, 3, 6]
3000210#[0, 1, 2, 3, 4, 5, 6]
2220000#[0, 1, 2, 3, 4, 5, 6]
3000300#[0, 1, 2, 3, 4, 5, 6]
131010#[1, 3, 5]
301002#[0, 1, 2, 3, 4, 5, 6]
100302#[0, 1, 2, 3, 4, 5, 6]
2001#[0, 1, 2, 3, 4, 5, 6]
1030110#[0, 4, 5]
2004#[0, 1, 2, 3, 4, 5]
100311#[1, 5, 6]
301011#[3, 5, 6]
10200#[0, 1, 2, 3, 4, 5, 6]
301020#[0, 1, 2, 3, 4, 5, 6]
3201000#[0, 1, 2, 3, 4, 5, 6]
1120200#[0, 1, 2, 4]
1030101#[0, 4, 6]
2010#[0, 1, 2, 3, 4, 5, 6]
10203#[0, 1, 2, 3, 4, 5, 6]
2013#[0, 1, 2, 3, 4, 5, 6]
1110000#[0, 1, 2]
100320#[0, 1, 2, 3, 4, 5, 6]
1110003#[0, 1, 2]
10212#[2, 4, 5, 6]
2022#[0, 1, 2, 3, 4, 5, 6]
1200120#[0, 1, 4, 5]
10221#[2, 4, 5, 6]
2031#[0, 1, 2, 3, 4, 5, 6]
2101200#[0, 1, 3, 4]
1200102#[0, 1, 4, 6]
10230#[0, 1, 2, 3, 4, 5, 6]
2040#[0, 1, 2, 3, 4, 6]
